4 1 83971 0 1788888271 173715 24228
5 1 74316 0 1788888271 174520 34863
6 1 74054 0 1788888271 174804 56269
4 2 107122 0 1788888271 230498 71069
5 2 103393 0 1788888271 230833 83231
7 1 130715 0 1788888271 232713 71587
4 3 159419 0 1788888271 319501 101798
5 3 155634 0 1788888271 319609 123313
6 2 164758 0 1788888271 319750 75317
4 4 202965 0 1788888271 379898 161498
5 4 197452 0 1788888271 380014 175210
7 2 213706 0 1788888271 380106 152983
4 5 240875 0 1788888271 435602 205617
5 5 221978 0 1788888271 435710 202998
6 3 245638 0 1788888271 436886 188469
4 6 256014 0 1788888271 496678 215073
5 6 236129 0 1788888271 496795 214601
7 3 258229 0 1788888271 496860 196843
4 7 267375 0 1788888271 569724 221664
5 7 247205 0 1788888271 569819 225864
6 4 282700 0 1788888271 570047 209159
4 8 291630 0 1788888271 642877 246428
5 8 226662 0 1788888271 643014 203026
7 4 293315 0 1788888271 643110 219773
4 9 285266 0 1788888271 712449 239972
5 9 281188 0 1788888271 712620 253434
6 5 287822 0 1788888271 712887 217557
4 10 335193 0 1788888271 801547 283302
5 10 312220 0 1788888271 802815 289018
7 5 348184 0 1788888271 803016 257291
4 11 346978 0 1788888271 883522 290244
5 11 325352 0 1788888271 883612 296922
6 6 358181 0 1788888271 883742 275843
4 12 334992 0 1788888271 956182 291454
5 12 240798 0 1788888271 956358 217766
7 6 342916 0 1788888271 956471 269816
4 13 283785 0 1788888272 18985 244091
5 13 246506 0 1788888272 19099 226618
6 7 296698 0 1788888272 19161 233541
4 14 301504 0 1788888272 80600 261712
5 14 298762 0 1788888272 80757 280351
7 7 307008 0 1788888272 81434 244428
4 15 376679 0 1788888272 167206 307141
5 15 370766 0 1788888272 167402 334378
6 8 379644 0 1788888272 167591 292444
4 16 419479 0 1788888272 277025 347640
5 16 396890 0 1788888272 281389 356498
7 8 463807 0 1788888272 281696 347486
7 9 435704 0 1788888272 409341 433087
4 17 531646 0 1788888272 450092 397651
5 17 514181 0 1788888272 450647 424076
6 9 544218 0 1788888272 450878 370105
4 18 516076 0 1788888272 548800 448432
5 18 491911 0 1788888272 548936 460252
7 10 571358 0 1788888272 549336 471990
4 19 533602 0 1788888272 641392 465097
5 19 528263 0 1788888272 641651 490317
6 10 536140 0 1788888272 641843 442949
4 20 568154 0 1788888272 735006 507207
5 20 552545 0 1788888272 735100 521385
7 11 599679 0 1788888272 735360 505350
4 21 602826 0 1788888272 830991 545453
5 21 586509 0 1788888272 831119 563750
6 11 618161 0 1788888272 831189 521601
4 22 674821 0 1788888272 940876 602980
5 22 667128 0 1788888272 941574 628264
7 12 684774 0 1788888272 941902 573771
4 23 771995 0 1788888273 102384 686132
5 23 765155 0 1788888273 102482 717800
6 12 776722 0 1788888273 102548 614462
4 24 861282 0 1788888273 256672 756227
5 24 850477 0 1788888273 256844 800203
7 13 906811 0 1788888273 257024 752032
4 25 983689 0 1788888273 403958 874003
5 25 982180 0 1788888273 404089 917485
6 13 996184 0 1788888273 404183 848449
4 26 1107340 0 1788888273 590554 1004259
5 26 1106695 0 1788888273 590853 1046598
7 14 1136623 0 1788888273 591144 949231
4 27 1168886 0 1788888273 723320 1088911
5 27 1171652 0 1788888273 728475 1128910
6 14 1200386 0 1788888273 733141 1054581
6 15 1202899 0 1788888273 851565 1199114
4 28 1310420 0 1788888273 890684 1184730
5 28 1246881 0 1788888273 890852 1157632
7 15 1326564 0 1788888273 890913 1157873
4 29 1341476 0 1788888274 7646 1263799
5 29 1340906 0 1788888274 7777 1303956
6 16 1348762 0 1788888274 8002 1231258
4 30 1458647 0 1788888274 168061 1345866
5 30 1449601 0 1788888274 168160 1403403
7 16 1477665 0 1788888274 168243 1316793
7 17 1500994 0 1788888274 272667 1498527
4 31 1591718 0 1788888274 316231 1480544
5 31 1564107 0 1788888274 318436 1480531
6 17 1594321 0 1788888274 318764 1443459
4 32 1630687 0 1788888274 424491 1558053
5 32 1619965 0 1788888274 424623 1580687
7 18 1630945 0 1788888274 424706 1522275
4 33 1726550 0 1788888274 547201 1638297
5 33 1717782 0 1788888274 549089 1663332
6 18 1738785 0 1788888274 549224 1613912
4 34 1759884 0 1788888274 662861 1688551
5 34 1759881 0 1788888274 663005 1726177
7 19 1770872 0 1788888274 663091 1654490
4 35 1841152 0 1788888274 779818 1759393
5 35 1822337 0 1788888274 783775 1769996
6 19 1864431 0 1788888274 783916 1743145
4 36 1940569 0 1788888274 912842 1849635
5 36 1930878 0 1788888274 914322 1874141
7 20 1948281 0 1788888274 914628 1813263
4 37 2026234 0 1788888275 40760 1948594
5 37 2019955 0 1788888275 40981 1984697
6 20 2051159 0 1788888275 41309 1920540
4 38 2123903 0 1788888275 153983 2044344
5 38 2103399 0 1788888275 154460 2070174
7 21 2136170 0 1788888275 158399 2017688
4 39 2196048 0 1788888275 287034 2108935
5 39 2188742 0 1788888275 289435 2135751
6 21 2203620 0 1788888275 289555 2067941
4 40 2273107 0 1788888275 395358 2202142
5 40 2241189 0 1788888275 395535 2198185
7 22 2288529 0 1788888275 395886 2179418
4 41 2312532 0 1788888275 505773 2247821
5 41 2308648 0 1788888275 505885 2274438
6 22 2342284 0 1788888275 506016 2231385
4 42 2369223 0 1788888275 598827 2311384
5 42 2364666 0 1788888275 600224 2334122
7 23 2373475 0 1788888275 601025 2278060
4 43 2452997 0 1788888275 710058 2376621
5 43 2430744 0 1788888275 710338 2392866
6 23 2458715 0 1788888275 711054 2345383
4 44 2463527 0 1788888275 803100 2408432
5 44 2453407 0 1788888275 803261 2423119
7 24 2473176 0 1788888275 803573 2379462
4 45 2484104 0 1788888275 897287 2426376
5 45 2442095 0 1788888275 897380 2412940
6 24 2534006 0 1788888275 897482 2439257
4 46 2442095 0 1788888275 978860 2397637
5 46 2415855 0 1788888275 978968 2392890
7 25 2456938 0 1788888275 979067 2375001
4 47 2430810 0 1788888276 55700 2380815
5 47 2421166 0 1788888276 55958 2397054
6 25 2439708 0 1788888276 56954 2361355
4 48 2447988 0 1788888276 134228 2396657
5 48 2444050 0 1788888276 134433 2416787
7 26 2472013 0 1788888276 135001 2392556
4 49 2455478 0 1788888276 217375 2403963
5 49 2413983 0 1788888276 217548 2388671
6 26 2502227 0 1788888276 217639 2418518
4 50 2434671 0 1788888276 285942 2388846
5 50 2434167 0 1788888276 286164 2409602
7 27 2465400 0 1788888276 286474 2396083
4 51 2499401 0 1788888276 355729 2453905
5 51 2470797 0 1788888276 356091 2449233
6 27 2500612 0 1788888276 356730 2429620
4 52 2519220 0 1788888276 426094 2472728
5 52 2467913 0 1788888276 426374 2442032
7 28 2523666 0 1788888276 426660 2452535
4 53 2474200 0 1788888276 497971 2427012
5 53 2462203 0 1788888276 498232 2437256
6 28 2539659 0 1788888276 498381 2467196
4 54 2504996 0 1788888276 575512 2452246
5 54 2497090 0 1788888276 575773 2468007
7 29 2522814 0 1788888276 575921 2444644
4 55 2558937 0 1788888276 647585 2512284
5 55 2558699 0 1788888276 647807 2535417
6 29 2560420 0 1788888276 647906 2487869
4 56 2551406 0 1788888276 717449 2504432
5 56 2544042 0 1788888276 718035 2518544
7 30 2598961 0 1788888276 718276 2528076
4 57 2603047 0 1788888276 785485 2560080
5 57 2595683 0 1788888276 785688 2572049
6 30 2611587 0 1788888276 786469 2542066
4 58 2537338 0 1788888276 855629 2491037
5 58 2490915 0 1788888276 855802 2469095
7 31 2605229 0 1788888276 856060 2534495
4 59 2529415 0 1788888276 922999 2485006
5 59 2513083 0 1788888276 923167 2489286
6 31 2537423 0 1788888276 923305 2469589
4 60 2543375 0 1788888276 999612 2494597
5 60 2458605 0 1788888277 527 2433341
7 32 2566460 0 1788888277 678 2488632
4 61 2509527 0 1788888277 114477 2444812
5 61 2487134 0 1788888277 114679 2458673
6 32 2511921 0 1788888277 114774 2396464
4 62 2618779 0 1788888277 254378 2543321
5 62 2588117 0 1788888277 254871 2551122
7 33 2626661 0 1788888277 255060 2485859
4 63 2671154 0 1788888277 383298 2584087
5 63 2653189 0 1788888277 383504 2605424
6 33 2703765 0 1788888277 383598 2573752
4 64 2722077 0 1788888277 496529 2651632
5 64 2689841 0 1788888277 497226 2653652
7 34 2724526 0 1788888277 497404 2610183
4 65 2795959 0 1788888277 615846 2709668
5 65 2781378 0 1788888277 616187 2728900
6 34 2807567 0 1788888277 616394 2687351
4 66 2894188 0 1788888277 743946 2803478
5 66 2893454 0 1788888277 744078 2851835
7 35 2905779 0 1788888277 744221 2777025
4 67 2982219 0 1788888277 905448 2899252
5 67 2969522 0 1788888277 905680 2933768
6 35 3029984 0 1788888277 905853 2867798
4 68 2997103 0 1788888277 988905 2940457
5 68 2996815 0 1788888277 989184 2967263
7 36 3015983 0 1788888277 989772 2931463
4 69 3040042 0 1788888278 70883 2989650
5 69 3039555 0 1788888278 70997 3011610
6 36 3067510 0 1788888278 71083 2985146
4 70 3085933 0 1788888278 144624 3039069
5 70 3054430 0 1788888278 144759 3033348
7 37 3107294 0 1788888278 144846 3033145
4 71 3078334 0 1788888278 214029 3032764
5 71 3043719 0 1788888278 214268 3021440
6 37 3090466 0 1788888278 214419 3020516
4 72 3107003 0 1788888278 297213 3051299
5 72 3088980 0 1788888278 297670 3060287
7 38 3127955 0 1788888278 301111 3040714
4 73 3120612 0 1788888278 374674 3071625
5 73 3082509 0 1788888278 374829 3058632
6 38 3128563 0 1788888278 376530 3049075
4 74 3127591 0 1788888278 447733 3077653
5 74 3090019 0 1788888278 447849 3064785
7 39 3137416 0 1788888278 447938 3063920
4 75 3129706 0 1788888278 525764 3077831
5 75 3095920 0 1788888278 525918 3073538
6 39 3143030 0 1788888278 526039 3064488
4 76 3076859 0 1788888278 593484 3031037
5 76 3076238 0 1788888278 593633 3053806
7 40 3111314 0 1788888278 593755 3043175
4 77 3129170 0 1788888278 672916 3074746
5 77 3126462 0 1788888278 673168 3097433
6 40 3147875 0 1788888278 673249 3067957
4 78 3089349 0 1788888278 750759 3036003
5 78 3030771 0 1788888278 750893 3003981
7 41 3128761 0 1788888278 750980 3050562
4 79 3082812 0 1788888278 841657 3031807
5 79 3058949 0 1788888278 841788 3031566
6 41 3086658 0 1788888278 841953 2995213
4 80 3128584 0 1788888278 929989 3070719
5 80 3082840 0 1788888278 930236 3051212
7 42 3133720 0 1788888278 930339 3044861
4 81 3137831 0 1788888279 12417 3082079
5 81 3111666 0 1788888279 12601 3079507
6 42 3141600 0 1788888279 12981 3058440
4 82 3099121 0 1788888279 95001 3046431
5 82 3083926 0 1788888279 95106 3058159
7 43 3144398 0 1788888279 95244 3061397
4 83 3137046 0 1788888279 180545 3085761
5 83 3119483 0 1788888279 180684 3097352
6 43 3142933 0 1788888279 180817 3056994
4 84 3130940 0 1788888279 255633 3082586
5 84 3123194 0 1788888279 255763 3099179
7 44 3140006 0 1788888279 255896 3064472
4 85 3168230 0 1788888279 318632 3126977
5 85 3138381 0 1788888279 319423 3116174
6 44 3175028 0 1788888279 319591 3110924
4 86 3145306 0 1788888279 389002 3102923
5 86 3134295 0 1788888279 389149 3111526
7 45 3200675 0 1788888279 389275 3129829
4 87 3108269 0 1788888279 456115 3065656
5 87 3082719 0 1788888279 456263 3060513
6 45 3111901 0 1788888279 456390 3044362
4 88 3071237 0 1788888279 523766 3024484
5 88 3045769 0 1788888279 524023 3022455
7 46 3077566 0 1788888279 524247 3009223
4 89 3112698 0 1788888279 595490 3063289
5 89 3110754 0 1788888279 596118 3088212
6 46 3117750 0 1788888279 596308 3045043
4 90 3150790 0 1788888279 659577 3109413
5 90 3126545 0 1788888279 659652 3106694
7 47 3172696 0 1788888279 659731 3108310
4 91 3136900 0 1788888279 732802 3086149
5 91 3112629 0 1788888279 732960 3088958
6 47 3143494 0 1788888279 733093 3069841
4 92 3123547 0 1788888279 808251 3076292
5 92 3094171 0 1788888279 808398 3072771
7 48 3177616 0 1788888279 808486 3101711
4 93 3057478 0 1788888279 879709 3009082
5 93 3049322 0 1788888279 879869 3028863
6 48 3118992 0 1788888279 880599 3046479
4 94 3096132 0 1788888279 947642 3050510
5 94 3074149 0 1788888279 947790 3050877
7 49 3109401 0 1788888279 947907 3041023
4 95 3132556 0 1788888280 21120 3082853
5 95 3125894 0 1788888280 21270 3099509
6 49 3147406 0 1788888280 21523 3073364
4 96 3145039 0 1788888280 82066 3104685
5 96 3129685 0 1788888280 82257 3109103
7 50 3146502 0 1788888280 82387 3085072
4 97 3160166 0 1788888280 146956 3117220
5 97 3151400 0 1788888280 147079 3129793
6 50 3183978 0 1788888280 147225 3118609
4 98 3199437 0 1788888280 220601 3153855
5 98 3194991 0 1788888280 221041 3172198
7 51 3203677 0 1788888280 221386 3129105
4 99 3248143 0 1788888280 291158 3200729
5 99 3228400 0 1788888280 291320 3205405
6 51 3260289 0 1788888280 291415 3188744
4 100 3267984 0 1788888280 363398 3219314
5 100 3258286 0 1788888280 363499 3235934
7 52 3273648 0 1788888280 363802 3200849
4 101 3307154 0 1788888280 456422 3251714
5 101 3298061 0 1788888280 456534 3271597
6 52 3309878 0 1788888280 456834 3216259
4 102 3339381 0 1788888280 551212 3280328
5 102 3329030 0 1788888280 552104 3302349
7 53 3374522 0 1788888280 552621 3278138
4 103 3362651 0 1788888280 634365 3310374
5 103 3359659 0 1788888280 634533 3333956
6 53 3364461 0 1788888280 634673 3280669
4 104 3353438 0 1788888280 736625 3281301
5 104 3346170 0 1788888280 736865 3318684
7 54 3420340 0 1788888280 736983 3317378
4 105 3440387 0 1788888280 845159 3370314
5 105 3421305 0 1788888280 845313 3391434
6 54 3442813 0 1788888280 845748 3333528
4 106 3516527 0 1788888280 946667 3451340
5 106 3508323 0 1788888280 946777 3479904
7 55 3520250 0 1788888280 946866 3418348
4 107 3579206 0 1788888281 47014 3518243
5 107 3576317 0 1788888281 47382 3546904
6 55 3595730 0 1788888281 47491 3494661
4 108 3595514 0 1788888281 129133 3537592
5 108 3543914 0 1788888281 129327 3516455
7 56 3596309 0 1788888281 129407 3513754
4 109 3555794 0 1788888281 207402 3503410
5 109 3511997 0 1788888281 207583 3486498
6 56 3595552 0 1788888281 207891 3516633
4 110 3585356 0 1788888281 290461 3528720
5 110 3567852 0 1788888281 291685 3538348
7 57 3587657 0 1788888281 291791 3503093
4 111 3640766 0 1788888281 388193 3581332
5 111 3631169 0 1788888281 388399 3599512
6 57 3654529 0 1788888281 388611 3555924
4 112 3692107 0 1788888281 468745 3642191
5 112 3681381 0 1788888281 468944 3658078
7 58 3704951 0 1788888281 469260 3623532
4 113 3705505 0 1788888281 545907 3653540
5 113 3698695 0 1788888281 546065 3673006
6 58 3735766 0 1788888281 546343 3657940
4 114 3715361 0 1788888281 624445 3665302
5 114 3685413 0 1788888281 625059 3658068
7 59 3743091 0 1788888281 625181 3663660
4 115 3745817 0 1788888281 700674 3696925
5 115 3715595 0 1788888281 700880 3690474
6 59 3748360 0 1788888281 700982 3671661
4 116 3714701 0 1788888281 784878 3660842
5 116 3694486 0 1788888281 785059 3671187
7 60 3782538 0 1788888281 785137 3697917
4 117 3763521 0 1788888281 882242 3693348
5 117 3684317 0 1788888281 882433 3646929
6 60 3772733 0 1788888281 882649 3674809
4 118 3753504 0 1788888281 964293 3703708
5 118 3734329 0 1788888281 966381 3706390
7 61 3759065 0 1788888281 966471 3674605
4 119 3804765 0 1788888282 47792 3753801
5 119 3803291 0 1788888282 47981 3776506
6 61 3815211 0 1788888282 48115 3731239
4 120 3866928 0 1788888282 137062 3803182
5 120 3859782 0 1788888282 137280 3830090
7 62 3871836 0 1788888282 137427 3782062
4 121 3929422 0 1788888282 229325 3875884
5 121 3920319 0 1788888282 229514 3890726
6 62 3930010 0 1788888282 229603 3837042
4 122 3950351 0 1788888282 308289 3897387
5 122 3946028 0 1788888282 308425 3917940
7 63 3976100 0 1788888282 309243 3895985
4 123 3998376 0 1788888282 447867 3894032
5 123 3992283 0 1788888282 448017 3925961
6 63 4046469 0 1788888282 451757 3902817
4 124 4087704 0 1788888282 573113 4006963
5 124 4054966 0 1788888282 574488 4021220
7 64 4104833 0 1788888282 574906 3976961
4 125 4082096 0 1788888282 666263 4014817
5 125 4082237 0 1788888282 666444 4051485
6 64 4107094 0 1788888282 669963 4010084
4 126 4113968 0 1788888282 781946 4028576
5 126 4095046 0 1788888282 782167 4045754
7 65 4122239 0 1788888282 782798 4005503
4 127 4192196 0 1788888282 894096 4130474
5 127 4184076 0 1788888282 894233 4153553
6 65 4198274 0 1788888282 894537 4083922
4 128 4270388 0 1788888283 9718 4192438
5 128 4245910 0 1788888283 9896 4213578
7 66 4276742 0 1788888283 9974 4160666
4 129 4310934 0 1788888283 104275 4254756
5 129 4303273 0 1788888283 104507 4275480
6 66 4312616 0 1788888283 104609 4217530
4 130 4356543 0 1788888283 197419 4293440
5 130 4343686 0 1788888283 197609 4310042
7 67 4379376 0 1788888283 198310 4285165
4 131 4415835 0 1788888283 301927 4350374
5 131 4401445 0 1788888283 302089 4366989
6 67 4417990 0 1788888283 302259 4312727
4 132 4488384 0 1788888283 410870 4412301
5 132 4488379 0 1788888283 410980 4448775
7 68 4499891 0 1788888283 411068 4390500
4 133 4601398 0 1788888283 537227 4520290
5 133 4569302 0 1788888283 537531 4541856
6 68 4611890 0 1788888283 537756 4484865
6 69 4563705 0 1788888283 640827 4558783
4 134 4642714 0 1788888283 686608 4524225
5 134 4626414 0 1788888283 686794 4539437
7 69 4663390 0 1788888283 687413 4513040
4 135 4653069 0 1788888283 808340 4577883
5 135 4649548 0 1788888283 808510 4612988
6 70 4696679 0 1788888283 808655 4574492
4 136 4735197 0 1788888283 912327 4663383
5 136 4698006 0 1788888283 912634 4664958
7 70 4740637 0 1788888283 912729 4636022
4 137 4756154 0 1788888284 21941 4679487
5 137 4730928 0 1788888284 22177 4699627
6 71 4766754 0 1788888284 22383 4656512
4 138 4804466 0 1788888284 121385 4739162
5 138 4799916 0 1788888284 121649 4766019
7 71 4810776 0 1788888284 127235 4705308
4 139 4882519 0 1788888284 238011 4810465
5 139 4855342 0 1788888284 238168 4815607
6 72 4906819 0 1788888284 238395 4789272
4 140 4940572 0 1788888284 342992 4874490
5 140 4907939 0 1788888284 343213 4875099
7 72 4958222 0 1788888284 343313 4852674
4 141 4954246 0 1788888284 425989 4901903
5 141 4934065 0 1788888284 427446 4907382
6 73 4961414 0 1788888284 427996 4876221
4 142 5037472 0 1788888284 538367 4964759
5 142 5027120 0 1788888284 538565 4986554
7 73 5045007 0 1788888284 539190 4930962
4 143 5080596 0 1788888284 663741 5020046
5 143 5078783 0 1788888284 664121 5048960
6 74 5128928 0 1788888284 664702 5002272
4 144 5060206 0 1788888284 752511 5003663
5 144 5055554 0 1788888284 752735 5027611
7 74 5106466 0 1788888284 753045 5016723
4 145 5095354 0 1788888284 830891 5043985
5 145 5093386 0 1788888284 831117 5066714
6 75 5125136 0 1788888284 831402 5046058
4 146 5156690 0 1788888284 916002 5100953
5 146 5132424 0 1788888284 916382 5101818
7 75 5167614 0 1788888284 917181 5081121
4 147 5209329 0 1788888285 14782 5147137
5 147 5209174 0 1788888285 15159 5176174
6 76 5228143 0 1788888285 15296 5128373
4 148 5315835 0 1788888285 134582 5238084
5 148 5314388 0 1788888285 134853 5276802
7 76 5318175 0 1788888285 135251 5197415
4 149 5408612 0 1788888285 246029 5340631
5 149 5383419 0 1788888285 246257 5344907
6 77 5417150 0 1788888285 246350 5305207
4 150 5464501 0 1788888285 361194 5385207
5 150 5420428 0 1788888285 361314 5378628
7 77 5496375 0 1788888285 361451 5380775
4 151 5478962 0 1788888285 479754 5397011
5 151 5473842 0 1788888285 480519 5436499
6 78 5482447 0 1788888285 480918 5362485
4 152 5563291 0 1788888285 612957 5476862
5 152 5524383 0 1788888285 613338 5474911
7 78 5607108 0 1788888285 618350 5468008
4 153 5647964 0 1788888285 752208 5552980
5 153 5575707 0 1788888285 752449 5525585
6 79 5652912 0 1788888285 752655 5512698
4 154 5671944 0 1788888285 897892 5571778
5 154 5670874 0 1788888285 898038 5623101
7 79 5699025 0 1788888285 898357 5552228
4 155 5782729 0 1788888286 53160 5685711
5 155 5773660 0 1788888286 53571 5734597
6 80 5793467 0 1788888286 53712 5637523
4 156 5882886 0 1788888286 191827 5783114
5 156 5882714 0 1788888286 192000 5828888
7 80 5905755 0 1788888286 192091 5766635
4 157 5996505 0 1788888286 325051 5926955
5 157 5986943 0 1788888286 325202 5951416
6 81 6013285 0 1788888286 325386 5879493
4 158 6100334 0 1788888286 478834 5993570
5 158 6100011 0 1788888286 479548 6052775
7 81 6130475 0 1788888286 480417 5974580
4 159 6202299 0 1788888286 584760 6134942
5 159 6196222 0 1788888286 585120 6162926
6 82 6205066 0 1788888286 585343 6095724
4 160 6250829 0 1788888286 684376 6182633
5 160 6247673 0 1788888286 684560 6214256
7 82 6251868 0 1788888286 685019 6151443
4 161 6338893 0 1788888286 790348 6271679
5 161 6322195 0 1788888286 790528 6288116
6 83 6353318 0 1788888286 790617 6246927
4 162 6329883 0 1788888286 898807 6256190
5 162 6278452 0 1788888286 898915 6238994
7 83 6395236 0 1788888286 901444 6283975
4 163 6361831 0 1788888286 996481 6298496
5 163 6361830 0 1788888286 997473 6326078
6 84 6363079 0 1788888286 997593 6264157
4 164 6398757 0 1788888287 99288 6326416
5 164 6268274 0 1788888287 99439 6234048
7 84 6466241 0 1788888287 102663 6359855
4 165 6361045 0 1788888287 200678 6294025
5 165 6328712 0 1788888287 201218 6285101
6 85 6367194 0 1788888287 206360 6259936
4 166 6448021 0 1788888287 353818 6346391
5 166 6435634 0 1788888287 353956 6384065
7 85 6462244 0 1788888287 354061 6308204
4 167 6552014 0 1788888287 480744 6462993
5 167 6529782 0 1788888287 482487 6476256
6 86 6562997 0 1788888287 482617 6433960
4 168 6654639 0 1788888287 620381 6558572
5 168 6652730 0 1788888287 621174 6604072
7 86 6665259 0 1788888287 621733 6524058
4 169 6691012 0 1788888287 716102 6630558
5 169 6680316 0 1788888287 716291 6649493
6 87 6712484 0 1788888287 716381 6616321
4 170 6737253 0 1788888287 800249 6681067
5 170 6701782 0 1788888287 800421 6673975
7 87 6746840 0 1788888287 800513 6662199
4 171 6758522 0 1788888287 895349 6687234
5 171 6742312 0 1788888287 896169 6711363
6 88 6764101 0 1788888287 896602 6667563
4 172 6851968 0 1788888288 44016 6753447
5 172 6850133 0 1788888288 46706 6793396
7 88 6861319 0 1788888288 47014 6707947
4 173 6935543 0 1788888288 162431 6866111
5 173 6932145 0 1788888288 162577 6901327
6 89 6940615 0 1788888288 162657 6821765
4 174 6982143 0 1788888288 274304 6925295
5 174 6951634 0 1788888288 274443 6918092
7 89 7012495 0 1788888288 274579 6900007
4 175 6919235 0 1788888288 383096 6846349
5 175 6918554 0 1788888288 383605 6872699
6 90 6968116 0 1788888288 384368 6857732
4 176 6957598 0 1788888288 465240 6901676
5 176 6940705 0 1788888288 465416 6913092
7 90 6979514 0 1788888288 465561 6892257
4 177 6943436 0 1788888288 538926 6893407
5 177 6879760 0 1788888288 539043 6851692
6 91 6975124 0 1788888288 539128 6901014
4 178 6904284 0 1788888288 622548 6853335
5 178 6902668 0 1788888288 622737 6878316
7 91 6932299 0 1788888288 622904 6848172
4 179 6947601 0 1788888288 686095 6904538
5 179 6937567 0 1788888288 686296 6916164
6 92 6950147 0 1788888288 686897 6885629
4 180 6974765 0 1788888288 751249 6932464
5 180 6961379 0 1788888288 751424 6940573
7 92 6987011 0 1788888288 751530 6921429
4 181 6989217 0 1788888288 816398 6943563
5 181 6974510 0 1788888288 816544 6952970
6 93 7018895 0 1788888288 816634 6953361
4 182 6982241 0 1788888288 875747 6942759
5 182 6968695 0 1788888288 875912 6947801
7 93 6984624 0 1788888288 876035 6924839
4 183 7003978 0 1788888288 936608 6963619
5 183 6971626 0 1788888288 936731 6951084
6 94 7011159 0 1788888288 937245 6949510
4 184 6987411 0 1788888288 993044 6949711
5 184 6958528 0 1788888288 993199 6938203
7 94 7022515 0 1788888288 993314 6965661
4 185 6980072 0 1788888289 56270 6937322
5 185 6974912 0 1788888289 56406 6953075
6 95 6997338 0 1788888289 56524 6933717
4 186 7008734 0 1788888289 121682 6967477
5 186 7005036 0 1788888289 121767 6985256
7 95 7009672 0 1788888289 122153 6943622
4 187 7059759 0 1788888289 190496 7015656
5 187 7013931 0 1788888289 190624 6992757
6 96 7066556 0 1788888289 190804 6997312
4 188 7054728 0 1788888289 256935 7016035
5 188 7054237 0 1788888289 257231 7034415
7 96 7076383 0 1788888289 257314 7009340
4 189 7108750 0 1788888289 327182 7066456
5 189 7093194 0 1788888289 327365 7071248
6 97 7115267 0 1788888289 327544 7044535
4 190 7004866 0 1788888289 396653 6961365
5 190 6998970 0 1788888289 397195 6974024
7 97 7113346 0 1788888289 397697 7042640
4 191 6927054 0 1788888289 456735 6889028
5 191 6926376 0 1788888289 456867 6907242
6 98 7031523 0 1788888289 456971 6970658
4 192 6959059 0 1788888289 517995 6921707
5 192 6943729 0 1788888289 518290 6924529
7 98 6962716 0 1788888289 518490 6900824
4 193 6903317 0 1788888289 576038 6866099
5 193 6900211 0 1788888289 576159 6881060
6 99 6976889 0 1788888289 576252 6918488
4 194 6932248 0 1788888289 639273 6891417
5 194 6915442 0 1788888289 639415 6896826
7 99 6947275 0 1788888289 639486 6883692
4 195 6902800 0 1788888289 697429 6864020
5 195 6888444 0 1788888289 697631 6868602
6 100 6915942 0 1788888289 697775 6857279
4 196 6896601 0 1788888289 754767 6859286
5 196 6891664 0 1788888289 754901 6873070
7 100 6938368 0 1788888289 755018 6880607
4 197 6944810 0 1788888289 811665 6909815
5 197 6920464 0 1788888289 811799 6902535
6 101 6945145 0 1788888289 811913 6887863
4 198 6967217 0 1788888289 872412 6929362
5 198 6966507 0 1788888289 872632 6946707
7 101 6980555 0 1788888289 872916 6919170
4 199 6964369 0 1788888289 929518 6926848
5 199 6875154 0 1788888289 929952 6855256
6 102 6982626 0 1788888289 930834 6924048
4 200 6798963 0 1788888290 1465 6756899
5 200 6781515 0 1788888290 1601 6760074
7 102 6903776 0 1788888290 1691 6831162
4 201 6833091 0 1788888290 66222 6787554
5 201 6819327 0 1788888290 66431 6792255
6 103 6840355 0 1788888290 66549 6775134
4 202 6872412 0 1788888290 139040 6825776
5 202 6848753 0 1788888290 139185 6824123
7 103 6879628 0 1788888290 139267 6806342
4 203 6875903 0 1788888290 216034 6828772
5 203 6870025 0 1788888290 216289 6846977
6 104 6918042 0 1788888290 216404 6840421
4 204 6949079 0 1788888290 340400 6848672
5 204 6950525 0 1788888290 341862 6871729
7 104 6961814 0 1788888290 341953 6835275
4 205 6923199 0 1788888290 456654 6851326
5 205 6923297 0 1788888290 457061 6888120
6 105 6977376 0 1788888290 457679 6859906
4 206 6954098 0 1788888290 551614 6893755
5 206 6884126 0 1788888290 551797 6855645
7 105 7013537 0 1788888290 551902 6917346
4 207 6932722 0 1788888290 620412 6887879
5 207 6874516 0 1788888290 620545 6851631
6 106 6933754 0 1788888290 620632 6864537
4 208 6945733 0 1788888290 713647 6879190
5 208 6948142 0 1788888290 716318 6920902
7 106 6962156 0 1788888290 716493 6865946
4 209 7000750 0 1788888290 804063 6942699
5 209 6998342 0 1788888290 804402 6970495
6 107 7009203 0 1788888290 804539 6917454
4 210 7054253 0 1788888290 905521 6984862
5 210 7044886 0 1788888290 906133 7006392
7 107 7075600 0 1788888290 906288 6973180
4 211 7087959 0 1788888290 996231 7027789
5 211 7058911 0 1788888290 996390 7029348
6 108 7130853 0 1788888290 996478 7039385
4 212 7115404 0 1788888291 69118 7068371
5 212 7101357 0 1788888291 69744 7077071
7 108 7123468 0 1788888291 69877 7049680
4 213 7132257 0 1788888291 136881 7088406
5 213 7129912 0 1788888291 137060 7106271
6 109 7163892 0 1788888291 137137 7095765
4 214 7145197 0 1788888291 200271 7103721
5 214 7131420 0 1788888291 200472 7109975
7 109 7183388 0 1788888291 200606 7119481
4 215 7158380 0 1788888291 263739 7115383
5 215 7107891 0 1788888291 263904 7087015
6 110 7192960 0 1788888291 263991 7129046
4 216 7148554 0 1788888291 327856 7106779
5 216 7130843 0 1788888291 328471 7109289
7 110 7153625 0 1788888291 328566 7088634
4 217 7151316 0 1788888291 401434 7107351
5 217 7127728 0 1788888291 401612 7104572
6 111 7169800 0 1788888291 401736 7095754
4 218 7179049 0 1788888291 467156 7135284
5 218 7167153 0 1788888291 467299 7143800
7 111 7185578 0 1788888291 467420 7119319
4 219 7198988 0 1788888291 540548 7149393
5 219 7186094 0 1788888291 540739 7161871
6 112 7226454 0 1788888291 542878 7150532
4 220 7209280 0 1788888291 619318 7158893
5 220 7207800 0 1788888291 619505 7183029
7 112 7220620 0 1788888291 623257 7137734
4 221 7268620 0 1788888291 690679 7224186
5 221 7247555 0 1788888291 690912 7224678
6 113 7272021 0 1788888291 691210 7199864
4 222 7256854 0 1788888291 775126 7198672
5 222 7241255 0 1788888291 775309 7212422
7 113 7316318 0 1788888291 775695 7231155
4 223 7301606 0 1788888291 856105 7251476
5 223 7294065 0 1788888291 856211 7265524
6 114 7314619 0 1788888291 856329 7233223
4 224 7300295 0 1788888291 925452 7253413
5 224 7286844 0 1788888291 925591 7262364
7 114 7353525 0 1788888291 926242 7283186
4 225 7346189 0 1788888292 5709 7292367
5 225 7300961 0 1788888292 5859 7271276
6 115 7365171 0 1788888292 5946 7284515
4 226 7337094 0 1788888292 81221 7289516
5 226 7331391 0 1788888292 81347 7306364
7 115 7367134 0 1788888292 81700 7290976
4 227 7406952 0 1788888292 165950 7350245
5 227 7401899 0 1788888292 166058 7371054
6 116 7409820 0 1788888292 166230 7324623
4 228 7391881 0 1788888292 259726 7329362
5 228 7382932 0 1788888292 260281 7348636
7 116 7411936 0 1788888292 260933 7316734
4 229 7422585 0 1788888292 354699 7359621
5 229 7421856 0 1788888292 354839 7385567
6 117 7441692 0 1788888292 354925 7345237
4 230 7470302 0 1788888292 423689 7424487
5 230 7446636 0 1788888292 423836 7422629
7 117 7485638 0 1788888292 423923 7416203
4 231 7497809 0 1788888292 494427 7447827
5 231 7441561 0 1788888292 494577 7412459
6 118 7512042 0 1788888292 494703 7440881
4 232 7497639 0 1788888292 608737 7418938
5 232 7482964 0 1788888292 608856 7442000
7 118 7522537 0 1788888292 622229 7394538
4 233 7600859 0 1788888292 746979 7523926
5 233 7559506 0 1788888292 747381 7527620
6 119 7609468 0 1788888292 747522 7470554
4 234 7654505 0 1788888292 858059 7589429
5 234 7652322 0 1788888292 858357 7616380
7 119 7667331 0 1788888292 858458 7555647
4 235 7702150 0 1788888292 946513 7654541
5 235 7692358 0 1788888292 946698 7670902
6 120 7724165 0 1788888292 946779 7635297
4 236 7704009 0 1788888293 10669 7664129
5 236 7682605 0 1788888293 10818 7661988
7 120 7719290 0 1788888293 10909 7654691
4 237 7683002 0 1788888293 81448 7634574
5 237 7646948 0 1788888293 81592 7621935
6 121 7705915 0 1788888293 81726 7634690
4 238 7689730 0 1788888293 141177 7652699
5 238 7679731 0 1788888293 141322 7661349
7 121 7696375 0 1788888293 141409 7636245
4 239 7725051 0 1788888293 196903 7689599
5 239 7685075 0 1788888293 197046 7667345
6 122 7733871 0 1788888293 197171 7677731
4 240 7732998 0 1788888293 257128 7696098
5 240 7672677 0 1788888293 257257 7654385
7 122 7733308 0 1788888293 257349 7672704
4 241 7709883 0 1788888293 313397 7674331
5 241 7697701 0 1788888293 313537 7679508
6 123 7727101 0 1788888293 313643 7670444
4 242 7707221 0 1788888293 375139 7666325
5 242 7703704 0 1788888293 375358 7684281
7 123 7758966 0 1788888293 375536 7696691
4 243 7606790 0 1788888293 436589 7566672
5 243 7583047 0 1788888293 436777 7561758
6 124 7633773 0 1788888293 436912 7571862
4 244 7622957 0 1788888293 495181 7584592
5 244 7620840 0 1788888293 495306 7601594
7 124 7634547 0 1788888293 495433 7575480
4 245 7657468 0 1788888293 557588 7615645
5 245 7617840 0 1788888293 557740 7597813
6 125 7679475 0 1788888293 557998 7616506
4 246 7670683 0 1788888293 624895 7625286
5 246 7652757 0 1788888293 625018 7631642
7 125 7675677 0 1788888293 625133 7607987
4 247 7718828 0 1788888293 694849 7669827
5 247 7692819 0 1788888293 695014 7667066
6 126 7722612 0 1788888293 695112 7652251
4 248 7719811 0 1788888293 765868 7674230
5 248 7719050 0 1788888293 766014 7695295
7 126 7753063 0 1788888293 766095 7681651
4 249 7786998 0 1788888293 842660 7734537
5 249 7777573 0 1788888293 842832 7754833
6 127 7792979 0 1788888293 842956 7715671
4 250 7835280 0 1788888293 909307 7791703
5 250 7834520 0 1788888293 909580 7814870
7 127 7838610 0 1788888293 909857 7771261
4 251 7863709 0 1788888293 987830 7811675
5 251 7806489 0 1788888293 988010 7782808
6 128 7878631 0 1788888293 988089 7799664
4 252 7860830 0 1788888294 61627 7811423
5 252 7821563 0 1788888294 61726 7800210
7 128 7874202 0 1788888294 61806 7799952
4 253 7827577 0 1788888294 134448 7775330
5 253 7803798 0 1788888294 135601 7773900
6 129 7860771 0 1788888294 135744 7786517
4 254 7836921 0 1788888294 214062 7784580
5 254 7817516 0 1788888294 214844 7789795
7 129 7838220 0 1788888294 215114 7757143
4 255 7853189 0 1788888294 296885 7804526
5 255 7822090 0 1788888294 297033 7797693
6 130 7858222 0 1788888294 297119 7774988
4 256 7875607 0 1788888294 380733 7819928
5 256 7874381 0 1788888294 380918 7841281
7 130 7901975 0 1788888294 380998 7817710
4 257 7907403 0 1788888294 460622 7855658
5 257 7907366 0 1788888294 461178 7882353
6 131 7912638 0 1788888294 461909 7831224
4 258 7934253 0 1788888294 533815 7891149
5 258 7934224 0 1788888294 533961 7912954
7 131 7954022 0 1788888294 534074 7880411
4 259 7954891 0 1788888294 607255 7904052
5 259 7946666 0 1788888294 607426 7918007
6 132 7977275 0 1788888294 607688 7903224
4 260 8004264 0 1788888294 677901 7958668
5 260 7994530 0 1788888294 678188 7969743
7 132 8009653 0 1788888294 678379 7938386
4 261 8072560 0 1788888294 764309 8018462
5 261 8073037 0 1788888294 764883 8050090
6 133 8079739 0 1788888294 765129 7992364
4 262 8122998 0 1788888294 845473 8071716
5 262 8122639 0 1788888294 845637 8097265
7 133 8125354 0 1788888294 845758 8043729
4 263 8084725 0 1788888294 924652 8027772
5 263 8080229 0 1788888294 924843 8048911
6 134 8186034 0 1788888294 924977 8106376
4 264 8119316 0 1788888295 861 8073472
5 264 8103675 0 1788888295 1255 8080505
7 134 8148717 0 1788888295 1463 8071687
4 265 8106184 0 1788888295 68741 8066723
5 265 8100233 0 1788888295 69643 8079650
6 135 8163493 0 1788888295 69748 8094417
4 266 8145610 0 1788888295 148571 8090210
5 266 8125268 0 1788888295 148754 8095038
7 135 8161902 0 1788888295 148885 8081599
4 267 8180442 0 1788888295 225555 8128739
5 267 8174972 0 1788888295 225738 8149695
6 136 8195793 0 1788888295 226087 8118126
4 268 8219242 0 1788888295 301083 8172811
5 268 8210745 0 1788888295 301277 8185689
7 136 8232410 0 1788888295 301405 8156387
4 269 8271151 0 1788888295 380466 8215794
5 269 8236853 0 1788888295 380566 8211673
6 137 8274860 0 1788888295 382408 8193312
4 270 8283964 0 1788888295 459395 8232326
5 270 8262686 0 1788888295 459523 8232634
7 137 8293293 0 1788888295 459901 8213669
4 271 8307479 0 1788888295 540001 8259194
5 271 8275496 0 1788888295 540126 8251774
6 138 8316015 0 1788888295 540268 8234852
4 272 8325323 0 1788888295 612240 8277520
5 272 8293475 0 1788888295 612362 8271347
7 138 8325706 0 1788888295 612491 8253006
4 273 8246392 0 1788888295 691087 8190798
5 273 8236721 0 1788888295 691279 8211336
6 139 8328478 0 1788888295 691955 8248597
4 274 8285910 0 1788888295 773252 8227920
5 274 8273276 0 1788888295 775792 8239763
7 139 8291300 0 1788888295 775966 8206186
4 275 8335059 0 1788888295 852680 8283968
5 275 8288145 0 1788888295 852877 8266111
6 140 8342588 0 1788888295 853070 8262567
4 276 8354776 0 1788888295 932346 8296903
5 276 8321949 0 1788888295 932490 8289703
7 140 8362377 0 1788888295 932618 8282259
4 277 8339604 0 1788888295 998451 8298330
5 277 8309389 0 1788888295 998590 8288293
6 141 8379353 0 1788888295 999234 8312311
4 278 8331643 0 1788888296 65659 8287377
5 278 8325003 0 1788888296 65805 8303275
7 141 8363870 0 1788888296 65959 8296187
4 279 8366953 0 1788888296 134791 8325189
5 279 8342750 0 1788888296 134936 8320686
6 142 8369224 0 1788888296 135049 8299644
4 280 8388504 0 1788888296 202345 8344865
5 280 8311785 0 1788888296 202530 8288989
7 142 8390020 0 1788888296 202688 8321958
4 281 8368781 0 1788888296 284220 8315307
5 281 8349119 0 1788888296 284392 8322471
6 143 8377350 0 1788888296 284957 8294479
4 282 8384580 0 1788888296 351603 8341940
5 282 8383523 0 1788888296 351750 8360334
7 143 8412423 0 1788888296 351910 8344585
4 283 8373711 0 1788888296 417935 8330370
5 283 8285178 0 1788888296 418218 8263393
6 144 8419694 0 1788888296 418421 8352672
4 284 8334051 0 1788888296 490072 8286401
5 284 8325795 0 1788888296 490486 8302115
7 144 8335820 0 1788888296 490622 8262976
4 285 8386533 0 1788888296 560011 8338753
5 285 8367526 0 1788888296 560188 8340806
6 145 8389383 0 1788888296 560804 8318389
4 286 8410340 0 1788888296 624856 8367062
5 286 8409737 0 1788888296 625026 8385143
7 145 8426390 0 1788888296 625152 8361098
4 287 8400083 0 1788888296 690702 8354865
5 287 8365106 0 1788888296 690878 8339585
6 146 8475652 0 1788888296 690997 8409362
4 288 8393118 0 1788888296 755580 8348226
5 288 8377141 0 1788888296 755762 8352051
7 146 8428107 0 1788888296 755884 8362788
4 289 8379255 0 1788888296 827146 8332065
5 289 8375573 0 1788888296 827353 8347737
6 147 8422823 0 1788888296 827720 8350431
4 290 8431433 0 1788888296 899893 8383833
5 290 8410741 0 1788888296 900170 8389814
7 147 8444625 0 1788888296 900447 8371166
4 291 8460407 0 1788888296 966961 8419432
5 291 8453434 0 1788888296 967086 8433232
6 148 8476963 0 1788888296 967192 8409500
4 292 8500476 0 1788888297 36135 8452911
5 292 8493315 0 1788888297 36333 8467950
7 148 8504217 0 1788888297 36492 8434545
4 293 8545288 0 1788888297 107650 8497659
5 293 8535436 0 1788888297 107828 8511804
6 149 8553699 0 1788888297 107956 8481731
4 294 8570648 0 1788888297 176735 8523674
5 294 8547752 0 1788888297 176911 8523655
7 149 8601839 0 1788888297 177012 8532322
4 295 8557898 0 1788888297 247720 8508806
5 295 8539574 0 1788888297 247894 8515091
6 150 8613783 0 1788888297 248020 8542311
4 296 8506175 0 1788888297 304954 8468899
5 296 8478421 0 1788888297 305702 8458511
7 150 8572683 0 1788888297 306869 8513392
4 297 8464818 0 1788888297 365388 8428567
5 297 8448565 0 1788888297 365551 8430397
6 151 8536325 0 1788888297 365705 8475348
4 298 8490694 0 1788888297 424872 8451275
5 298 8381004 0 1788888297 425014 8360139
7 151 8502697 0 1788888297 425199 8442747
4 299 8405291 0 1788888297 481948 8368429
5 299 8384440 0 1788888297 482046 8365931
6 152 8406330 0 1788888297 482305 8348718
4 300 8418635 0 1788888297 543874 8376222
5 300 8413980 0 1788888297 544012 8392572
7 152 8432275 0 1788888297 544124 8369997
4 301 8457357 0 1788888297 603124 8417767
5 301 8438775 0 1788888297 603284 8418599
6 153 8470549 0 1788888297 603356 8410843
4 302 8432673 0 1788888297 664635 8394463
5 302 8400490 0 1788888297 664790 8381723
7 153 8445387 0 1788888297 664869 8383489
4 303 8435439 0 1788888297 727433 8393533
5 303 8434927 0 1788888297 727563 8414444
6 154 8446630 0 1788888297 727683 8383440
4 304 8417817 0 1788888297 785686 8379136
5 304 8395069 0 1788888297 785859 8375402
7 154 8441349 0 1788888297 786050 8382589
4 305 8441076 0 1788888297 845082 8400800
5 305 8421278 0 1788888297 845195 8402692
6 155 8451067 0 1788888297 845309 8391300
4 306 8388650 0 1788888297 906871 8346960
5 306 8385157 0 1788888297 907055 8363702
7 155 8406279 0 1788888297 907179 8344043
4 307 8435754 0 1788888297 966939 8397241
5 307 8401724 0 1788888297 967334 8381191
6 156 8442188 0 1788888297 967465 8381428
4 308 8425871 0 1788888298 32545 8382706
5 308 8386496 0 1788888298 32640 8366734
7 156 8427452 0 1788888298 32749 8361403
4 309 8399552 0 1788888298 90568 8360548
5 309 8390684 0 1788888298 90743 8371398
6 157 8400103 0 1788888298 90876 8341638
4 310 8349432 0 1788888298 154396 8305702
5 310 8338687 0 1788888298 154916 8317653
7 157 8427833 0 1788888298 155035 8363209
4 311 8395022 0 1788888298 227892 8345469
5 311 8391300 0 1788888298 228138 8360851
6 158 8402171 0 1788888298 228327 8328096
4 312 8415035 0 1788888298 296372 8369658
5 312 8389742 0 1788888298 296514 8365148
7 158 8453274 0 1788888298 296789 8384213
4 313 8403833 0 1788888298 359194 8361116
5 313 8357880 0 1788888298 359354 8335369
6 159 8450021 0 1788888298 359503 8386731
4 314 8380549 0 1788888298 422203 8338969
5 314 8370781 0 1788888298 423250 8347835
7 159 8388515 0 1788888298 423379 8324176
4 315 8403710 0 1788888298 483969 8364497
5 315 8387729 0 1788888298 484097 8367219
6 160 8416071 0 1788888298 484218 8353783
4 316 8432929 0 1788888298 559328 8377932
5 316 8404862 0 1788888298 559609 8382429
7 160 8438606 0 1788888298 559775 8362665
4 317 8435054 0 1788888298 621247 8395759
5 317 8364294 0 1788888298 621439 8343999
6 161 8448130 0 1788888298 621530 8385640
4 318 8360796 0 1788888298 684659 8322468
5 318 8357159 0 1788888298 685241 8337061
7 161 8378101 0 1788888298 685408 8313780
4 319 8398670 0 1788888298 748074 8357055
5 319 8395996 0 1788888298 748234 8375456
6 162 8413245 0 1788888298 748410 8349362
4 320 8403527 0 1788888298 804549 8365305
5 320 8379694 0 1788888298 804702 8360649
7 162 8417806 0 1788888298 804802 8360944
4 321 8406633 0 1788888298 863537 8368534
5 321 8397643 0 1788888298 863729 8378335
6 163 8438807 0 1788888298 863874 8379350
4 322 8426951 0 1788888298 918308 8391052
5 322 8414471 0 1788888298 918780 8395612
7 163 8444249 0 1788888298 918913 8388667
4 323 8473469 0 1788888298 988893 8427217
5 323 8467395 0 1788888298 989066 8444110
6 164 8481157 0 1788888298 989189 8410141
4 324 8484607 0 1788888299 53438 8443410
5 324 8440225 0 1788888299 53645 8418214
7 164 8508594 0 1788888299 53772 8443521
4 325 8485831 0 1788888299 114418 8447448
5 325 8425695 0 1788888299 114602 8404875
6 165 8489773 0 1788888299 114730 8428314
4 326 8472930 0 1788888299 184053 8426804
5 326 8467841 0 1788888299 184139 8445319
7 165 8485346 0 1788888299 185769 8413826
4 327 8512911 0 1788888299 250256 8471979
5 327 8499800 0 1788888299 250364 8480191
6 166 8516329 0 1788888299 250541 8449707
4 328 8515719 0 1788888299 315795 8473664
5 328 8512363 0 1788888299 315918 8492528
7 166 8519528 0 1788888299 316071 8453530
4 329 8549648 0 1788888299 381050 8505948
5 329 8546047 0 1788888299 381195 8525321
6 167 8562102 0 1788888299 381477 8496285
4 330 8605194 0 1788888299 442810 8565268
5 330 8532014 0 1788888299 442954 8510498
7 167 8607921 0 1788888299 444096 8544727
4 331 8564963 0 1788888299 501645 8527638
5 331 8563833 0 1788888299 501770 8545432
6 168 8568004 0 1788888299 501881 8508673
4 332 8537454 0 1788888299 561802 8497619
5 332 8533281 0 1788888299 561946 8513624
7 168 8591213 0 1788888299 562032 8530680
4 333 8581776 0 1788888299 617657 8546120
5 333 8577435 0 1788888299 617777 8558658
6 169 8587489 0 1788888299 617901 8531236
4 334 8619437 0 1788888299 677712 8580520
5 334 8614619 0 1788888299 678063 8593135
7 169 8634399 0 1788888299 679828 8572070
4 335 8597470 0 1788888299 735914 8560572
5 335 8578185 0 1788888299 736125 8558185
6 170 8601230 0 1788888299 736245 8542140
4 336 8626422 0 1788888299 794501 8588015
5 336 8572663 0 1788888299 794664 8552382
7 170 8630072 0 1788888299 794742 8570988
4 337 8570074 0 1788888299 852476 8532877
5 337 8535992 0 1788888299 852636 8518023
6 171 8572394 0 1788888299 852751 8513962
4 338 8584083 0 1788888299 910919 8545960
5 338 8583566 0 1788888299 911073 8563843
7 171 8585770 0 1788888299 911650 8526465
4 339 8605456 0 1788888299 968335 8569277
5 339 8549739 0 1788888299 968494 8531975
6 172 8636027 0 1788888299 968649 8578161
4 340 8572475 0 1788888300 28343 8532904
5 340 8557488 0 1788888300 29015 8535758
7 172 8586417 0 1788888300 30668 8523952
4 341 8587578 0 1788888300 88565 8551134
5 341 8587150 0 1788888300 88705 8568659
6 173 8616024 0 1788888300 88799 8554141
4 342 8616548 0 1788888300 150041 8577127
5 342 8568220 0 1788888300 150227 8549041
7 173 8626884 0 1788888300 150355 8564959
4 343 8606670 0 1788888300 211007 8565886
5 343 8597384 0 1788888300 211195 8576955
6 174 8625334 0 1788888300 211356 8563880
4 344 8642403 0 1788888300 270932 8604672
5 344 8622361 0 1788888300 271083 8603374
7 174 8642930 0 1788888300 271198 8582522
4 345 8671583 0 1788888300 332159 8630094
5 345 8593213 0 1788888300 332316 8573742
6 175 8672802 0 1788888300 332467 8611115
4 346 8605292 0 1788888300 393732 8563738
5 346 8594688 0 1788888300 393889 8572581
7 175 8644128 0 1788888300 394192 8581951
4 347 8601354 0 1788888300 455809 8561808
5 347 8595174 0 1788888300 455930 8575292
6 176 8602121 0 1788888300 456015 8539577
4 348 8638992 0 1788888300 517604 8599737
5 348 8629678 0 1788888300 517760 8609662
7 176 8647943 0 1788888300 517859 8585707
4 349 8667640 0 1788888300 580163 8628747
5 349 8661611 0 1788888300 580292 8642923
6 177 8673036 0 1788888300 580386 8610109
4 350 8706642 0 1788888300 633616 8672058
5 350 8663540 0 1788888300 633758 8645704
7 177 8714240 0 1788888300 633885 8660382
4 351 8645479 0 1788888300 699930 8597521
5 351 8622543 0 1788888300 700089 8598664
6 178 8728021 0 1788888300 700294 8661217
4 352 8668698 0 1788888300 780473 8611912
5 352 8658544 0 1788888300 780759 8625996
7 178 8670084 0 1788888300 780841 8589013
4 353 8701751 0 1788888300 881647 8632351
5 353 8658763 0 1788888300 881784 8621218
6 179 8711380 0 1788888300 881904 8609795
4 354 8727026 0 1788888300 989895 8651958
5 354 8725850 0 1788888300 990050 8695262
7 179 8733343 0 1788888300 990220 8624560
4 355 8774372 0 1788888301 69502 8725904
5 355 8761037 0 1788888301 69661 8739394
6 180 8792944 0 1788888301 69789 8712821
4 356 8792830 0 1788888301 153595 8736438
5 356 8759445 0 1788888301 153757 8732791
7 180 8819047 0 1788888301 153895 8734478
4 357 8788197 0 1788888301 221747 8743969
5 357 8780777 0 1788888301 221941 8760382
6 181 8810605 0 1788888301 222445 8741573
4 358 8856234 0 1788888301 304120 8803552
5 358 8847920 0 1788888301 304483 8821897
7 181 8860526 0 1788888301 304948 8777170
4 359 8919164 0 1788888301 389844 8860186
5 359 8897268 0 1788888301 389983 8863270
6 182 8927696 0 1788888301 390067 8841582
4 360 8927614 0 1788888301 472796 8875651
5 360 8913535 0 1788888301 472978 8888014
7 182 8943845 0 1788888301 478030 8855506
4 361 8922193 0 1788888301 546967 8876943
5 361 8919545 0 1788888301 547566 8897260
6 183 8954403 0 1788888301 547977 8879085
4 362 8923872 0 1788888301 614314 8876973
5 362 8922769 0 1788888301 614498 8899053
7 183 8932696 0 1788888301 614798 8864488
4 363 8978395 0 1788888301 675666 8937663
5 363 8915204 0 1788888301 676379 8893629
6 184 8982006 0 1788888301 676543 8919651
4 364 8894467 0 1788888301 750128 8846608
5 364 8886218 0 1788888301 750277 8860807
7 184 8980701 0 1788888301 750461 8905748
4 365 8872671 0 1788888301 819911 8825769
5 365 8856247 0 1788888301 820055 8831878
6 185 8882565 0 1788888301 820196 8812266
4 366 8892292 0 1788888301 887682 8851521
5 366 8886218 0 1788888301 887837 8866759
7 185 8913438 0 1788888301 887962 8845231
4 367 8911163 0 1788888301 952315 8867142
5 367 8899658 0 1788888301 952860 8878142
6 186 8943018 0 1788888301 952926 8877637
4 368 8891187 0 1788888302 20301 8844918
5 368 8856958 0 1788888302 20474 8832328
7 186 8927905 0 1788888302 20587 8859491
4 369 8896570 0 1788888302 84067 8856100
5 369 8784570 0 1788888302 84177 8765278
6 187 8898325 0 1788888302 84256 8834180
4 370 8750260 0 1788888302 147747 8708008
5 370 8731826 0 1788888302 147941 8707803
7 187 8808112 0 1788888302 148137 8743906
4 371 8769574 0 1788888302 206097 8731116
5 371 8691807 0 1788888302 206644 8671996
6 188 8787142 0 1788888302 206791 8726654
4 372 8708510 0 1788888302 265094 8668653
5 372 8677559 0 1788888302 265218 8655498
7 188 8749438 0 1788888302 265515 8689890
4 373 8699720 0 1788888302 322059 8663878
5 373 8691925 0 1788888302 322267 8673067
6 189 8715366 0 1788888302 322375 8657926
4 374 8734899 0 1788888302 381143 8693891
5 374 8722419 0 1788888302 381299 8698602
7 189 8741319 0 1788888302 381416 8681825
4 375 8766658 0 1788888302 437192 8729781
5 375 8765509 0 1788888302 437744 8746499
6 190 8772007 0 1788888302 437902 8715100
4 376 8780437 0 1788888302 499495 8736393
5 376 8758954 0 1788888302 499628 8732891
7 190 8813719 0 1788888302 499756 8751010
4 377 8779296 0 1788888302 564394 8734832
5 377 8770204 0 1788888302 564614 8749443
6 191 8804048 0 1788888302 565214 8738191
4 378 8805921 0 1788888302 622488 8768683
5 378 8798376 0 1788888302 622638 8780005
7 191 8827053 0 1788888302 622793 8768439
4 379 8797737 0 1788888302 684545 8757202
5 379 8786995 0 1788888302 685040 8766665
6 192 8825580 0 1788888302 685162 8762767
4 380 8821272 0 1788888302 747741 8780513
5 380 8807108 0 1788888302 747881 8784926
7 192 8839102 0 1788888302 748024 8775466
4 381 8828747 0 1788888302 818634 8785059
5 381 8820128 0 1788888302 818727 8801150
6 193 8861341 0 1788888302 818985 8789915
4 382 8813349 0 1788888302 891965 8766004
5 382 8811817 0 1788888302 892289 8789438
7 193 8830554 0 1788888302 892365 8756689
4 383 8866658 0 1788888302 967492 8812800
5 383 8850743 0 1788888302 967586 8820195
6 194 8877705 0 1788888302 968293 8801241
4 384 8836441 0 1788888303 45560 8782013
5 384 8828356 0 1788888303 45745 8797947
7 194 8884379 0 1788888303 45954 8805720
4 385 8868532 0 1788888303 136077 8811132
5 385 8864035 0 1788888303 136212 8838695
6 195 8895053 0 1788888303 136320 8803981
4 386 8899602 0 1788888303 215506 8845246
5 386 8898041 0 1788888303 216098 8867167
7 195 8940719 0 1788888303 216267 8860336
4 387 8957147 0 1788888303 307060 8899856
5 387 8928788 0 1788888303 307331 8899620
6 196 8981283 0 1788888303 307871 8888363
4 388 8986573 0 1788888303 390651 8931650
5 388 8977189 0 1788888303 390889 8949421
7 196 9002942 0 1788888303 391094 8918648
4 389 9012571 0 1788888303 465968 8964033
5 389 8973886 0 1788888303 466747 8947075
6 197 9032952 0 1788888303 466900 8956480
4 390 8988079 0 1788888303 527328 8949102
5 390 8983076 0 1788888303 527482 8962093
7 197 9015179 0 1788888303 527561 8952527
4 391 8989536 0 1788888303 588772 8952076
5 391 8981750 0 1788888303 588901 8962875
6 198 9014434 0 1788888303 589453 8952183
4 392 8969300 0 1788888303 651923 8926975
5 392 8941572 0 1788888303 652058 8920474
7 198 9016041 0 1788888303 652124 8952560
4 393 8975722 0 1788888303 714262 8934061
5 393 8957891 0 1788888303 714751 8935072
6 199 8990307 0 1788888303 715241 8926851
4 394 8978191 0 1788888303 788756 8925739
5 394 8928602 0 1788888303 788897 8901649
7 199 8999725 0 1788888303 789015 8924325
4 395 8948712 0 1788888303 851577 8906397
5 395 8946696 0 1788888303 851752 8926746
6 200 8987388 0 1788888303 853834 8922163
4 396 8981699 0 1788888303 923167 8935442
5 396 8977673 0 1788888303 923350 8957306
7 200 8983877 0 1788888303 923476 8911837
4 397 9007091 0 1788888303 982740 8967070
5 397 8960626 0 1788888303 982871 8939679
6 201 9036532 0 1788888303 982991 8976560
4 398 8973091 0 1788888304 38290 8936001
5 398 8965853 0 1788888304 38495 8947409
7 201 8981736 0 1788888304 38661 8925636
4 399 8952626 0 1788888304 91800 8917461
5 399 8938712 0 1788888304 91948 8920636
6 202 9011497 0 1788888304 92224 8957365
4 400 8944016 0 1788888304 151080 8903394
5 400 8923467 0 1788888304 151196 8904597
7 202 8996090 0 1788888304 151413 8936349
4 401 8965489 0 1788888304 218402 8918421
5 401 8961519 0 1788888304 218537 8937490
6 203 8983628 0 1788888304 218654 8915907
4 402 8970970 0 1788888304 277255 8933419
5 402 8935830 0 1788888304 277415 8917217
7 203 8990181 0 1788888304 277497 8930974
4 403 8938095 0 1788888304 344352 8891775
5 403 8937175 0 1788888304 344507 8912698
6 204 8959449 0 1788888304 344611 8891946
4 404 8950581 0 1788888304 406795 8912057
5 404 8885556 0 1788888304 406962 8866212
7 204 8980606 0 1788888304 407128 8917700
4 405 8925653 0 1788888304 474356 8881224
5 405 8921741 0 1788888304 474517 8900744
6 205 8935545 0 1788888304 474606 8867595
4 406 8972890 0 1788888304 540864 8927875
5 406 8908628 0 1788888304 541021 8886618
7 205 8980563 0 1788888304 541152 8913624
4 407 8939640 0 1788888304 604530 8896553
5 407 8936984 0 1788888304 604687 8916387
6 206 8942503 0 1788888304 604781 8878419
4 408 8898568 0 1788888304 670381 8857240
5 408 8883612 0 1788888304 670546 8863896
7 206 8908096 0 1788888304 670863 8841619
4 409 8923965 0 1788888304 732319 8882107
5 409 8919122 0 1788888304 732669 8896063
6 207 8945846 0 1788888304 733194 8882725
4 410 8936211 0 1788888304 803464 8890300
5 410 8914051 0 1788888304 803784 8891962
7 207 8966385 0 1788888304 804133 8894044
4 411 8902147 0 1788888304 869779 8857721
5 411 8892430 0 1788888304 869921 8870676
6 208 8978058 0 1788888304 870091 8911290
4 412 8925097 0 1788888304 929838 8885513
5 412 8888229 0 1788888304 930372 8867425
7 208 8934785 0 1788888304 930743 8873680
4 413 8898445 0 1788888304 990337 8859744
5 413 8896788 0 1788888304 990468 8878291
6 209 8910943 0 1788888304 990622 8849980
4 414 8837894 0 1788888305 45472 8801158
5 414 8837321 0 1788888305 45814 8817645
7 209 8901272 0 1788888305 45907 8845589
4 415 8853842 0 1788888305 104502 8816076
5 415 8801381 0 1788888305 104703 8782630
6 210 8859812 0 1788888305 104800 8800362
4 416 8778473 0 1788888305 169298 8735916
5 416 8767974 0 1788888305 169503 8744767
7 210 8849904 0 1788888305 169630 8784644
4 417 8737781 0 1788888305 235799 8696847
5 417 8650906 0 1788888305 235914 8631226
6 211 8817324 0 1788888305 235991 8750344
4 418 8654820 0 1788888305 291899 8618548
5 418 8652227 0 1788888305 292058 8633981
7 211 8676388 0 1788888305 292193 8619857
4 419 8708214 0 1788888305 357203 8664425
5 419 8703767 0 1788888305 357356 8682059
6 212 8717166 0 1788888305 357646 8651275
4 420 8693641 0 1788888305 423122 8650732
5 420 8691091 0 1788888305 423632 8671573
7 212 8762162 0 1788888305 423717 8695509
4 421 8740162 0 1788888305 486927 8696039
5 421 8696167 0 1788888305 487096 8671490
6 213 8754364 0 1788888305 487182 8690164
4 422 8730194 0 1788888305 554023 8684274
5 422 8724044 0 1788888305 554243 8703623
7 213 8758119 0 1788888305 554371 8690533
4 423 8759618 0 1788888305 611438 8721727
5 423 8715785 0 1788888305 611563 8696231
6 214 8763573 0 1788888305 611652 8705808
4 424 8757870 0