0 1 85866 0 1788888271 181978 20783
1 1 69895 0 1788888271 182537 28820
2 1 69296 0 1788888271 182629 49261
0 2 101908 0 1788888271 235053 66453
1 2 73841 0 1788888271 235125 54168
3 1 105288 0 1788888271 235289 51861
0 3 103484 0 1788888271 321734 45694
1 3 83553 0 1788888271 321857 55726
2 2 147224 0 1788888271 321947 60142
0 4 125440 0 1788888271 381809 85910
1 4 117109 0 1788888271 381921 97082
3 2 130405 0 1788888271 381986 70034
0 5 146748 0 1788888271 434903 113296
1 5 140511 0 1788888271 435031 123517
2 3 163077 0 1788888271 435676 109107
0 6 170906 0 1788888271 507306 133933
1 6 148028 0 1788888271 508299 128565
3 3 208174 0 1788888271 509209 133711
0 7 99069 0 1788888271 579443 52338
1 7 92016 0 1788888271 579542 68021
2 4 202393 0 1788888271 579648 129432
0 8 128738 0 1788888271 642830 86657
1 8 85118 0 1788888271 643029 65865
3 4 130511 0 1788888271 643141 66435
0 9 136961 0 1788888271 712427 87851
1 9 125583 0 1788888271 712598 97831
2 5 138650 0 1788888271 712835 68436
0 10 150948 0 1788888271 793545 105323
1 10 130470 0 1788888271 795579 108353
3 5 184646 0 1788888271 795930 100857
0 11 162575 0 1788888271 868454 111268
1 11 157924 0 1788888271 868589 131836
2 6 166862 0 1788888271 868713 91364
0 12 210976 0 1788888271 939801 168660
1 12 161712 0 1788888271 939986 142800
3 6 226846 0 1788888271 940586 154523
0 13 119213 0 1788888271 999340 80353
1 13 86048 0 1788888271 999500 67426
2 7 148447 0 1788888271 999587 88525
0 14 112823 0 1788888272 57668 76713
1 14 112537 0 1788888272 58041 93761
3 7 130531 0 1788888272 58657 71069
0 15 88755 0 1788888272 139158 36371
1 15 88503 0 1788888272 139806 61860
2 8 137699 0 1788888272 144192 51024
0 16 165373 0 1788888272 264172 85820
1 16 157207 0 1788888272 264492 114625
3 8 187997 0 1788888272 264586 62468
0 17 275299 0 1788888272 412687 167449
1 17 264702 0 1788888272 412882 212362
2 9 301954 0 1788888272 413144 152583
0 18 300649 0 1788888272 501737 240119
1 18 206699 0 1788888272 501902 178540
3 9 333378 0 1788888272 504579 241301
0 19 273474 0 1788888272 606230 206548
1 19 267467 0 1788888272 606943 230618
2 10 312009 0 1788888272 608780 204770
0 20 328891 0 1788888272 705904 264018
1 20 308911 0 1788888272 706003 278456
3 10 363701 0 1788888272 706284 263447
0 21 362373 0 1788888272 804572 292541
1 21 330759 0 1788888272 805095 298390
2 11 374527 0 1788888272 805212 275027
0 22 361551 0 1788888272 898465 293180
1 22 328635 0 1788888272 898736 294931
3 11 403756 0 1788888272 899098 309088
0 23 450619 0 1788888273 45315 340295
1 23 448318 0 1788888273 54387 396134
2 12 491821 0 1788888273 66544 323515
0 24 619793 0 1788888273 276424 497580
1 24 589380 0 1788888273 276575 516091
3 12 656487 0 1788888273 276730 424900
0 25 694249 0 1788888273 443220 579667
1 25 692321 0 1788888273 443410 629948
2 13 720253 0 1788888273 443526 552873
0 26 801559 0 1788888273 581919 699476
1 26 801783 0 1788888273 586228 738550
3 13 820274 0 1788888273 586340 676928
0 27 867136 0 1788888273 717896 787055
1 27 852349 0 1788888273 719212 807550
2 14 897121 0 1788888273 721967 756903
0 28 927937 0 1788888273 842910 856215
1 28 923922 0 1788888273 843052 888276
3 14 952981 0 1788888273 847744 822325
0 29 1031405 0 1788888273 955946 959258
1 29 1027036 0 1788888273 956402 989900
2 15 1037476 0 1788888273 956956 923293
0 30 1055633 0 1788888274 87613 970911
1 30 1039446 0 1788888274 87704 997263
3 15 1078826 0 1788888274 87779 946892
0 31 1071854 0 1788888274 149162 1065304
1 31 1105080 0 1788888274 192038 1102491
0 32 1164200 0 1788888274 300866 1117615
2 16 1249597 0 1788888274 301061 1035981
3 16 1211393 0 1788888274 304849 1130500
0 33 1202728 0 1788888274 400826 1140248
1 32 1206568 0 1788888274 403317 1098830
2 17 1199847 0 1788888274 406075 1161360
0 34 1268836 0 1788888274 510305 1201829
1 33 1225411 0 1788888274 510452 1191607
3 17 1278642 0 1788888274 514595 1164714
3 18 1214561 0 1788888274 616088 1211575
0 35 1334123 0 1788888274 650252 1233756
1 34 1310935 0 1788888274 650388 1248874
2 18 1342258 0 1788888274 650463 1201658
0 36 1372647 0 1788888274 788574 1282710
1 35 1356239 0 1788888274 789650 1301140
3 19 1384238 0 1788888274 791594 1242598
0 37 1426348 0 1788888274 915206 1345924
1 36 1402758 0 1788888274 915379 1357566
2 19 1453634 0 1788888274 915467 1325435
0 38 1486341 0 1788888275 24805 1421901
1 37 1482907 0 1788888275 29080 1447224
3 20 1494551 0 1788888275 29750 1379872
0 39 1575343 0 1788888275 154165 1497969
1 38 1576443 0 1788888275 158359 1535560
2 20 1606420 0 1788888275 158521 1472523
0 40 1616474 0 1788888275 281310 1535564
1 39 1596838 0 1788888275 281438 1555605
3 21 1694902 0 1788888275 292991 1555713
0 41 1645602 0 1788888275 395477 1577777
1 40 1645359 0 1788888275 395586 1605194
2 21 1693455 0 1788888275 395732 1578803
0 42 1707060 0 1788888275 496452 1646658
1 41 1686906 0 1788888275 497109 1655385
3 22 1743081 0 1788888275 497882 1640493
0 43 1665530 0 1788888275 584631 1609242
1 42 1657327 0 1788888275 584824 1629595
2 22 1732575 0 1788888275 584924 1643544
0 44 1745699 0 1788888275 691149 1666372
1 43 1723638 0 1788888275 691528 1681601
3 23 1762944 0 1788888275 691625 1655708
0 45 1780984 0 1788888275 794048 1710913
1 44 1780170 0 1788888275 794286 1751048
2 23 1819384 0 1788888275 794659 1715676
0 46 1877783 0 1788888275 895800 1819510
1 45 1866946 0 1788888275 896034 1838037
3 24 1881691 0 1788888275 896146 1779386
0 47 1876930 0 1788888275 977974 1831610
1 46 1867275 0 1788888275 978325 1843703
2 24 1886769 0 1788888275 978764 1803630
0 48 1871502 0 1788888276 56337 1820076
1 47 1855575 0 1788888276 56480 1830535
3 25 1898816 0 1788888276 56606 1820017
0 49 1840120 0 1788888276 143352 1780493
1 48 1838606 0 1788888276 143510 1804736
2 25 1938077 0 1788888276 143663 1850580
0 50 1898265 0 1788888276 223498 1847289
1 49 1834844 0 1788888276 223659 1807021
3 26 1913565 0 1788888276 223819 1832914
0 51 1862565 0 1788888276 293990 1814287
1 50 1856573 0 1788888276 294228 1833014
2 26 1893325 0 1788888276 294573 1822095
0 52 1858691 0 1788888276 362365 1812803
1 51 1845408 0 1788888276 362549 1821924
3 27 1878479 0 1788888276 362666 1809647
0 53 1917533 0 1788888276 435872 1868719
1 52 1875821 0 1788888276 436503 1848009
2 27 1919115 0 1788888276 436707 1844619
0 54 1940267 0 1788888276 506059 1893264
1 53 1925951 0 1788888276 506287 1899803
3 28 1942934 0 1788888276 506431 1872217
0 55 1962140 0 1788888276 581841 1908813
1 54 1957691 0 1788888276 582706 1928809
2 28 1987834 0 1788888276 582879 1910862
0 56 1980656 0 1788888276 657823 1930337
1 55 1963108 0 1788888276 658034 1936907
3 29 2010457 0 1788888276 658331 1933350
0 57 2009483 0 1788888276 726834 1962824
1 56 1967387 0 1788888276 727412 1944328
2 29 2028851 0 1788888276 727583 1958934
0 58 1970240 0 1788888276 794516 1928256
1 57 1958447 0 1788888276 794721 1936405
3 30 2015777 0 1788888276 794921 1947529
0 59 1984779 0 1788888276 864098 1940046
1 58 1928756 0 1788888276 865689 1904939
2 30 1994678 0 1788888276 865916 1923106
0 60 1866996 0 1788888276 935743 1819947
1 59 1782937 0 1788888276 935935 1757357
3 31 1927145 0 1788888276 936079 1854982
0 61 1809472 0 1788888277 30195 1748040
1 60 1791892 0 1788888277 30400 1754398
2 31 1819015 0 1788888277 38196 1716378
0 62 1830081 0 1788888277 157408 1744915
1 61 1820091 0 1788888277 157837 1769040
3 32 1867127 0 1788888277 159430 1737654
0 63 1926905 0 1788888277 273324 1844451
1 62 1924961 0 1788888277 273526 1883945
2 32 1928311 0 1788888277 273701 1810816
0 64 2055966 0 1788888277 419612 1954824
1 63 2047721 0 1788888277 419942 1998370
3 33 2059550 0 1788888277 422951 1909676
0 65 2134004 0 1788888277 517627 2070532
1 64 2114825 0 1788888277 517869 2086928
2 33 2136755 0 1788888277 519720 2036357
0 66 2192557 0 1788888277 627469 2116086
1 65 2159436 0 1788888277 627659 2115611
3 34 2221623 0 1788888277 627777 2111238
0 67 2250557 0 1788888277 748828 2172226
1 66 2245051 0 1788888277 748942 2201263
2 34 2270970 0 1788888277 749022 2149218
0 68 2386613 0 1788888277 913697 2295398
1 67 2379538 0 1788888277 913955 2347645
3 35 2398859 0 1788888277 914081 2232369
0 69 2457494 0 1788888277 996087 2401750
1 68 2455201 0 1788888277 996228 2423741
2 35 2459178 0 1788888277 996520 2376168
0 70 2506536 0 1788888278 76214 2452687
1 69 2490364 0 1788888278 76308 2462738
3 36 2527233 0 1788888278 76416 2446533
0 71 2543786 0 1788888278 152713 2488833
1 70 2536291 0 1788888278 152902 2507050
2 36 2556401 0 1788888278 153087 2479408
0 72 2591046 0 1788888278 223707 2543380
1 71 2572802 0 1788888278 223902 2545886
3 37 2597151 0 1788888278 224003 2525651
0 73 2649217 0 1788888278 307760 2593647
1 72 2643289 0 1788888278 308012 2615813
2 37 2653940 0 1788888278 308111 2569367
0 74 2710452 0 1788888278 387968 2655499
1 73 2673702 0 1788888278 388101 2648182
3 38 2714816 0 1788888278 388311 2633985
0 75 2672788 0 1788888278 461481 2624259
1 74 2621392 0 1788888278 461619 2596056
2 38 2709981 0 1788888278 461737 2636035
0 76 2671384 0 1788888278 529550 2624561
1 75 2645714 0 1788888278 529664 2621639
3 39 2688902 0 1788888278 529758 2620470
0 77 2675440 0 1788888278 597442 2630452
1 76 2650991 0 1788888278 597541 2628067
2 39 2697658 0 1788888278 597623 2629352
0 78 2703672 0 1788888278 669735 2655160
1 77 2691642 0 1788888278 670574 2663872
3 40 2719720 0 1788888278 670747 2646235
0 79 2734053 0 1788888278 760176 2670881
1 78 2728645 0 1788888278 760282 2690842
2 40 2742357 0 1788888278 760636 2651243
0 80 2752878 0 1788888278 844886 2700618
1 79 2685205 0 1788888278 845051 2656263
3 41 2807314 0 1788888278 845136 2722196
0 81 2771039 0 1788888278 939391 2703878
1 80 2769321 0 1788888278 939578 2739418
2 41 2776409 0 1788888278 939715 2681427
0 82 2856685 0 1788888279 31187 2788471
1 81 2846668 0 1788888279 31745 2805898
3 42 2858110 0 1788888279 31905 2765379
0 83 2902005 0 1788888279 112965 2852221
1 82 2867346 0 1788888279 113304 2843021
2 42 2917730 0 1788888279 117342 2831416
0 84 2831022 0 1788888279 197904 2780936
1 83 2791030 0 1788888279 198069 2765701
3 43 2889539 0 1788888279 198364 2803965
0 85 2827041 0 1788888279 271740 2780733
1 84 2824720 0 1788888279 271913 2801653
2 43 2854096 0 1788888279 272037 2779787
0 86 2859554 0 1788888279 338450 2812781
1 85 2789945 0 1788888279 338640 2762709
3 44 2888468 0 1788888279 339374 2820662
0 87 2841119 0 1788888279 402899 2798708
1 86 2832266 0 1788888279 403090 2809473
2 44 2846754 0 1788888279 403246 2781788
0 88 2879674 0 1788888279 472208 2836877
1 87 2852212 0 1788888279 472403 2829462
3 45 2898665 0 1788888279 472538 2828608
0 89 2827966 0 1788888279 543704 2781882
1 88 2812925 0 1788888279 543866 2790232
2 45 2842231 0 1788888279 543954 2770333
0 90 2844494 0 1788888279 614337 2796802
1 89 2838807 0 1788888279 614494 2816137
3 46 2871914 0 1788888279 614805 2800669
0 91 2852597 0 1788888279 680875 2809337
1 90 2801706 0 1788888279 681097 2778701
2 46 2884198 0 1788888279 681243 2817046
0 92 2856208 0 1788888279 761131 2804321
1 91 2840056 0 1788888279 761367 2811795
3 47 2868409 0 1788888279 761564 2787517
0 93 2864886 0 1788888279 832362 2820697
1 92 2860035 0 1788888279 832503 2836549
2 47 2878590 0 1788888279 832618 2806892
0 94 2893849 0 1788888279 903942 2849301
1 93 2812176 0 1788888279 904044 2787661
3 48 2930848 0 1788888279 904131 2858951
0 95 2818118 0 1788888279 974356 2772388
1 94 2808653 0 1788888279 974454 2785567
2 48 2852483 0 1788888279 974572 2781645
0 96 2853755 0 1788888280 42865 2809276
1 95 2852895 0 1788888280 42976 2833355
3 49 2866159 0 1788888280 43071 2797272
0 97 2901058 0 1788888280 106412 2856973
1 96 2896740 0 1788888280 106543 2872041
2 49 2913683 0 1788888280 106667 2849716
0 98 2887366 0 1788888280 172561 2842306
1 97 2869240 0 1788888280 172746 2845955
3 50 2901264 0 1788888280 172841 2834664
0 99 2902674 0 1788888280 244802 2857380
1 98 2900315 0 1788888280 245506 2876476
2 50 2924552 0 1788888280 245636 2851281
0 100 2907039 0 1788888280 316351 2861927
1 99 2891885 0 1788888280 316494 2869771
3 51 2966812 0 1788888280 316585 2894830
0 101 2964341 0 1788888280 396900 2913004
1 100 2952225 0 1788888280 398346 2927733
2 51 2971227 0 1788888280 398518 2888943
0 102 3022181 0 1788888280 482472 2964449
1 101 3008595 0 1788888280 482585 2975309
3 52 3037397 0 1788888280 483913 2950182
0 103 3104975 0 1788888280 581290 3046918
1 102 3096966 0 1788888280 582035 3065764
2 52 3107486 0 1788888280 582399 3007360
0 104 3130984 0 1788888280 675230 3065992
1 103 3129334 0 1788888280 675595 3093182
3 53 3188420 0 1788888280 675741 3093806
0 105 3218048 0 1788888280 779054 3154832
1 104 3193770 0 1788888280 779220 3155826
2 53 3223128 0 1788888280 779312 3118831
0 106 3285344 0 1788888280 894565 3217391
1 105 3268809 0 1788888280 894787 3235225
3 54 3299353 0 1788888280 894891 3183122
0 107 3351564 0 1788888280 989020 3290233
1 106 3352123 0 1788888280 994329 3315854
2 54 3360071 0 1788888280 994695 3259142
0 108 3411187 0 1788888281 86041 3354480
1 107 3367866 0 1788888281 89279 3338786
3 55 3418889 0 1788888281 89459 3315480
0 109 3412005 0 1788888281 172074 3355173
1 108 3392488 0 1788888281 172207 3361823
2 55 3434712 0 1788888281 172343 3348209
0 110 3471231 0 1788888281 253277 3417172
1 109 3450879 0 1788888281 253455 3424688
3 56 3472729 0 1788888281 253749 3390754
0 111 3513778 0 1788888281 346944 3449510
1 110 3455823 0 1788888281 347221 3429279
2 56 3520319 0 1788888281 348067 3425361
0 112 3539162 0 1788888281 442950 3472519
1 111 3533151 0 1788888281 443133 3502208
3 57 3546909 0 1788888281 443234 3450448
0 113 3583142 0 1788888281 526209 3523178
1 112 3578737 0 1788888281 526353 3551117
2 57 3612844 0 1788888281 530099 3525507
0 114 3552131 0 1788888281 601304 3502953
1 113 3538729 0 1788888281 601518 3513465
3 58 3571214 0 1788888281 601622 3495632
0 115 3582226 0 1788888281 677385 3532124
1 114 3572958 0 1788888281 677548 3549128
2 58 3605936 0 1788888281 678231 3528838
0 116 3644268 0 1788888281 756927 3590087
1 115 3642472 0 1788888281 757578 3612410
3 59 3647045 0 1788888281 757824 3566440
0 117 3692999 0 1788888281 849698 3628583
1 116 3677682 0 1788888281 850445 3644484
2 59 3707696 0 1788888281 850953 3613066
0 118 3746816 0 1788888281 942616 3693102
1 117 3746321 0 1788888281 942775 3721518
3 60 3750385 0 1788888281 942907 3656977
0 119 3787090 0 1788888282 26858 3730038
1 118 3763382 0 1788888282 27034 3735282
2 60 3789715 0 1788888282 27652 3704258
0 120 3816821 0 1788888282 121250 3752119
1 119 3757759 0 1788888282 121460 3727038
3 61 3820482 0 1788888282 121598 3725565
0 121 3814340 0 1788888282 213318 3763765
1 120 3774592 0 1788888282 213546 3750529
2 61 3815777 0 1788888282 213710 3723114
0 122 3822637 0 1788888282 291184 3774320
1 121 3807847 0 1788888282 291327 3781342
3 62 3845901 0 1788888282 291484 3767539
0 123 3926314 0 1788888282 434460 3809431
1 122 3916620 0 1788888282 434596 3845193
2 62 3932025 0 1788888282 435965 3787087
0 124 3985344 0 1788888282 547521 3914921
1 123 3974786 0 1788888282 547701 3940700
3 63 4005893 0 1788888282 547795 3892349
0 125 4020866 0 1788888282 640064 3961414
1 124 4008114 0 1788888282 640290 3975242
2 63 4048562 0 1788888282 640390 3954361
0 126 4004331 0 1788888282 730260 3941391
1 125 3990283 0 1788888282 731685 3955385
3 64 4071066 0 1788888282 731766 3978890
0 127 4067036 0 1788888282 847985 3985784
1 126 4022742 0 1788888282 848185 3982303
2 64 4089376 0 1788888282 848346 3971129
0 128 4034179 0 1788888282 887107 4029749
1 127 4123403 0 1788888283 12831 4044090
2 65 4102949 0 1788888283 12972 4069511
3 65 4162108 0 1788888283 13045 3996896
0 129 4169951 0 1788888283 109477 4073090
1 128 4166224 0 1788888283 109796 4106924
2 66 4133558 0 1788888283 109905 4103439
0 130 4192727 0 1788888283 202678 4128082
1 129 4054944 0 1788888283 202870 4021902
3 66 4200820 0 1788888283 203291 4106776
0 131 4119839 0 1788888283 303706 4052350
1 130 4116227 0 1788888283 304155 4079718
2 67 4137514 0 1788888283 305075 4034646
0 132 4214469 0 1788888283 413021 4139424
1 131 4201206 0 1788888283 415706 4154780
3 67 4219571 0 1788888283 415932 4107226
0 133 4273780 0 1788888283 533413 4196486
1 132 4252063 0 1788888283 533599 4216515
2 68 4298314 0 1788888283 533771 4175354
0 134 4312255 0 1788888283 643640 4237681
1 133 4305495 0 1788888283 643778 4262913
3 68 4356767 0 1788888283 644180 4245788
0 135 4351842 0 1788888283 764862 4273169
1 134 4340624 0 1788888283 765231 4302959
2 69 4400186 0 1788888283 766599 4277074
0 136 4440953 0 1788888283 876369 4368044
1 135 4435196 0 1788888283 876609 4397075
3 69 4441519 0 1788888283 876747 4328710
0 137 4484613 0 1788888283 986436 4410383
1 136 4451045 0 1788888283 986599 4409003
2 70 4497410 0 1788888283 987027 4386399
0 138 4516303 0 1788888284 80345 4453928
1 137 4507172 0 1788888284 80493 4478599
3 70 4532351 0 1788888284 80628 4437940
0 139 4598220 0 1788888284 202390 4515254
1 138 4581677 0 1788888284 202563 4544750
2 71 4603998 0 1788888284 202708 4481436
0 140 4658920 0 1788888284 304793 4591979
1 139 4629595 0 1788888284 304995 4593577
3 71 4666628 0 1788888284 305144 4563695
0 141 4660871 0 1788888284 388736 4608155
1 140 4657212 0 1788888284 389036 4631616
2 72 4670210 0 1788888284 393710 4581016
0 142 4698714 0 1788888284 498533 4623824
1 141 4698024 0 1788888284 499196 4659232
3 72 4707687 0 1788888284 501237 4595023
0 143 4799207 0 1788888284 638203 4694906
1 142 4789750 0 1788888284 638456 4750541
2 73 4813765 0 1788888284 638561 4673267
0 144 4869330 0 1788888284 733152 4808812
1 143 4852931 0 1788888284 733292 4822189
3 73 4871983 0 1788888284 733421 4776486
0 145 4915845 0 1788888284 815899 4864113
1 144 4915233 0 1788888284 816098 4886404
2 74 4924425 0 1788888284 816230 4841158
0 146 4968166 0 1788888284 903113 4909134
1 145 4910140 0 1788888284 903553 4882592
3 74 4992680 0 1788888284 903693 4904720
0 147 5003566 0 1788888285 17464 4937861
1 146 4990812 0 1788888285 17594 4957390
2 75 5008502 0 1788888285 17738 4893221
0 148 5060068 0 1788888285 134371 4988590
1 147 5051092 0 1788888285 134514 5016122
3 75 5065098 0 1788888285 134607 4947760
0 149 5131467 0 1788888285 277167 5042014
1 148 5093444 0 1788888285 277419 5051114
2 76 5190990 0 1788888285 277548 5047643
0 150 5213401 0 1788888285 406789 5130662
1 149 5212291 0 1788888285 406871 5167294
3 76 5214341 0 1788888285 407210 5081363
0 151 5226064 0 1788888285 456658 5223696
1 150 5327017 0 1788888285 571859 5261495
2 77 5348238 0 1788888285 572047 5182787
3 77 5315098 0 1788888285 572142 5279215
0 152 5362761 0 1788888285 695152 5239361
1 151 5341468 0 1788888285 695270 5267134
2 78 5329055 0 1788888285 695529 5286462
0 153 5447646 0 1788888285 845793 5350367
1 152 5410835 0 1788888285 845977 5364865
3 78 5457887 0 1788888285 846570 5306326
0 154 5512449 0 1788888285 983497 5426338
1 153 5436258 0 1788888285 983591 5391541
2 79 5543372 0 1788888285 983659 5405127
0 155 5537544 0 1788888286 117663 5451889
1 154 5515821 0 1788888286 119432 5478408
3 79 5570624 0 1788888286 119563 5434458
0 156 5615115 0 1788888286 269200 5519257
1 155 5612286 0 1788888286 272998 5560759
2 80 5644805 0 1788888286 273683 5488263
0 157 5700153 0 1788888286 405246 5610653
1 156 5689464 0 1788888286 405373 5640958
3 80 5734359 0 1788888286 406091 5596928
0 158 5783915 0 1788888286 530785 5706591
1 157 5777314 0 1788888286 531121 5744198
2 81 5793060 0 1788888286 531359 5666732
0 159 5859801 0 1788888286 636627 5787196
1 158 5858964 0 1788888286 637113 5817807
3 81 5874154 0 1788888286 637303 5764411
0 160 5915611 0 1788888286 746841 5849223
1 159 5913473 0 1788888286 747363 5877577
2 82 5936676 0 1788888286 747462 5825627
0 161 5925974 0 1788888286 844448 5865274
1 160 5819532 0 1788888286 844597 5790452
3 82 6006907 0 1788888286 844719 5908576
0 162 5885533 0 1788888286 955469 5818060
1 161 5875513 0 1788888286 958358 5840987
2 83 5921522 0 1788888286 958567 5807138
0 163 5921793 0 1788888287 66577 5842662
1 162 5880698 0 1788888287 66722 5833275
3 83 5959792 0 1788888287 67066 5848032
0 164 5950225 0 1788888287 166726 5888004
1 163 5949625 0 1788888287 167329 5918617
2 84 5979740 0 1788888287 167430 5876508
0 165 6095817 0 1788888287 319207 5976757
1 164 6094921 0 1788888287 319371 6048056
3 84 6098262 0 1788888287 319519 5945286
0 166 6088505 0 1788888287 376391 6084578
1 165 6223568 0 1788888287 517607 6127262
2 85 6292207 0 1788888287 517811 6088459
3 85 6149552 0 1788888287 517919 6096926
0 167 6264459 0 1788888287 637002 6144827
1 166 6260159 0 1788888287 637300 6179657
2 86 6254719 0 1788888287 637496 6218752
0 168 6274872 0 1788888287 673905 6272224
1 167 6306337 0 1788888287 760792 6250223
2 87 6281598 0 1788888287 760917 6253084
3 86 6377077 0 1788888287 761058 6252736
0 169 6362967 0 1788888287 846572 6276957
1 168 6360813 0 1788888287 847067 6303792
2 88 6354662 0 1788888287 847324 6321554
0 170 6503041 0 1788888288 5013 6381609
1 169 6497600 0 1788888288 5338 6421504
3 87 6514434 0 1788888288 7214 6353555
0 171 6623784 0 1788888288 157893 6531228
1 170 6623366 0 1788888288 158022 6590659
2 89 6633689 0 1788888288 158989 6479013
0 172 6695133 0 1788888288 267316 6632884
1 171 6667057 0 1788888288 267507 6638556
3 88 6703156 0 1788888288 267672 6593121
0 173 6735141 0 1788888288 360834 6680052
1 172 6721399 0 1788888288 361046 6693417
2 90 6745774 0 1788888288 361189 6651675
0 174 6643166 0 1788888288 440762 6598434
1 173 6633804 0 1788888288 440965 6611888
3 89 6767176 0 1788888288 441153 6686628
0 175 6695677 0 1788888288 519245 6645436
1 174 6671619 0 1788888288 519395 6645633
2 91 6703774 0 1788888288 519518 6624844
0 176 6734883 0 1788888288 604861 6683365
1 175 6729377 0 1788888288 605093 6702863
3 90 6751040 0 1788888288 605201 6664902
0 177 6748727 0 1788888288 671434 6707803
1 176 6747819 0 1788888288 671607 6728064
2 92 6768132 0 1788888288 671749 6701093
0 178 6726649 0 1788888288 734725 6683263
1 177 6721638 0 1788888288 734869 6699359
3 91 6729804 0 1788888288 735058 6666034
0 179 6759977 0 1788888288 801697 6714644
1 178 6742711 0 1788888288 801852 6716440
2 93 6769155 0 1788888288 801978 6701756
0 180 6717070 0 1788888288 861224 6677845
1 179 6713902 0 1788888288 862043 6693221
3 92 6737741 0 1788888288 864391 6674910
0 181 6697240 0 1788888288 924471 6658903
1 180 6681196 0 1788888288 924856 6661089
2 94 6772834 0 1788888288 925014 6708874
0 182 6697343 0 1788888288 986945 6659272
1 181 6677721 0 1788888288 987111 6658361
3 93 6732002 0 1788888288 987243 6669077
0 183 6713848 0 1788888289 52165 6669235
1 182 6696307 0 1788888289 52308 6673498
2 95 6731061 0 1788888289 52404 6665449
0 184 6734169 0 1788888289 120912 6688914
1 183 6731665 0 1788888289 121057 6709656
3 94 6755168 0 1788888289 121276 6685828
0 185 6753351 0 1788888289 186560 6710080
1 184 6753420 0 1788888289 186695 6732799
2 96 6775655 0 1788888289 186832 6709569
0 186 6791102 0 1788888289 256405 6750984
1 185 6751062 0 1788888289 256526 6730926
3 95 6809305 0 1788888289 256646 6739070
0 187 6818230 0 1788888289 338098 6764726
1 186 6743413 0 1788888289 338318 6715985
2 97 6819288 0 1788888289 338447 6737103
0 188 6800991 0 1788888289 403526 6758282
1 187 6788236 0 1788888289 404108 6765538
3 96 6806299 0 1788888289 404261 6739974
0 189 6798266 0 1788888289 464799 6756988
1 188 6746852 0 1788888289 464972 6725476
2 98 6829604 0 1788888289 465142 6767842
0 190 6702930 0 1788888289 522961 6665779
1 189 6672875 0 1788888289 523085 6653489
3 97 6776025 0 1788888289 523279 6717349
0 191 6680627 0 1788888289 585327 6637644
1 190 6647085 0 1788888289 585488 6623465
2 99 6715125 0 1788888289 585609 6652331
0 192 6695920 0 1788888289 645932 6654522
1 191 6695793 0 1788888289 647458 6673979
3 98 6708852 0 1788888289 648128 6645909
0 193 6718462 0 1788888289 705973 6680945
1 192 6688844 0 1788888289 706152 6670252
2 100 6724860 0 1788888289 706273 6664180
0 194 6737202 0 1788888289 765588 6698356
1 193 6712860 0 1788888289 765987 6691663
3 99 6742447 0 1788888289 766707 6681556
0 195 6693794 0 1788888289 823729 6656472
1 194 6646074 0 1788888289 823891 6627908
2 101 6732641 0 1788888289 824013 6673237
0 196 6656140 0 1788888289 883994 6615991
1 195 6650105 0 1788888289 884615 6627713
3 100 6675012 0 1788888289 884769 6613833
0 197 6676441 0 1788888289 942172 6639024
1 196 6653963 0 1788888289 942335 6634668
2 102 6681466 0 1788888289 942470 6622834
0 198 6710830 0 1788888290 5806 6668762
1 197 6693805 0 1788888290 5968 6672402
3 101 6717441 0 1788888290 6151 6653215
0 199 6702417 0 1788888290 70301 6656929
1 198 6684147 0 1788888290 70426 6657690
2 103 6755762 0 1788888290 70627 6690765
0 200 6706714 0 1788888290 141664 6659083
1 199 6682106 0 1788888290 141794 6659093
3 102 6752081 0 1788888290 142763 6679308
0 201 6748294 0 1788888290 217355 6702540
1 200 6665242 0 1788888290 217484 6642086
2 104 6752580 0 1788888290 217566 6676537
0 202 6766560 0 1788888290 347684 6663146
1 201 6655951 0 1788888290 347805 6598453
3 103 6767320 0 1788888290 347892 6636597
0 203 6745007 0 1788888290 471058 6667208
1 202 6717431 0 1788888290 471218 6684590
2 105 6773166 0 1788888290 471308 6649273
0 204 6782982 0 1788888290 562271 6720690
1 203 6761222 0 1788888290 562601 6727197
3 104 6787531 0 1788888290 566713 6691663
0 205 6828373 0 1788888290 637972 6778289
1 204 6827793 0 1788888290 638621 6801258
2 106 6831070 0 1788888290 638846 6754170
0 206 6916171 0 1788888290 732754 6856625
1 205 6906294 0 1788888290 733398 6874508
3 105 6920360 0 1788888290 734546 6823547
0 207 6971770 0 1788888290 832962 6910438
1 206 6963490 0 1788888290 833098 6930290
2 107 6975366 0 1788888290 836176 6871125
0 208 6997712 0 1788888290 936419 6928009
1 207 6962824 0 1788888290 936579 6931167
3 106 7027642 0 1788888290 937371 6922931
0 209 7022817 0 1788888291 19670 6967407
1 208 6992143 0 1788888291 19782 6965649
2 108 7033912 0 1788888291 19874 6950098
0 210 7055215 0 1788888291 93276 7004995
1 209 7036586 0 1788888291 93412 7011689
3 107 7061694 0 1788888291 93544 6987671
0 211 7095101 0 1788888291 168797 7046623
1 210 7085696 0 1788888291 168967 7058621
2 109 7108879 0 1788888291 169142 7032766
0 212 7126768 0 1788888291 236378 7081681
1 211 7120493 0 1788888291 236551 7095531
3 108 7146195 0 1788888291 237165 7077664
0 213 7148081 0 1788888291 303032 7104710
1 212 7135794 0 1788888291 303215 7113172
2 110 7172304 0 1788888291 303539 7104958
0 214 7184712 0 1788888291 376820 7135202
1 213 7149812 0 1788888291 376947 7128649
3 109 7198236 0 1788888291 377099 7124022
0 215 7157802 0 1788888291 445221 7113742
1 214 7103736 0 1788888291 445352 7083195
2 111 7165868 0 1788888291 445476 7097060
0 216 7123606 0 1788888291 516744 7075682
1 215 7024980 0 1788888291 516891 6999846
3 110 7142880 0 1788888291 516980 7070962
0 217 7083540 0 1788888291 594987 7029398
1 216 7053813 0 1788888291 595166 7029894
2 112 7091827 0 1788888291 595490 7012848
0 218 7124538 0 1788888291 670343 7076188
1 217 7123687 0 1788888291 670518 7099315
3 111 7125921 0 1788888291 670605 7050094
0 219 7192573 0 1788888291 750721 7135392
1 218 7187336 0 1788888291 750941 7153354
2 113 7194287 0 1788888291 751081 7113411
0 220 7216602 0 1788888291 827005 7166225
1 219 7207464 0 1788888291 827176 7184433
3 112 7260340 0 1788888291 827358 7182714
0 221 7257926 0 1788888291 906812 7206965
1 220 7250799 0 1788888291 907001 7228412
2 114 7284187 0 1788888291 907094 7203944
0 222 7305404 0 1788888291 977316 7256039
1 221 7299866 0 1788888291 977413 7277014
3 113 7315075 0 1788888291 977490 7244243
0 223 7345648 0 1788888292 59484 7291860
1 222 7343470 0 1788888292 59701 7317086
2 115 7369287 0 1788888292 59786 7286674
0 224 7376913 0 1788888292 143144 7323603
1 223 7348366 0 1788888292 143480 7320325
3 114 7393048 0 1788888292 144266 7308116
0 225 7382067 0 1788888292 226222 7330835
1 224 7360000 0 1788888292 226329 7333925
2 116 7421384 0 1788888292 226437 7337874
0 226 7389496 0 1788888292 321063 7325949
1 225 7362182 0 1788888292 321368 7333980
3 115 7436765 0 1788888292 321441 7341238
0 227 7423182 0 1788888292 407268 7374884
1 226 7407845 0 1788888292 407378 7385243
2 117 7429382 0 1788888292 407443 7342863
0 228 7390873 0 1788888292 487030 7339250
1 227 7355288 0 1788888292 487194 7327805
3 116 7394075 0 1788888292 487284 7313895
0 229 7382811 0 1788888292 583640 7313208
1 228 7337622 0 1788888292 583836 7300736
2 118 7443690 0 1788888292 583930 7346628
0 230 7482183 0 1788888292 745588 7400645
1 229 7477849 0 1788888292 749690 7443575
3 117 7502447 0 1788888292 749839 7335978
0 231 7491107 0 1788888292 856766 7420948
1 230 7477250 0 1788888292 857009 7443579
2 119 7555440 0 1788888292 857582 7443229
0 232 7450693 0 1788888292 948957 7401306
1 231 7450010 0 1788888292 949105 7427695
3 118 7549090 0 1788888292 951048 7454409
0 233 7494197 0 1788888293 14890 7453200
1 232 7493330 0 1788888293 15035 7472710
2 120 7504893 0 1788888293 15151 7438447
0 234 7536079 0 1788888293 83781 7489526
1 233 7518900 0 1788888293 83881 7493692
3 119 7557992 0 1788888293 83961 7488757
0 235 7487187 0 1788888293 148665 7448051
1 234 7454456 0 1788888293 148835 7434658
2 121 7544348 0 1788888293 148988 7478861
0 236 7494073 0 1788888293 209586 7455123
1 235 7490004 0 1788888293 209761 7469686
3 120 7505812 0 1788888293 209918 7444418
0 237 7520293 0 1788888293 267149 7482041
1 236 7518690 0 1788888293 268073 7497560
2 122 7548563 0 1788888293 268815 7489180
0 238 7563176 0 1788888293 327353 7523973
1 237 7561618 0 1788888293 327514 7541339
3 121 7577278 0 1788888293 327604 7516406
0 239 7618587 0 1788888293 392269 7575150
1 238 7618647 0 1788888293 392440 7597319
2 123 7621364 0 1788888293 392559 7556018
0 240 7669830 0 1788888293 454661 7627383
1 239 7663297 0 1788888293 454878 7640675
3 122 7680712 0 1788888293 455006 7617798
0 241 7696294 0 1788888293 514101 7657293
1 240 7675966 0 1788888293 514831 7655550
2 124 7713201 0 1788888293 514990 7652706
0 242 7684492 0 1788888293 585700 7636505
1 241 7616179 0 1788888293 587324 7588603
3 123 7704809 0 1788888293 587513 7631256
0 243 7629053 0 1788888293 648506 7589113
1 242 7627749 0 1788888293 648673 7607904
2 125 7639967 0 1788888293 648799 7576617
0 244 7685157 0 1788888293 726590 7632051
1 243 7664875 0 1788888293 726831 7638399
3 124 7701407 0 1788888293 727190 7622578
0 245 7698450 0 1788888293 797340 7648885
1 244 7693166 0 1788888293 798008 7671408
2 126 7706435 0 1788888293 798439 7634347
0 246 7684043 0 1788888293 872010 7636449
1 245 7682814 0 1788888293 872154 7658556
3 125 7695589 0 1788888293 872245 7620489
0 247 7750879 0 1788888293 955911 7692608
1 246 7727472 0 1788888293 956084 7696370
2 127 7762736 0 1788888293 956207 7678376
0 248 7792752 0 1788888294 27336 7746189
1 247 7790008 0 1788888294 27412 7766024
3 126 7792966 0 1788888294 27462 7721234
0 249 7819997 0 1788888294 100303 7775954
1 248 7674968 0 1788888294 101218 7651771
2 128 7842925 0 1788888294 101419 7768619
0 250 7734854 0 1788888294 188005 7677200
1 249 7709722 0 1788888294 188205 7680916
3 127 7742905 0 1788888294 188368 7654519
0 251 7790399 0 1788888294 275544 7733909
1 250 7786397 0 1788888294 275732 7759813
2 129 7795956 0 1788888294 275855 7707223
0 252 7835111 0 1788888294 349433 7787431
1 251 7818231 0 1788888294 349528 7793468
3 128 7837636 0 1788888294 349658 7763335
0 253 7858676 0 1788888294 430678 7805499
1 252 7829194 0 1788888294 430834 7803119
2 130 7892025 0 1788888294 431426 7809883
0 254 7901665 0 1788888294 509047 7849103
1 253 7878438 0 1788888294 509249 7852179
3 129 7903774 0 1788888294 509385 7824882
0 255 7937012 0 1788888294 576065 7892290
1 254 7926850 0 1788888294 576165 7905280
2 131 7939667 0 1788888294 576281 7872236
0 256 7982330 0 1788888294 651027 7938182
1 255 7967477 0 1788888294 651240 7945821
3 130 7983939 0 1788888294 651372 7908483
0 257 8014402 0 1788888294 726786 7961710
1 256 7995457 0 1788888294 726987 7968841
2 132 8016329 0 1788888294 727558 7939643
0 258 8040227 0 1788888294 803818 7986474
1 257 8036432 0 1788888294 804022 8008971
3 131 8057603 0 1788888294 804293 7979914
0 259 8088312 0 1788888294 885535 8040452
1 258 8048927 0 1788888294 885684 8023986
2 133 8099271 0 1788888294 885860 8016927
0 260 8107780 0 1788888294 968202 8055246
1 259 8104239 0 1788888294 968676 8080318
3 132 8119206 0 1788888294 969097 8035425
0 261 8139923 0 1788888295 41588 8094255
1 260 8138538 0 1788888295 41735 8114861
2 134 8177874 0 1788888295 42409 8102999
0 262 8151997 0 1788888295 116396 8101269
1 261 8119654 0 1788888295 116574 8095100
3 133 8203269 0 1788888295 116754 8127953
0 263 8174276 0 1788888295 200668 8118461
1 262 8156638 0 1788888295 200963 8130896
2 135 8177070 0 1788888295 201153 8092136
0 264 8113613 0 1788888295 287437 8056556
1 263 8112016 0 1788888295 287694 8088974
3 134 8236832 0 1788888295 287790 8149467
0 265 8178373 0 1788888295 365931 8127045
1 264 8165465 0 1788888295 366148 8138603
2 136 8186060 0 1788888295 368156 8105168
0 266 8173590 0 1788888295 434827 8132053
1 265 8164793 0 1788888295 435006 8143712
3 135 8217800 0 1788888295 435137 8148440
0 267 8231740 0 1788888295 521622 8172206
1 266 8211381 0 1788888295 522158 8182499
2 137 8248763 0 1788888295 522308 8161130
0 268 8198909 0 1788888295 590412 8155088
1 267 8172537 0 1788888295 590572 8149481
3 136 8246736 0 1788888295 590707 8176175
0 269 8192551 0 1788888295 665944 8142009
1 268 8155586 0 1788888295 666093 8125513
2 138 8193732 0 1788888295 666813 8117127
0 270 8210066 0 1788888295 742720 8160206
1 269 8197430 0 1788888295 742887 8172226
3 137 8220190 0 1788888295 742975 8142983
0 271 8220888 0 1788888295 819884 8170735
1 270 8216479 0 1788888295 820094 8194319
2 139 8244781 0 1788888295 820240 8166909
0 272 8237401 0 1788888295 908649 8176374
1 271 8224398 0 1788888295 908829 8195188
3 138 8239831 0 1788888295 908956 8150535
0 273 8266667 0 1788888295 991886 8214367
1 272 8252895 0 1788888295 992119 8224253
2 140 8270374 0 1788888295 992323 8186514
0 274 8306787 0 1788888296 65305 8258209
1 273 8301581 0 1788888296 65552 8279980
3 139 8312603 0 1788888296 65730 8238594
0 275 8348487 0 1788888296 136120 8303162
1 274 8333451 0 1788888296 136458 8310586
2 141 8353021 0 1788888296 136553 8281611
0 276 8390590 0 1788888296 206480 8346360
1 275 8379932 0 1788888296 206730 8356156
3 140 8396699 0 1788888296 206817 8325869
0 277 8422344 0 1788888296 277508 8378434
1 276 8404702 0 1788888296 277732 8382756
2 142 8423061 0 1788888296 278073 8351257
0 278 8468069 0 1788888296 343661 8424346
1 277 8468013 0 1788888296 343851 8446041
3 141 8469401 0 1788888296 343945 8402815
0 279 8490413 0 1788888296 407881 8448239
1 278 8485515 0 1788888296 408089 8465291
2 143 8493157 0 1788888296 408316 8428331
0 280 8519464 0 1788888296 473461 8476387
1 279 8513176 0 1788888296 473618 8489110
3 142 8539195 0 1788888296 473750 8473177
0 281 8561356 0 1788888296 544910 8513034
1 280 8561172 0 1788888296 545089 8532250
2 144 8582612 0 1788888296 545255 8510632
0 282 8569977 0 1788888296 612725 8526756
1 281 8566911 0 1788888296 612920 8545426
3 143 8615698 0 1788888296 613308 8547102
0 283 8615894 0 1788888296 679992 8570107
1 282 8583750 0 1788888296 680172 8557960
2 145 8625022 0 1788888296 680256 8557344
0 284 8642504 0 1788888296 753182 8597308
1 283 8640997 0 1788888296 753316 8616102
3 144 8649960 0 1788888296 753460 8576310
0 285 8698071 0 1788888296 827704 8650323
1 284 8696874 0 1788888296 827809 8669625
2 146 8709330 0 1788888296 827896 8634473
0 286 8745391 0 1788888296 901769 8696166
1 285 8704959 0 1788888296 901910 8682769
3 145 8748609 0 1788888296 902053 8674063
0 287 8736245 0 1788888296 971467 8695199
1 286 8728252 0 1788888296 971640 8706898
2 147 8765857 0 1788888296 971839 8695620
0 288 8731320 0 1788888297 42316 8681656
1 287 8663626 0 1788888297 42465 8634252
3 146 8768070 0 1788888297 42621 8696669
0 289 8701502 0 1788888297 113187 8653048
1 288 8694354 0 1788888297 113306 8671317
2 148 8703733 0 1788888297 113397 8632379
0 290 8758653 0 1788888297 183572 8709894
1 289 8740018 0 1788888297 183682 8716233
3 147 8762573 0 1788888297 183788 8691821
0 291 8789400 0 1788888297 254520 8738102
1 290 8763407 0 1788888297 254705 8737127
2 149 8793662 0 1788888297 254837 8722262
0 292 8802987 0 1788888297 317232 8763058
1 291 8795742 0 1788888297 317407 8774235
3 148 8808311 0 1788888297 317520 8745132
0 293 8804084 0 1788888297 381301 8760497
1 292 8790629 0 1788888297 381434 8768836
2 150 8821262 0 1788888297 381550 8756796
0 294 8777967 0 1788888297 442398 8736171
1 293 8755567 0 1788888297 442944 8731590
3 149 8796424 0 1788888297 443059 8734518
0 295 8802389 0 1788888297 500169 8763971
1 294 8741700 0 1788888297 500317 8722073
2 151 8808479 0 1788888297 500425 8750284
0 296 8793359 0 1788888297 560201 8752301
1 295 8765850 0 1788888297 560357 8746394
3 150 8798146 0 1788888297 560450 8737712
0 297 8767350 0 1788888297 625184 8722987
1 296 8762871 0 1788888297 625385 8739096
2 152 8804982 0 1788888297 625478 8739542
0 298 8696772 0 1788888297 685945 8657250
1 297 8683273 0 1788888297 686533 8663008
3 151 8710188 0 1788888297 686662 8648548
0 299 8709697 0 1788888297 748444 8669807
1 298 8707550 0 1788888297 748606 8687587
2 153 8743295 0 1788888297 748754 8680290
0 300 8750264 0 1788888297 811527 8706449
1 299 8748530 0 1788888297 811696 8728042
3 152 8757567 0 1788888297 811782 8694084
0 301 8744102 0 1788888297 869234 8706619
1 300 8714402 0 1788888297 869425 8695828
2 154 8787405 0 1788888297 869540 8729249
0 302 8715890 0 1788888297 936437 8673880
1 301 8713302 0 1788888297 936962 8694272
3 153 8749785 0 1788888297 937110 8681806
0 303 8738180 0 1788888297 998048 8699228
1 302 8734798 0 1788888297 998278 8716210
2 155 8751121 0 1788888297 998402 8688976
0 304 8781280 0 1788888298 64206 8740689
1 303 8742772 0 1788888298 64364 8722691
3 154 8800887 0 1788888298 64443 8734347
0 305 8755041 0 1788888298 128947 8708870
1 304 8734556 0 1788888298 129098 8710294
2 156 8794733 0 1788888298 129226 8729559
0 306 8804906 0 1788888298 199856 8756356
1 305 8734616 0 1788888298 200457 8711458
3 155 8805759 0 1788888298 200548 8734021
0 307 8793938 0 1788888298 274766 8746932
1 306 8759256 0 1788888298 274871 8735424
2 157 8806060 0 1788888298 275001 8730788
0 308 8812368 0 1788888298 337754 8770786
1 307 8805624 0 1788888298 337927 8784135
3 156 8815870 0 1788888298 338048 8752426
0 309 8787381 0 1788888298 400545 8746367
1 308 8771435 0 1788888298 400698 8750596
2 158 8840528 0 1788888298 400790 8777286
0 310 8778298 0 1788888298 463283 8736958
1 309 8777704 0 1788888298 463821 8757230
3 157 8802779 0 1788888298 463951 8739112
0 311 8810294 0 1788888298 537344 8757738
1 310 8789584 0 1788888298 537472 8756981
2 159 8820500 0 1788888298 537550 8746103
0 312 8839387 0 1788888298 601009 8800081
1 311 8838154 0 1788888298 601177 8818389
3 158 8844819 0 1788888298 601457 8780521
0 313 8878168 0 1788888298 665440 8835166
1 312 8840034 0 1788888298 665552 8820309
2 160 8878721 0 1788888298 665853 8813736
0 314 8844723 0 1788888298 729434 8800373
1 313 8830755 0 1788888298 729584 8810247
3 159 8865210 0 1788888298 730344 8800001
0 315 8808844 0 1788888298 788510 8770727
1 314 8804302 0 1788888298 788651 8784695
2 161 8819833 0 1788888298 788979 8760158
0 316 8821045 0 1788888298 847427 8784802
1 315 8811245 0 1788888298 847586 8793715
3 160 8848844 0 1788888298 847666 8789570
0 317 8825210 0 1788888298 903018 8790365
1 316 8813212 0 1788888298 903161 8795668
2 162 8860521 0 1788888298 903332 8804490
0 318 8867123 0 1788888298 965530 8823513
1 317 8863139 0 1788888298 965673 8841101
3 161 8875088 0 1788888298 966320 8811658
0 319 8907086 0 1788888299 42987 8855664
1 318 8868640 0 1788888299 43189 8843263
2 163 8920868 0 1788888299 43307 8842925
0 320 8873229 0 1788888299 102874 8837910
1 319 8831206 0 1788888299 103039 8813476
3 162 8905039 0 1788888299 103215 8844617
0 321 8854250 0 1788888299 182945 8803933
1 320 8842818 0 1788888299 183122 8819496
2 164 8857023 0 1788888299 183282 8776419
0 322 8872289 0 1788888299 251525 8830089
1 321 8858657 0 1788888299 251621 8837804
3 163 8900694 0 1788888299 252228 8831237
0 323 8864138 0 1788888299 316510 8822989
1 322 8862614 0 1788888299 316606 8843050
2 165 8915601 0 1788888299 316728 8850239
0 324 8911385 0 1788888299 385283 8865416
1 323 8890739 0 1788888299 385414 8867708
3 164 8921602 0 1788888299 385525 8852409
0 325 8925655 0 1788888299 449441 8881900
1 324 8910367 0 1788888299 449606 8887221
2 166 8936165 0 1788888299 449753 8871522
0 326 8942307 0 1788888299 508610 8903409
1 325 8918524 0 1788888299 508886 8897661
3 165 8968133 0 1788888299 509724 8907609
0 327 8961754 0 1788888299 571604 8922476
1 326 8949197 0 1788888299 571753 8928662
2 167 8967175 0 1788888299 571868 8903135
0 328 8966958 0 1788888299 628470 8928420
1 327 8959785 0 1788888299 628611 8940137
3 166 8994737 0 1788888299 628728 8937468
0 329 8946968 0 1788888299 685427 8909319
1 328 8946662 0 1788888299 685575 8927106
2 168 8950521 0 1788888299 685732 8893082
0 330 8977895 0 1788888299 748415 8936460
1 329 8974380 0 1788888299 748565 8955630
3 167 9003181 0 1788888299 749180 8939290
0 331 9008161 0 1788888299 804306 8971622
1 330 8980548 0 1788888299 804415 8961762
2 169 9018097 0 1788888299 804573 8961797
0 332 8963123 0 1788888299 864816 8922114
1 331 8956051 0 1788888299 865005 8936278
3 168 8965238 0 1788888299 865242 8904171
0 333 8989974 0 1788888299 921901 8953476
1 332 8969344 0 1788888299 922042 8950085
2 170 9005476 0 1788888299 922163 8947995
0 334 9023697 0 1788888299 983563 8984253
1 333 8954277 0 1788888299 983695 8934456
3 169 9030279 0 1788888299 983827 8968221
0 335 8946479 0 1788888300 45812 8903333
1 334 8918092 0 1788888300 45918 8893305
2 171 8991988 0 1788888300 46044 8929359
0 336 8937656 0 1788888300 105063 8897872
1 335 8922948 0 1788888300 105224 8901843
3 170 8968020 0 1788888300 105357 8908336
0 337 8934875 0 1788888300 165894 8895492
1 336 8931130 0 1788888300 166006 8911777
2 172 8970360 0 1788888300 166088 8909195
0 338 8929858 0 1788888300 228030 8888262
1 337 8915757 0 1788888300 228191 8892811
3 171 8989242 0 1788888300 228360 8926633
0 339 8921447 0 1788888300 289473 8882437
1 338 8890049 0 1788888300 289669 8869848
2 173 8922531 0 1788888300 289821 8860579
0 340 8879088 0 1788888300 353108 8838818
1 339 8874148 0 1788888300 353227 8854443
3 172 8927250 0 1788888300 353301 8863281
0 341 8761524 0 1788888300 416422 8717906
1 340 8706141 0 1788888300 416580 8685416
2 174 8785799 0 1788888300 416721 8722059
0 342 8737709 0 1788888300 479516 8695938
1 341 8735711 0 1788888300 479679 8713136
3 173 8766364 0 1788888300 479799 8702828
0 343 8790047 0 1788888300 544676 8745159
1 342 8787560 0 1788888300 544838 8763253
2 175 8796304 0 1788888300 544955 8730694
0 344 8835570 0 1788888300 603623 8796158
1 343 8822424 0 1788888300 603780 8802595
3 174 8845030 0 1788888300 606543 8782977
0 345 8880953 0 1788888300 678355 8829866
1 344 8876239 0 1788888300 678540 8846738
2 176 8885963 0 1788888300 678627 8810831
0 346 8898337 0 1788888300 751108 8848066
1 345 8887098 0 1788888300 751240 8859545
3 175 8899468 0 1788888300 751367 8826255
0 347 8942031 0 1788888300 839122 8884857
1 346 8871841 0 1788888300 839271 8842485
2 177 8949235 0 1788888300 839358 8860825
0 348 8923831 0 1788888300 930283 8866355
1 347 8923769 0 1788888300 930477 8896667
3 176 8956780 0 1788888300 930733 8864927
0 349 8998830 0 1788888301 24299 8940875
1 348 8966480 0 1788888301 24716 8941579
2 178 9000473 0 1788888301 25183 8905303
0 350 8910732 0 1788888301 102477 8859794
1 349 8899001 0 1788888301 102672 8870847
3 177 9008720 0 1788888301 102768 8930053
0 351 8953629 0 1788888301 187141 8900311
1 350 8944688 0 1788888301 187640 8916548
2 179 8956802 0 1788888301 187709 8871379
0 352 8990621 0 1788888301 257393 8941120
1 351 8987821 0 1788888301 257775 8962173
3 178 9008628 0 1788888301 258370 8937233
0 353 9054835 0 1788888301 347900 9000033
1 352 9040378 0 1788888301 348077 9013779
2 180 9059154 0 1788888301 348179 8968209
0 354 9099942 0 1788888301 439208 9046041
1 353 9050546 0 1788888301 439387 9025245
3 179 9104608 0 1788888301 439490 9012849
0 355 9097254 0 1788888301 520179 9046106
1 354 9095278 0 1788888301 520722 9072259
2 181 9115032 0 1788888301 520919 9033134
0 356 9089094 0 1788888301 584901 9045378
1 355 9061533 0 1788888301 585058 9038938
3 180 9152406 0 1788888301 585149 9087276
0 357 9031586 0 1788888301 652095 8987569
1 356 9030016 0 1788888301 652225 9009224
2 182 9097504 0 1788888301 652344 9029907
0 358 9063351 0 1788888301 719865 9017221
1 357 9058979 0 1788888301 720064 9037935
3 181 9074795 0 1788888301 720232 9006509
0 359 9114781 0 1788888301 796553 9067228
1 358 9109595 0 1788888301 797751 9085669
2 183 9124626 0 1788888301 797905 9046420
0 360 9157886 0 1788888301 867592 9111081
1 359 9154388 0 1788888301 867843 9133650
3 182 9175456 0 1788888301 867937 9103882
0 361 9154432 0 1788888301 935089 9111051
1 360 9153119 0 1788888301 935262 9130940
2 184 9219995 0 1788888301 935391 9152048
0 362 9198065 0 1788888302 379 9154620
1 361 9187329 0 1788888302 604 9163488
3 183 9205555 0 1788888302 1497 9138991
0 363 9232785 0 1788888302 67603 9191162
1 362 9225996 0 1788888302 69206 9206099
2 185 9248553 0 1788888302 69362 9179387
0 364 9277310 0 1788888302 131441 9235121
1 363 9262933 0 1788888302 131615 9241057
3 184 9280779 0 1788888302 131704 9216534
0 365 9253065 0 1788888302 192283 9213705
1 364 9233325 0 1788888302 192388 9212681
2 186 9307900 0 1788888302 192532 9246614
0 366 9217453 0 1788888302 251264 9178955
1 365 9185802 0 1788888302 251418 9166582
3 185 9232892 0 1788888302 251534 9173509
0 367 9189786 0 1788888302 311462 9149561
1 366 9189459 0 1788888302 311771 9169242
2 187 9223092 0 1788888302 312546 9161646
0 368 9219945 0 1788888302 369443 9184715
1 367 9213714 0 1788888302 369585 9196018
3 186 9224207 0 1788888302 369667 9165458
0 369 9183693 0 1788888302 425810 9147925
1 368 9166189 0 1788888302 425970 9148164
2 188 9233530 0 1788888302 426487 9176355
0 370 9200663 0 1788888302 493945 9156147
1 369 9194296 0 1788888302 494085 9170170
3 187 9229251 0 1788888302 494389 9160542
0 371 9248877 0 1788888302 564480 9204095
1 370 9241960 0 1788888302 564587 9220861
2 189 9254132 0 1788888302 565374 9182544
0 372 9272170 0 1788888302 623664 9233983
1 371 9228713 0 1788888302 623789 9210360
3 188 9276909 0 1788888302 623864 9217183
0 373 9273331 0 1788888302 686767 9230306
1 372 9260798 0 1788888302 686857 9239623
2 190 9285229 0 1788888302 686929 9221804
0 374 9230820 0 1788888302 748691 9190528
1 373 9225742 0 1788888302 748963 9203510
3 189 9295394 0 1788888302 749045 9232928
0 375 9196045 0 1788888302 821947 9148876
1 374 9164446 0 1788888302 822206 9141546
2 191 9283767 0 1788888302 823141 9209184
0 376 9185312 0 1788888302 889467 9145770
1 375 9149623 0 1788888302 889750 9130535
3 190 9194742 0 1788888302 889935 9126614
0 377 9117038 0 1788888302 964952 9063146
1 376 9107405 0 1788888302 965132 9079310
2 192 9133705 0 1788888302 965256 9057762
0 378 9054457 0 1788888303 40910 9002873
1 377 9052553 0 1788888303 41014 9021066
3 191 9071971 0 1788888303 41089 8995622
0 379 9091594 0 1788888303 138721 9038332
1 378 9064015 0 1788888303 138864 9040208
2 193 9102951 0 1788888303 139492 9004218
0 380 9151105 0 1788888303 233590 9084861
1 379 9134356 0 1788888303 233831 9096597
3 192 9157299 0 1788888303 234000 9061852
0 381 9211027 0 1788888303 318735 9153326
1 380 9170058 0 1788888303 318956 9139047
2 194 9213375 0 1788888303 319180 9127546
0 382 9226621 0 1788888303 410083 9161931
1 381 9221345 0 1788888303 410355 9190360
3 193 9257064 0 1788888303 410496 9165048
0 383 9232054 0 1788888303 481880 9185946
1 382 9138937 0 1788888303 482055 9115936
2 195 9236927 0 1788888303 482640 9164072
0 384 9160332 0 1788888303 543141 9118194
1 383 9128695 0 1788888303 543355 9107071
3 194 9180562 0 1788888303 543448 9118813
0 385 9140296 0 1788888303 605143 9098766
1 384 9116474 0 1788888303 605283 9094834
2 196 9178807 0 1788888303 605413 9116395
0 386 9120162 0 1788888303 667679 9078145
1 385 9053413 0 1788888303 667829 9033809
3 195 9144139 0 1788888303 668113 9081023
0 387 9076217 0 1788888303 728017 9035812
1 386 9046352 0 1788888303 728150 9026716
2 197 9084983 0 1788888303 728288 9024214
0 388 9086344 0 1788888303 811190 9040369
1 387 9073781 0 1788888303 811370 9052563
3 196 9118212 0 1788888303 811507 9034576
0 389 9095879 0 1788888303 884902 9048310
1 388 9032280 0 1788888303 885089 9006814
2 198 9145232 0 1788888303 885443 9070802
0 390 9058919 0 1788888303 950095 9017570
1 389 9055426 0 1788888303 950391 9035619
3 197 9090877 0 1788888303 950486 9025143
0 391 9105698 0 1788888304 8075 9068038
1 390 9090030 0 1788888304 8183 9071545
2 199 9113055 0 1788888304 8335 9054665
0 392 9130173 0 1788888304 65198 9092660
1 391 9103000 0 1788888304 65379 9083900
3 198 9134643 0 1788888304 65505 9077085
0 393 9138548 0 1788888304 122635 9099224
1 392 9107566 0 1788888304 122761 9087699
2 200 9154589 0 1788888304 122898 9096744
0 394 9134770 0 1788888304 189821 9088443
1 393 9131580 0 1788888304 189991 9108693
3 199 9171256 0 1788888304 190142 9103612
0 395 9148965 0 1788888304 254547 9106745
1 394 9141374 0 1788888304 254705 9122377
2 201 9153276 0 1788888304 254787 9088171
0 396 9194181 0 1788888304 320223 9148448
1 395 9192075 0 1788888304 320423 9167913
3 200 9196330 0 1788888304 320508 9130227
0 397 9234841 0 1788888304 384927 9190826
1 396 9209811 0 1788888304 385063 9186130
2 202 9247324 0 1788888304 385186 9182168
0 398 9204635 0 1788888304 452542 9159988
1 397 9200271 0 1788888304 452682 9177517
3 201 9271039 0 1788888304 452808 9202996
0 399 9242979 0 1788888304 519607 9196693
1 398 9237360 0 1788888304 519944 9213371
2 203 9251958 0 1788888304 520071 9184260
0 400 9250868 0 1788888304 590289 9205376
1 399 9235271 0 1788888304 590466 9214731
3 202 9253699 0 1788888304 590552 9182595
0 401 9292635 0 1788888304 656970 9250396
1 400 9258791 0 1788888304 657120 9239495
2 204 9294288 0 1788888304 657248 9227134
0 402 9213987 0 1788888304 724309 9169015
1 401 9207993 0 1788888304 724527 9185033
3 203 9231150 0 1788888304 724616 9163370
0 403 9249303 0 1788888304 790846 9203869
1 402 9232779 0 1788888304 790991 9211686
2 205 9253648 0 1788888304 791159 9186652
0 404 9260731 0 1788888304 856592 9215752
1 403 9248684 0 1788888304 857203 9226279
3 204 9287958 0 1788888304 857512 9220993
0 405 9292963 0 1788888304 919745 9252227
1 404 9259087 0 1788888304 919876 9238110
2 206 9301105 0 1788888304 919997 9237533
0 406 9280657 0 1788888304 984320 9239574
1 405 9181428 0 1788888304 984481 9158771
3 205 9307974 0 1788888304 984563 9242999
0 407 9121451 0 1788888305 41932 9084019
1 406 9076549 0 1788888305 42046 9057602
2 207 9197672 0 1788888305 42187 9139662
0 408 9097588 0 1788888305 103545 9055494
1 407 9090679 0 1788888305 105581 9068094
3 206 9126465 0 1788888305 105722 9062541
0 409 9069525 0 1788888305 169359 9026860
1 408 9061223 0 1788888305 169524 9037911
2 208 9147674 0 1788888305 169649 9081415
0 410 9120604 0 1788888305 238510 9078718
1 409 9112542 0 1788888305 238598 9092157
3 207 9128288 0 1788888305 238666 9058632
0 411 9147634 0 1788888305 293843 9111505
1 410 9144786 0 1788888305 293957 9126486
2 209 9155445 0 1788888305 294069 9099760
0 412 9194720 0 1788888305 359900 9148228
1 411 9186266 0 1788888305 361176 9162832
3 208 9208483 0 1788888305 361269 9140982
0 413 9222454 0 1788888305 428169 9180543
1 412 9156554 0 1788888305 428323 9137150
2 210 9250455 0 1788888305 428405 9181779
0 414 9201744 0 1788888305 492799 9156728
1 413 9173166 0 1788888305 492974 9151443
3 209 9212576 0 1788888305 493263 9147327
0 415 9192525 0 1788888305 558367 9150842
1 414 9184092 0 1788888305 558527 9164554
2 211 9199843 0 1788888305 558638 9133826
0 416 9239549 0 1788888305 6186