4 1 84999 0 1788909485 554360 65873
5 1 172838 0 1788909486 165201 54050
6 1 145679 0 1788909486 165352 79644
7 1 99901 0 1788909486 181916 82864
4 2 53381 0 1788909487 204281 49428
5 2 106070 0 1788909487 460187 94991
6 2 56320 0 1788909488 788064 52215
7 2 87110 0 1788909489 73357 73618
4 3 57679 0 1788909489 238559 53647
5 3 47785 0 1788909489 349914 43503
6 3 99829 0 1788909489 928601 79798
7 3 111037 0 1788909490 221268 71819
4 4 66778 0 1788909490 611300 63244
5 4 66881 0 1788909490 785307 62390
6 4 80879 0 1788909491 749574 62000
7 4 73376 0 1788909492 987077 65518
4 5 68008 0 1788909493 83292 62931
