4 1 33103 0 1788909495 397773 29830
5 1 69583 0 1788909495 957255 38922
6 1 45677 0 1788909495 960661 41913
7 1 54659 0 1788909496 31984 48931
4 2 54234 0 1788909497 100444 50319
5 2 75474 0 1788909497 324901 68761
6 2 64158 0 1788909498 691212 55434
7 2 103157 0 1788909498 984713 98415
4 3 49832 0 1788909499 126022 40019
5 3 65854 0 1788909499 263294 61592
6 3 48537 0 1788909499 772618 44051
7 3 88496 0 1788909500 94037 84767
4 4 31502 0 1788909500 471334 28523
5 4 27032 0 1788909500 640767 24307
6 4 64378 0 1788909501 628383 60707
7 4 45235 0 1788909502 854246 39688
4 5 27909 0 1788909502 938503 24955
