4 1 40566 0 1788888394 316371 33137
5 1 163848 0 1788888394 962655 61245
6 1 136762 0 1788888394 962880 93631
7 1 91152 0 1788888394 979610 73344
4 2 27727 0 1788888395 985070 24012
5 2 26760 0 1788888396 187321 23635
6 2 23030 0 1788888397 561218 20895
7 2 26655 0 1788888397 819346 23332
4 3 21272 0 1788888398 8595 19338
5 3 25109 0 1788888398 133682 21883
6 3 22569 0 1788888398 657784 20383
7 3 49705 0 1788888398 966380 46842
4 4 19706 0 1788888399 370671 16928
5 4 51874 0 1788888399 576743 48268
6 4 16051 0 1788888400 491190 14044
7 4 40167 0 1788888401 760313 38284
4 5 53163 0 1788888401 874891 49202
5 5 53478 0 1788888402 875281 49702
6 5 26965 0 1788888404 182892 24608
7 5 16415 0 1788888404 922465 14789
4 6 14369 0 1788888405 933660 12935
5 6 20652 0 1788888407 298970 17997
6 6 21090 0 1788888407 372006 17251
7 6 30774 0 1788888410 636952 28518
4 7 21914 0 1788888411 63767 18666
5 7 22643 0 1788888411 170378 19623
6 7 48052 0 1788888411 408245 45677
7 7 15388 0 1788888412 545563 13349
4 8 15114 0 17888