0 1 54886 0 1788888394 650423 48476
1 1 87404 0 1788888395 509478 41570
2 1 56465 0 1788888395 513050 52716
3 1 21859 0 1788888396 311894 19744
0 2 21736 0 1788888396 468977 18292
1 2 25518 0 1788888397 879703 23197
2 2 20585 0 1788888398 546720 18633
3 2 17770 0 1788888400 720221 15966
0 3 53225 0 1788888401 758423 49657
1 3 48175 0 1788888402 417169 45159
2 3 19533 0 1788888402 627972 17719
3 3 23048 0 1788888403 53662 21229
0 4 15194 0 1788888403 435136 13589
1 4 30046 0 1788888404 227792 26796
2 4 19398