0 1 24620 0 1788888245 894764 22501
1 1 17767 0 1788888246 714447 16080
2 1 17935 0 1788888246 749126 16421
3 1 28937 0 1788888247 593579 26465
0 2 25165 0 1788888247 747013 23453
1 2 17414 0 1788888249 146206 15521
2 2 39703 0 1788888249 840446 36411
3 2 23521 0 1788888252 579 21434
0 3 56451 0 1788888253 36256 54093
1 3 27562 0 1788888253 671164 25652
2 3 14889 0 1788888253 897936 13190
3 3 22376 0 1788888254 327597 19699
0 4 13698 0 1788888254 708247 12307
1 4 24555 0 1788888255 496907 20689
2 4 56713 0 