4 1 68844 0 1788888245 619234 63970
5 1 23010 0 1788888246 96402 21195
6 1 21724 0 1788888246 122428 19416
7 1 27955 0 1788888246 190999 25502
4 2 18579 0 1788888247 250508 16915
5 2 23050 0 1788888247 458196 20729
6 2 17487 0 1788888248 830261 15307
7 2 16423 0 1788888249 83699 14362
4 3 15716 0 1788888249 277626 14155
5 3 18181 0 1788888249 401340 16188
6 3 17269 0 1788888249 927070 15594
7 3 49979 0 1788888250 241240 46197
4 4 20082 0 1788888250 645633 16774
5 4 27572 0 1788888250 827027 24849
6 4 19607 0 1788888251 769332 17961
7 4 46167 0 1788888253 40898 43733
4 5 67393 0 1788888253 163708 59164
5 5 23270 0 1788888254 119659 21164
6 5 36862 0 1788888255 467374 33089
7 5 26957 0 1788888256 207593 24502
4 6 15921 0 1788888257 209799 14319
5 6 19412 0 1788888258 572316 16524
6 6 15262 0 1788888258 640764 13843
7 6 20691 0 1788888261 901455 19024
4 7 56200 0 1788888262 372639 51728
5 7 12338 0 1788888262 434659 11055
6 7 27307 0 1788888262 662086 24783
7 7 53200 0 1788888263 857960 48837
4 8 28692 0 1788888