4 1 90109 0 1788889095 217203 82003
5 1 341705 0 1788889095 991800 97116
6 1 314552 0 1788889095 991958 160499
7 1 269405 0 1788889096 9153 251769
4 2 66996 0 1788889096 875629 62259
5 2 50857 0 1788889097 62707 46298
6 2 55414 0 1788889098 444891 47213
7 2 53401 0 1788889098 697380 49439
4 3 47133 0 1788889098 885746 42808
5 3 35006 0 1788889098 994868 30622
6 3 47812 0 1788889099 534317 43984
7 3 36982 0 1788889099 804946 33781
4 4 31751 0 1788889100 234006 28628
5 4 23477 0 1788889100 399636 21128
6 4 36486 0 1788889101 362915 31623
7 4 29258 0 1788889102 600693 25913
4 5 27293 0 1788889102 700310 23889
