4 1 20659 0 1788889220 666515 18691
5 1 19869 0 1788889221 188727 17738
6 1 19831 0 1788889221 216000 16299
7 1 21293 0 1788889221 279803 19481
4 2 48085 0 1788889222 375480 45210
5 2 22149 0 1788889222 552761 19097
6 2 20604 0 1788889223 928844 17930
7 2 21177 0 1788889224 183920 17925
4 3 20066 0 1788889224 377442 18074
5 3 21971 0 1788889224 500596 19554
6 3 25409 0 1788889225 30677 23019
7 3 51979 0 1788889225 338706 48756
4 4 43976 0 1788889225 764993 41513
5 4 62461 0 1788889225 957382 58768
6 4 21480 0 1788889226 866671 19876
7 4 19465 0 1788889228 109663 17193
4 5 15926 0 1788889228 207706 14189
