4 1 26211 0 1788889191 722491 23665
5 1 19419 0 1788889192 238701 17387
6 1 19374 0 1788889192 265968 17426
7 1 25506 0 1788889192 334440 23143
4 2 17595 0 1788889193 395414 14924
5 2 47187 0 1788889193 628224 44088
6 2 27887 0 1788889194 986552 25678
7 2 21236 0 1788889195 234402 18786
4 3 28583 0 1788889195 436382 25877
5 3 19424 0 1788889195 548474 17451
6 3 17706 0 1788889196 73397 16027
7 3 22039 0 1788889196 359190 19422
4 4 34074 0 1788889196 805516 30558
5 4 29180 0 1788889196 974526 26833
6 4 22547 0 1788889197 918163 20293
7 4 26442 0 1788889199 167063 22740
4 5 21787 0 1788889199 263992 19429
