4 1 17988 0 1788889201 336144 15809
5 1 23867 0 1788889201 865025 21727
6 1 21398 0 1788889201 889867 19534
7 1 23446 0 1788889201 954256 20825
4 2 22944 0 1788889203 22640 20185
5 2 21399 0 1788889203 224311 19436
6 2 22153 0 1788889204 602694 19620
7 2 22817 0 1788889204 857860 20465
4 3 20157 0 1788889205 49833 18225
5 3 22673 0 1788889205 173599 19167
6 3 20810 0 1788889205 698377 18873
7 3 21325 0 1788889205 980352 19354
4 4 21215 0 1788889206 414532 18772
5 4 25834 0 1788889206 593055 22304
6 4 19879 0 1788889207 537370 17842
7 4 56655 0 1788889208 819153 48513
4 5 21097 0 1788889208 885177 18905
