4 1 30618 0 1788889182 89390 27785
5 1 25171 0 1788889182 606946 22828
6 1 26256 0 1788889182 635341 23626
7 1 23555 0 1788889182 694981 21245
4 2 31055 0 1788889183 771367 28314
5 2 27124 0 1788889183 970653 24875
6 2 20135 0 1788889185 341292 18137
7 2 20152 0 1788889185 595810 18230
4 3 37335 0 1788889185 807626 35396
5 3 21190 0 1788889185 912731 18886
6 3 29067 0 1788889186 447251 26332
7 3 23532 0 1788889186 723175 21709
4 4 40535 0 1788889187 174469 37305
5 4 21100 0 1788889187 328937 18382
6 4 22686 0 1788889188 280794 20505
7 4 25711 0 1788889189 528825 23748
4 5 30799 0 1788889189 635495 27863
