4 1 24084 0 1788889210 980860 21887
5 1 21571 0 1788889211 501350 19277
6 1 22572 0 1788889211 529661 20472
7 1 22714 0 1788889211 592144 19410
4 2 30785 0 1788889212 669101 28514
5 2 27477 0 1788889212 869009 25232
6 2 38756 0 1788889214 257916 36297
7 2 18380 0 1788889214 492043 16611
4 3 34176 0 1788889214 702472 31429
5 3 33210 0 1788889214 822755 31122
6 3 15218 0 1788889215 331405 13594
7 3 16261 0 1788889215 613909 12971
4 4 20387 0 1788889216 52324 18587
5 4 20393 0 1788889216 226234 18375
6 4 27583 0 1788889217 183695 23017
7 4 20910 0 1788889218 422027 18942
4 5 21385 0 1788889218 524086 19250
