4 1 23994 0 1788889104 823613 21481
5 1 51812 0 1788889105 374433 24724
6 1 26900 0 1788889105 376833 24365
7 1 22634 0 1788889105 434908 20078
4 2 30345 0 1788889106 511503 27635
5 2 44943 0 1788889106 729318 41783
6 2 27253 0 1788889108 89256 24272
7 2 26645 0 1788889108 343150 22330
4 3 25741 0 1788889108 536880 22925
5 3 24707 0 1788889108 657096 22438
6 3 48276 0 1788889109 207306 41850
7 3 36985 0 1788889109 477476 33305
4 4 22599 0 1788889109 897380 20516
5 4 33313 0 1788889110 81998 30247
6 4 24070 0 1788889111 23024 20181
7 4 36077 0 1788889112 280038 31887
4 5 31735 0 1788889112 377278 28087
