4 1 29424 0 1788889114 483436 26839
5 1 23522 0 1788889115 537 20925
6 1 23675 0 1788889115 28000 20980
7 1 25353 0 1788889115 92019 22125
4 2 30164 0 1788889116 165715 28014
5 2 31363 0 1788889116 370131 26328
6 2 26535 0 1788889117 742931 23943
7 2 61972 0 1788889118 32870 58136
4 3 27435 0 1788889118 192966 25109
5 3 26320 0 1788889118 313101 22904
6 3 54330 0 1788889118 867754 50972
7 3 62092 0 1788889119 156975 58132
4 4 27978 0 1788889119 557152 24816
5 4 28232 0 1788889119 731309 23932
6 4 28184 0 1788889120 681531 24836
7 4 26855 0 1788889121 925209 24469
4 5 25607 0 1788889122 25544 23632
