4 1 44143 0 1788889124 220232 41785
5 1 22852 0 1788889124 721944 19368
6 1 25616 0 1788889124 752018 22276
7 1 24091 0 1788889124 812834 21528
4 2 21531 0 1788889125 879159 19553
5 2 25772 0 1788889126 86617 23281
6 2 30138 0 1788889127 468612 27816
7 2 50052 0 1788889127 743027 45624
4 3 48615 0 1788889127 936223 45191
5 3 19059 0 1788889128 27918 16778
6 3 16905 0 1788889128 552405 14993
7 3 28546 0 1788889128 845507 25331
4 4 46814 0 1788889129 298065 43951
5 4 19172 0 1788889129 444327 16537
6 4 27357 0 1788889130 402781 24685
7 4 27627 0 1788889131 648057 25173
4 5 23707 0 1788889131 745720 21207
