4 1 19559 0 1788889133 841970 17711
5 1 24194 0 1788889134 369608 20878
6 1 27779 0 1788889134 400503 25275
7 1 23003 0 1788889134 458069 20908
4 2 22378 0 1788889135 526329 20178
5 2 33818 0 1788889135 740986 31619
6 2 28581 0 1788889137 113376 26180
7 2 26636 0 1788889137 365934 23384
4 3 31046 0 1788889137 564976 28035
5 3 38865 0 1788889137 694045 35539
6 3 24771 0 1788889138 206593 22482
7 3 26624 0 1788889138 489906 23830
4 4 28617 0 1788889138 926189 25408
5 4 22025 0 1788889139 93501 19978
6 4 26699 0 1788889140 48445 23638
7 4 30740 0 1788889141 297493 28229
4 5 25355 0 1788889141 393690 21583
