4 1 21560 0 1788889143 505390 19448
5 1 23360 0 1788889144 30192 21189
6 1 20769 0 1788889144 54912 18747
7 1 21745 0 1788889144 118229 19437
4 2 22320 0 1788889145 187689 20270
5 2 24603 0 1788889145 393189 22172
6 2 32027 0 1788889146 778241 28740
7 2 37557 0 1788889147 38274 34500
4 3 31526 0 1788889147 226876 28874
5 3 25588 0 1788889147 342188 23326
6 3 29228 0 1788889147 872471 25542
7 3 35887 0 1788889148 160588 32888
4 4 33019 0 1788889148 592010 27476
5 4 20529 0 1788889148 753425 18585
6 4 54607 0 1788889149 737772 47313
7 4 50256 0 1788889150 978428 46318
4 5 54518 0 1788889151 84273 50537
