4 1 25014 0 1788889153 228509 22347
5 1 21906 0 1788889153 748403 19821
6 1 21978 0 1788889153 775787 19447
7 1 24869 0 1788889153 841018 22449
4 2 48761 0 1788889154 933795 46406
5 2 53301 0 1788889155 141552 50700
6 2 31433 0 1788889156 497312 29232
7 2 29397 0 1788889156 749778 26538
4 3 38065 0 1788889156 953079 34905
5 3 25440 0 1788889157 61704 22959
6 3 27034 0 1788889157 589941 24089
7 3 23840 0 1788889157 868206 20678
4 4 44798 0 1788889158 323455 41220
5 4 39485 0 1788889158 492046 35506
6 4 42173 0 1788889159 445003 38151
7 4 15502 0 1788889160 663339 13949
4 5 18932 0 1788889160 768351 17086
