4 1 51421 0 1788889162 868186 47585
5 1 17534 0 1788889163 357301 15831
6 1 17332 0 1788889163 384410 15508
7 1 18996 0 1788889163 448415 16909
4 2 20530 0 1788889164 518834 18229
5 2 22465 0 1788889164 723986 20014
6 2 26555 0 1788889166 105704 23987
7 2 44439 0 1788889166 378090 41729
4 3 26105 0 1788889166 554390 23298
5 3 26847 0 1788889166 676381 24498
6 3 22903 0 1788889167 199080 20094
7 3 21041 0 1788889167 478677 18966
4 4 23300 0 1788889167 915227 20997
5 4 30178 0 1788889168 96008 27228
6 4 34932 0 1788889169 51033 32066
7 4 22412 0 1788889170 283519 20610
4 5 29455 0 1788889170 392144 26566
