4 1 22940 0 1788889172 462364 20901
5 1 19092 0 1788889172 981519 17190
6 1 22126 0 1788889173 11864 19003
7 1 25851 0 1788889173 77929 23324
4 2 24179 0 1788889174 145142 21668
5 2 22079 0 1788889174 346259 19445
6 2 18743 0 1788889175 720551 16944
7 2 25728 0 1788889175 982038 23238
4 3 21585 0 1788889176 172529 19579
5 3 23451 0 1788889176 295645 21037
6 3 36255 0 1788889176 835090 31281
7 3 27064 0 1788889177 107360 24508
4 4 27094 0 1788889177 541679 24371
5 4 25184 0 1788889177 713674 21856
6 4 25343 0 1788889178 664103 21298
7 4 34324 0 1788889179 918089 31751
4 5 19035 0 1788889180 4383 17128
