4 1 27201 0 1788888866 785837 24071
5 1 20755 0 1788888867 302393 18525
6 1 20479 0 1788888867 329428 17842
7 1 24200 0 1788888867 395490 20422
4 2 21685 0 1788888868 461861 19788
5 2 13679 0 1788888868 657071 12335
6 2 20750 0 1788888870 41770 18657
7 2 22220 0 1788888870 297742 19637
4 3 19497 0 1788888870 489652 17317
5 3 43720 0 1788888870 635125 40918
6 3 16202 0 1788888871 134249 13853
7 3 25793 0 1788888871 425300 23443
4 4 19398 0 1788888871 853196 16972
5 4 33287 0 1788888872 40988 29497
6 4 42568 0 1788888873 539 38372
7 4 26976 0 1788888874 229953 24219
4 5 31523 0 1788888874 336083 29022
