4 1 23492 0 1788888876 425549 21181
5 1 24477 0 1788888876 949536 22696
6 1 14985 0 1788888876 967355 13392
7 1 25992 0 1788888877 40704 23404
4 2 18251 0 1788888878 101847 16463
5 2 20797 0 1788888878 307610 18815
6 2 21692 0 1788888879 686133 18922
7 2 15372 0 1788888879 934315 13887
4 3 16066 0 1788888880 129643 14311
5 3 17896 0 1788888880 252722 15858
6 3 20676 0 1788888880 782144 18804
7 3 17904 0 1788888881 60832 15723
4 4 20455 0 1788888881 497674 18155
5 4 47539 0 1788888881 698662 42532
6 4 40213 0 1788888882 641605 37651
7 4 32881 0 1788888883 879279 30715
4 5 12751 0 1788888883 960733 11451
