4 1 93710 0 1788910232 518695 83677
5 1 202407 0 1788910233 150393 61562
6 1 175244 0 1788910233 150542 114712
7 1 119689 0 1788910233 157327 112450
4 2 45097 0 1788910234 151621 41058
5 2 47972 0 1788910234 357713 43714
6 2 53081 0 1788910235 740449 47942
7 2 46226 0 1788910235 988096 42149
4 3 37778 0 1788910236 174282 33913
5 3 43272 0 1788910236 301025 39001
6 3 75942 0 1788910236 860337 71864
7 3 78663 0 1788910237 144519 74273
4 4 64815 0 1788910237 564961 61032
5 4 122113 0 1788910237 796163 116897
6 4 102859 0 1788910238 727178 99116
7 4 63304 0 1788910239 932630 59640
4 5 73747 0 1788910240 44656 69327
