4 1 115460 0 1788910202 606435 100572
5 1 261061 0 1788910203 275037 94033
6 1 233938 0 1788910203 275225 152629
7 1 191026 0 1788910203 294654 171146
4 2 50028 0 1788910204 222542 45315
5 2 107606 0 1788910204 483337 49118
6 2 83555 0 1788910205 836914 68518
7 2 136782 0 1788910206 144643 120338
4 3 104819 0 1788910206 307312 99001
5 3 72623 0 1788910206 396366 66529
6 3 50001 0 1788910206 900386 44136
7 3 65023 0 1788910207 196869 52954
4 4 66517 0 1788910207 632652 59134
5 4 70511 0 1788910207 810550 55749
6 4 48465 0 1788910208 738775 44467
7 4 221399 0 1788910210 156715 129461
4 5 127869 0 1788910210 164767 119681
