4 1 37820 0 1788910291 210530 34375
5 1 52558 0 1788910291 748269 24329
6 1 28322 0 1788910291 751344 25050
7 1 37039 0 1788910291 822402 33788
4 2 46375 0 1788910292 900624 42618
5 2 34930 0 1788910293 92395 30704
6 2 35135 0 1788910294 470229 31688
7 2 39730 0 1788910294 729325 35511
4 3 28801 0 1788910294 913029 25948
5 3 36312 0 1788910295 41790 32958
6 3 29093 0 1788910295 561213 25453
7 3 42719 0 1788910295 856299 38772
4 4 38985 0 1788910296 286855 35505
5 4 39084 0 1788910296 460859 35345
6 4 103034 0 1788910297 475078 98299
7 4 44547 0 1788910298 661598 39120
4 5 32079 0 1788910298 750713 28428
