4 1 71184 0 1788910242 287691 67192
5 1 88600 0 1788910242 828108 58410
6 1 88794 0 1788910242 855614 60984
7 1 30183 0 1788910242 859343 26193
4 2 32130 0 1788910243 930176 28058
5 2 34923 0 1788910244 136186 31179
6 2 30264 0 1788910245 509155 27310
7 2 31573 0 1788910245 764966 28765
4 3 32900 0 1788910245 960925 29671
5 3 35754 0 1788910246 85030 32689
6 3 45555 0 1788910246 621473 41785
7 3 27506 0 1788910246 884884 24687
4 4 49935 0 1788910247 341602 41942
5 4 40361 0 1788910247 505933 35418
6 4 34053 0 1788910248 449895 30458
7 4 36080 0 1788910249 696927 32637
4 5 27455 0 1788910249 789885 23749
