4 1 47822 0 1788910251 959604 41321
5 1 138872 0 1788910252 573641 45309
6 1 111937 0 1788910252 574017 63977
7 1 53180 0 1788910252 577602 48997
4 2 27270 0 1788910253 620577 24054
5 2 37171 0 1788910253 833694 33771
6 2 31853 0 1788910255 206004 27651
7 2 41053 0 1788910255 469706 36964
4 3 38072 0 1788910255 661359 34374
5 3 36489 0 1788910255 781025 33108
6 3 47423 0 1788910256 318601 43085
7 3 47334 0 1788910256 599972 44137
4 4 89337 0 1788910257 76266 84904
5 4 61793 0 1788910257 222625 51291
6 4 80853 0 1788910258 191955 76958
7 4 74669 0 1788910259 430777 70648
4 5 56206 0 1788910259 513898 49175
