4 1 55045 0 1788910261 863375 49630
5 1 295685 0 1788910262 627017 78236
6 1 268701 0 1788910262 627343 154334
7 1 210437 0 1788910262 631420 205711
4 2 66071 0 1788910263 555939 54318
5 2 112855 0 1788910263 805940 100812
6 2 38894 0 1788910265 109607 35085
7 2 49462 0 1788910265 374677 43972
4 3 46345 0 1788910265 566193 41203
5 3 53081 0 1788910265 694180 48131
6 3 83100 0 1788910266 250840 69357
7 3 32548 0 1788910266 481748 29089
4 4 81874 0 1788910266 965364 75267
5 4 91013 0 1788910267 148407 74854
6 4 75089 0 1788910268 82754 70624
7 4 69150 0 1788910269 321820 65153
4 5 60651 0 1788910269 414904 56518
