4 1 771195 0 1788910272 481366 769481
5 1 572571 0 1788910272 805744 370962
6 1 551822 0 1788910272 812306 434508
7 1 492429 0 1788910272 815254 481661
4 2 76455 0 1788910273 468166 64177
5 2 98946 0 1788910273 693874 92028
6 2 92714 0 1788910275 65269 82060
7 2 61075 0 1788910275 288133 51531
4 3 58192 0 1788910275 479883 52913
5 3 46061 0 1788910275 589002 40557
6 3 34341 0 1788910276 103923 31105
7 3 38049 0 1788910276 389091 34170
4 4 59975 0 1788910276 845307 55304
5 4 37513 0 1788910276 996749 33857
6 4 29487 0 1788910277 938993 26168
7 4 42754 0 1788910279 197267 39239
4 5 37911 0 1788910279 294006 33473
