4 1 65244 0 1788910112 496269 51828
5 1 240021 0 1788910113 194048 78804
6 1 212899 0 1788910113 194238 132760
7 1 170101 0 1788910113 213780 150111
4 2 38671 0 1788910114 151236 30137
5 2 32318 0 1788910114 348099 25474
6 2 28396 0 1788910115 721805 23296
7 2 28378 0 1788910115 976291 24206
4 3 27070 0 1788910116 169614 22448
5 3 32914 0 1788910116 296708 25537
6 3 46701 0 1788910116 837137 36282
7 3 53924 0 1788910117 125820 47135
4 4 54398 0 1788910117 560585 47288
5 4 28565 0 1788910117 708656 23530
6 4 46723 0 1788910118 677083 43577
7 4 40368 0 1788910119 915735 35983
4 5 47641 0 1788910120 24591 43101
