4 1 87690 0 1788910281 482619 75269
5 1 298214 0 1788910282 216145 71406
6 1 271160 0 1788910282 216402 189991
7 1 212040 0 1788910282 219622 208286
4 2 36940 0 1788910283 113407 32090
5 2 161176 0 1788910283 440860 130181
6 2 85736 0 1788910284 743049 78062
7 2 49998 0 1788910284 961813 45694
4 3 191645 0 1788910285 298092 117654
5 3 73891 0 1788910285 301588 70179
6 3 126702 0 1788910285 881041 111530
7 3 66957 0 1788910286 102757 63364
4 4 77469 0 1788910286 547559 69129
5 4 83400 0 1788910286 727394 79369
6 4 67119 0 1788910287 661383 58416
7 4 33080 0 1788910288 872349 29380
4 5 42723 0 1788910288 983575 37350
