4 1 92167 0 1788910212 685066 88594
5 1 488982 0 1788910213 604884 336507
6 1 462125 0 1788910213 605337 375764
7 1 402923 0 1788910213 608477 399025
4 2 30234 0 1788910214 304672 24664
5 2 31169 0 1788910214 508824 27702
6 2 104200 0 1788910215 959483 45280
7 2 90434 0 1788910216 200219 82433
4 3 90671 0 1788910216 395090 76442
5 3 71184 0 1788910216 496853 65751
6 3 29281 0 1788910216 981591 26348
7 3 37528 0 1788910217 271299 34231
4 4 45982 0 1788910217 714043 41910
5 4 38131 0 1788910217 880096 30447
6 4 33412 0 1788910218 825647 29817
7 4 45696 0 1788910220 82937 41480
4 5 32660 0 1788910220 171484 29205
