4 1 80790 0 1788910222 402658 76542
5 1 168317 0 1788910223 13188 47932
6 1 141179 0 1788910223 13360 83007
7 1 82033 0 1788910223 16556 78338
4 2 55477 0 1788910224 58884 51677
5 2 41449 0 1788910224 248073 37968
6 2 63956 0 1788910225 648208 59257
7 2 68280 0 1788910225 907034 64683
4 3 101603 0 1788910226 134990 96765
5 3 82676 0 1788910226 237313 76624
6 3 37467 0 1788910226 718746 33694
7 3 43078 0 1788910227 5817 39130
4 4 58049 0 1788910227 455078 53968
5 4 77451 0 1788910227 648385 69583
6 4 85132 0 1788910228 606335 57836
7 4 224355 0 1788910229 990564 91863
4 5 127025 0 1788910229 994817 122498
