4 1 25326 0 1788910379 795635 22925
5 1 64569 0 1788910380 357880 29629
6 1 41240 0 1788910380 361863 36941
7 1 32006 0 1788910380 414969 29088
4 2 33111 0 1788910381 484959 30447
5 2 37983 0 1788910381 693049 33912
6 2 22667 0 1788910383 55360 20024
7 2 30347 0 1788910383 317543 26834
4 3 27790 0 1788910383 509619 24109
5 3 34028 0 1788910383 637106 30377
6 3 39977 0 1788910384 169697 36315
7 3 35723 0 1788910384 446903 32115
4 4 41589 0 1788910384 887059 37976
5 4 42858 0 1788910385 62233 39212
6 4 31641 0 1788910386 1285 28822
7 4 52205 0 1788910387 266856 49168
4 5 46999 0 1788910387 363232 40812
