4 1 21768 0 1788910310 546502 19661
5 1 55307 0 1788910311 103043 29488
6 1 32073 0 1788910311 107121 27710
7 1 30722 0 1788910311 168111 27824
4 2 43168 0 1788910312 249441 38686
5 2 64244 0 1788910312 473735 58713
6 2 31559 0 1788910313 818678 27379
7 2 36933 0 1788910314 78553 33710
4 3 36894 0 1788910314 273148 33492
5 3 34370 0 1788910314 391873 30434
6 3 57643 0 1788910314 941788 52922
7 3 117821 0 1788910315 283426 113331
4 4 56610 0 1788910315 656505 52615
5 4 35774 0 1788910315 809573 32088
6 4 40897 0 1788910316 764966 36766
7 4 57027 0 1788910318 26103 52736
4 5 71795 0 1788910318 142454 66784
