4 1 37230 0 1788910350 186319 32425
5 1 76188 0 1788910350 748280 33512
6 1 52268 0 1788910350 751671 48630
7 1 46512 0 1788910350 808256 43131
4 2 48448 0 1788910351 879077 43163
5 2 44770 0 1788910352 78615 38616
6 2 38518 0 1788910353 449991 34059
7 2 65882 0 1788910353 731858 57086
4 3 43373 0 1788910353 903982 39281
5 3 57332 0 1788910354 39190 52296
6 3 59056 0 1788910354 567557 55090
7 3 64194 0 1788910354 854155 60472
4 4 82861 0 1788910355 307111 76836
5 4 59750 0 1788910355 457904 56337
6 4 73822 0 1788910356 422247 66747
7 4 68997 0 1788910357 662428 58926
4 5 91779 0 1788910357 786792 81543
