4 1 31284 0 1788910122 181130 27825
5 1 26049 0 1788910122 698896 22496
6 1 24741 0 1788910122 724900 22057
7 1 25828 0 1788910122 788328 23170
4 2 25812 0 1788910123 857197 23282
5 2 26846 0 1788910124 61447 23641
6 2 36158 0 1788910125 448387 33090
7 2 23123 0 1788910125 689855 20764
4 3 34150 0 1788910125 895514 30890
5 3 38327 0 1788910126 20941 35558
6 3 35640 0 1788910126 544897 32492
7 3 51332 0 1788910126 842048 45085
4 4 83926 0 1788910127 308933 72117
5 4 114362 0 1788910127 513272 98542
6 4 73796 0 1788910128 422977 63187
7 4 355920 0 1788910129 950107 220974
4 5 271961 0 1788910129 967731 254051
