4 1 28291 0 1788910389 579065 24799
5 1 70914 0 1788910390 144690 32488
6 1 46932 0 1788910390 148020 43306
7 1 26408 0 1788910390 189836 23758
4 2 35917 0 1788910391 268230 32182
5 2 40811 0 1788910391 476341 36563
6 2 38136 0 1788910392 851295 34508
7 2 35007 0 1788910393 102668 30465
4 3 38466 0 1788910393 300760 34225
5 3 33839 0 1788910393 417382 30637
6 3 33970 0 1788910393 944155 30132
7 3 30237 0 1788910394 221882 27268
4 4 24110 0 1788910394 650045 21042
5 4 32519 0 1788910394 832359 28744
6 4 37133 0 1788910395 787243 33388
7 4 55369 0 1788910397 50484 46428
4 5 64215 0 1788910397 160913 54332
