4 1 66997 0 1788910320 444866 62293
5 1 78060 0 1788910320 978931 39277
6 1 53882 0 1788910320 982063 50485
7 1 62760 0 1788910321 53283 57130
4 2 122092 0 1788910322 181500 113660
5 2 109775 0 1788910322 372399 105191
6 2 75187 0 1788910323 715440 70795
7 2 60282 0 1788910323 955036 54894
4 3 66688 0 1788910324 156076 59955
5 3 66688 0 1788910324 277325 59622
6 3 52512 0 1788910324 789792 48633
7 3 95281 0 1788910325 114020 80767
4 4 48410 0 1788910325 501440 43615
5 4 39318 0 1788910325 666252 35453
6 4 41606 0 1788910326 618809 37618
7 4 75603 0 1788910327 897813 60259
4 5 55379 0 1788910327 979171 51305
