4 1 32194 0 1788910300 889842 29334
5 1 160262 0 1788910301 540912 53727
6 1 133125 0 1788910301 541087 69873
7 1 74017 0 1788910301 544319 70376
4 2 72910 0 1788910302 612098 61847
5 2 109526 0 1788910302 851930 95823
6 2 58736 0 1788910304 178768 53965
7 2 71464 0 1788910304 445998 67418
4 3 102190 0 1788910304 671357 98352
5 3 102252 0 1788910304 792669 89777
6 3 48487 0 1788910305 265546 44716
7 3 28394 0 1788910305 526914 25708
4 4 55551 0 1788910305 988361 51894
5 4 62420 0 1788910306 169134 57919
6 4 36997 0 1788910307 93981 32965
7 4 28458 0 1788910308 330447 25485
4 5 27636 0 1788910308 431208 24493
