4 1 126474 0 1788910360 254016 98240
5 1 177726 0 1788910360 828269 53347
6 1 151003 0 1788910360 828858 98829
7 1 93841 0 1788910360 834037 86705
4 2 68970 0 1788910361 878050 59604
5 2 34187 0 1788910362 46484 31354
6 2 77033 0 1788910363 466959 70935
7 2 59198 0 1788910363 703625 54717
4 3 42650 0 1788910363 881710 39025
5 3 35356 0 1788910363 995667 31719
6 3 52699 0 1788910364 539651 47233
7 3 30331 0 1788910364 798743 25500
4 4 34649 0 1788910365 237351 30645
5 4 60942 0 1788910365 437548 55079
6 4 34499 0 1788910366 361376 31756
7 4 78280 0 1788910367 650162 70663
4 5 67732 0 1788910367 741198 60270
