4 1 89073 0 1788910370 85759 76068
5 1 174588 0 1788910370 694275 47788
6 1 147558 0 1788910370 694557 82723
7 1 88470 0 1788910370 697810 84664
4 2 79296 0 1788910371 757520 70814
5 2 94725 0 1788910371 976167 90696
6 2 44175 0 1788910373 303245 39719
7 2 72281 0 1788910373 585852 68126
4 3 39598 0 1788910373 747803 35459
5 3 30933 0 1788910373 860387 27463
6 3 85670 0 1788910374 441766 81518
7 3 41341 0 1788910374 678898 37226
4 4 46928 0 1788910375 118775 42879
5 4 49719 0 1788910375 295470 45194
6 4 32918 0 1788910376 228938 29466
7 4 57423 0 1788910377 498450 53746
4 5 47796 0 1788910377 590406 43025
