4 1 288584 0 1788910340 418297 252576
5 1 293179 0 1788910340 945894 132517
6 1 266056 0 1788910340 946081 197173
7 1 231927 0 1788910340 974293 203237
4 2 87185 0 1788910341 898436 82759
5 2 81769 0 1788910342 96237 76084
6 2 75321 0 1788910343 467418 61907
7 2 100226 0 1788910343 746824 81099
4 3 95501 0 1788910343 936733 91019
5 3 793813 0 1788910344 756294 706782
6 3 366519 0 1788910344 855643 266845
7 3 100273 0 1788910344 870856 84806
4 4 86630 0 1788910345 291504 76683
5 4 60198 0 1788910345 438975 55486
6 4 64371 0 1788910346 393419 60005
7 4 219044 0 1788910347 793097 83957
4 5 136088 0 1788910347 811724 117225
