4 1 52576 0 1788910330 194736 48923
5 1 173840 0 1788910330 839001 54209
6 1 146859 0 1788910330 839332 96647
7 1 87403 0 1788910330 842216 83936
4 2 79408 0 1788910331 903107 58714
5 2 63660 0 1788910332 90576 59663
6 2 40401 0 1788910333 444945 36572
7 2 45612 0 1788910333 704658 36905
4 3 56259 0 1788910333 909938 52103
5 3 37593 0 1788910334 12522 33785
6 3 64187 0 1788910334 565757 59572
7 3 139392 0 1788910334 922422 123682
4 4 73039 0 1788910335 290359 64163
5 4 49969 0 1788910335 441193 39898
6 4 43888 0 1788910336 385383 39871
7 4 205135 0 1788910337 791635 109935
4 5 112219 0 1788910337 800303 103251
