4 1 168144 0 1788910467 943601 148050
5 1 237830 0 1788910468 536290 57785
6 1 211415 0 1788910468 537186 111219
7 1 153962 0 1788910468 542074 148034
4 2 21884 0 1788910469 478880 19307
5 2 28104 0 1788910469 688317 25118
6 2 29537 0 1788910471 67379 26601
7 2 37221 0 1788910471 329564 34136
4 3 36356 0 1788910471 523333 32358
5 3 42208 0 1788910471 650434 38746
6 3 59689 0 1788910472 194558 56182
7 3 30332 0 1788910472 446660 27058
4 4 28436 0 1788910472 879055 25074
5 4 35632 0 1788910473 60154 32036
6 4 80830 0 1788910474 55623 69857
7 4 53270 0 1788910475 273068 48741
4 5 34928 0 1788910475 356309 31986
