4 1 71708 0 1788910132 515481 64107
5 1 230496 0 1788910133 197271 74915
6 1 203325 0 1788910133 197411 115743
7 1 152854 0 1788910133 209282 140506
4 2 244313 0 1788910134 369625 201040
5 2 47017 0 1788910134 375546 40796
6 2 36015 0 1788910135 742172 32846
7 2 46238 0 1788910136 6897 41966
4 3 68598 0 1788910136 223891 64351
5 3 47320 0 1788910136 323862 42859
6 3 41745 0 1788910136 844929 37374
7 3 49154 0 1788910137 133799 45352
4 4 44007 0 1788910137 562942 40107
5 4 73486 0 1788910137 766324 69487
6 4 38571 0 1788910138 681679 34817
7 4 50302 0 1788910139 938416 46016
4 5 33065 0 1788910140 22763 29438
