4 1 58033 0 1788910448 213668 53886
5 1 74897 0 1788910448 753533 42009
6 1 51324 0 1788910448 757272 47378
7 1 36636 0 1788910448 804924 33132
4 2 25379 0 1788910449 862552 22347
5 2 25316 0 1788910450 65706 22574
6 2 25433 0 1788910451 443451 23057
7 2 23313 0 1788910451 695833 20382
4 3 31113 0 1788910451 898266 28067
5 3 22853 0 1788910452 11257 20585
6 3 20916 0 1788910452 535961 18667
7 3 31480 0 1788910452 827985 28459
4 4 32859 0 1788910453 263655 30133
5 4 26344 0 1788910453 431044 24115
6 4 41423 0 1788910454 396393 38340
7 4 48789 0 1788910455 648764 38249
4 5 68459 0 1788910455 770018 48612
