4 1 24926 0 1788910438 493834 21803
5 1 52682 0 1788910439 44593 27324
6 1 27898 0 1788910439 47120 25136
7 1 31715 0 1788910439 113277 28118
4 2 28925 0 1788910440 179372 26489
5 2 29394 0 1788910440 383059 26655
6 2 31734 0 1788910441 763027 28184
7 2 37081 0 1788910442 22875 32962
4 3 22721 0 1788910442 203148 20320
5 3 24282 0 1788910442 325959 21409
6 3 28340 0 1788910442 856659 25117
7 3 44589 0 1788910443 154369 39137
4 4 36288 0 1788910443 580357 33006
5 4 38896 0 1788910443 756870 35594
6 4 29152 0 1788910444 697395 25901
7 4 33851 0 1788910445 947100 30863
4 5 30475 0 1788910446 45308 26558
