4 1 38244 0 1788910419 56526 34645
5 1 59270 0 1788910419 600554 29473
6 1 35105 0 1788910419 603699 31626
7 1 30661 0 1788910419 661596 27833
4 2 37263 0 1788910420 737084 33787
5 2 31271 0 1788910420 934309 27369
6 2 32811 0 1788910422 313476 29210
7 2 39914 0 1788910422 575082 36805
4 3 41606 0 1788910422 771407 38011
5 3 39057 0 1788910422 890107 35486
6 3 31755 0 1788910423 409448 27333
7 3 36692 0 1788910423 695845 33268
4 4 33172 0 1788910424 126615 29398
5 4 30583 0 1788910424 297930 27140
6 4 49097 0 1788910425 266713 45365
7 4 68365 0 1788910426 530987 59558
4 5 38580 0 1788910426 602786 34655
