4 1 86847 0 1788910458 66769 78095
5 1 56060 0 1788910458 558983 25655
6 1 36791 0 1788910458 567026 28512
7 1 50067 0 1788910458 642642 46294
4 2 20402 0 1788910459 681863 18042
5 2 22469 0 1788910459 887146 20133
6 2 37274 0 1788910461 279580 34552
7 2 28952 0 1788910461 525759 26050
4 3 58560 0 1788910461 750001 54339
5 3 36720 0 1788910461 849410 33061
6 3 79274 0 1788910462 418607 75125
7 3 37359 0 1788910462 658152 33817
4 4 35766 0 1788910463 90848 31460
5 4 35963 0 1788910463 264950 33373
6 4 26752 0 1788910464 206009 23601
7 4 68361 0 1788910465 492623 63110
4 5 42618 0 1788910465 568464 37823
