4 1 71351 0 1788910409 353523 67071
5 1 59457 0 1788910409 864630 30631
6 1 35722 0 1788910409 868207 31918
7 1 36210 0 1788910409 931036 32203
4 2 57705 0 1788910411 21415 51475
5 2 38418 0 1788910411 205346 35072
6 2 59662 0 1788910412 604217 55644
7 2 40851 0 1788910412 839909 36746
4 3 45052 0 1788910413 38743 41084
5 3 42113 0 1788910413 157053 38494
6 3 32129 0 1788910413 673712 28557
7 3 28557 0 1788910413 951600 25189
4 4 24514 0 1788910414 381847 21913
5 4 27386 0 1788910414 558622 24654
6 4 28095 0 1788910415 509601 24909
7 4 40490 0 1788910416 767002 35899
4 5 37709 0 1788910416 865805 33106
