4 1 40817 0 1788910477 539349 37220
5 1 54986 0 1788910478 76521 27938
6 1 31547 0 1788910478 80393 27371
7 1 44626 0 1788910478 155813 39697
4 2 25251 0 1788910479 205322 22488
5 2 22656 0 1788910479 405944 19852
6 2 21613 0 1788910480 782529 19102
7 2 29496 0 1788910481 44914 26891
4 3 28415 0 1788910481 238467 25051
5 3 23659 0 1788910481 354960 21156
6 3 27492 0 1788910481 885435 24950
7 3 41221 0 1788910482 180624 38046
4 4 30907 0 1788910482 604600 27367
5 4 36419 0 1788910482 784016 34229
6 4 28803 0 1788910483 726670 25537
7 4 26853 0 1788910484 969726 23848
4 5 35743 0 1788910485 80199 33405
