4 1 31748 0 1788910399 363098 28109
5 1 169736 0 1788910400 24087 51347
6 1 144783 0 1788910400 26446 97880
7 1 83198 0 1788910400 27201 76791
4 2 57675 0 1788910401 70563 46935
5 2 53386 0 1788910401 269491 49128
6 2 39968 0 1788910402 633702 36205
7 2 37472 0 1788910402 885707 34651
4 3 56609 0 1788910403 99477 52028
5 3 39947 0 1788910403 204065 36043
6 3 47946 0 1788910403 738706 41178
7 3 44729 0 1788910404 16950 41773
4 4 52309 0 1788910404 458819 48385
5 4 53941 0 1788910404 634355 48810
6 4 94034 0 1788910405 624718 89709
7 4 180221 0 1788910406 955911 116629
4 5 82569 0 1788910406 959842 78348
