4 1 36393 0 1788910428 833064 33143
5 1 25107 0 1788910429 344781 22677
6 1 23714 0 1788910429 370698 20798
7 1 26606 0 1788910429 435931 24112
4 2 22244 0 1788910430 500454 19260
5 2 25768 0 1788910430 707195 23608
6 2 27493 0 1788910432 86548 25021
7 2 28522 0 1788910432 342080 25711
4 3 30373 0 1788910432 538564 27072
5 3 30469 0 1788910432 659909 27962
6 3 25049 0 1788910433 181131 21657
7 3 31267 0 1788910433 468809 28499
4 4 31475 0 1788910433 903307 28218
5 4 25881 0 1788910434 71618 22239
6 4 30320 0 1788910435 26326 26764
7 4 38415 0 1788910436 279428 34529
4 5 28733 0 1788910436 371328 26069
