4 1 37019 0 1788910487 280112 33497
5 1 25364 0 1788910487 791460 22624
6 1 28540 0 1788910487 821946 25911
7 1 44755 0 1788910487 900502 41610
4 2 46766 0 1788910488 971399 40526
5 2 74923 0 1788910489 202773 70327
6 2 23300 0 1788910490 528777 20280
7 2 33455 0 1788910490 793435 30563
4 3 33729 0 1788910490 988341 29601
5 3 29853 0 1788910491 105715 27128
6 3 35289 0 1788910491 637793 31725
7 3 23656 0 1788910491 907620 21369
4 4 25384 0 1788910492 343638 22920
5 4 27091 0 1788910492 519249 24540
6 4 19648 0 1788910493 462077 17272
7 4 21901 0 1788910494 709335 19380
4 5 19716 0 1788910494 808734 17133
