4 1 45893 0 1788910142 232166 41592
5 1 62837 0 1788910142 772111 37519
6 1 39103 0 1788910142 775688 35283
7 1 28485 0 1788910142 827411 25598
4 2 29090 0 1788910143 896901 25044
5 2 38441 0 1788910144 109470 34318
6 2 34861 0 1788910145 483517 31481
7 2 45795 0 1788910145 748953 40660
4 3 34057 0 1788910145 931848 30505
5 3 46142 0 1788910146 65183 41528
6 3 43166 0 1788910146 588849 39478
7 3 41620 0 1788910146 868764 36938
4 4 33014 0 1788910147 294447 29738
5 4 54849 0 1788910147 490186 46989
6 4 272217 0 1788910148 657824 267942
7 4 82786 0 1788910149 713400 78153
4 5 68098 0 1788910149 800295 55238
