4 1 64590 0 1788910152 217146 53874
5 1 199563 0 1788910152 875123 58626
6 1 172505 0 1788910152 875374 106822
7 1 113959 0 1788910152 879168 109638
4 2 47098 0 1788910153 881192 41945
5 2 38508 0 1788910154 75819 35289
6 2 30982 0 1788910155 445921 27364
7 2 53938 0 1788910155 723380 50129
4 3 27834 0 1788910155 891908 24448
5 3 36924 0 1788910156 22249 33446
6 3 44355 0 1788910156 556322 38334
7 3 40039 0 1788910156 833465 35840
4 4 36793 0 1788910157 264510 33505
5 4 67522 0 1788910157 469143 64145
6 4 45542 0 1788910158 397432 41015
7 4 87955 0 1788910159 684852 83618
4 5 83536 0 1788910159 782015 71827
