4 1 113786 0 1788910162 273798 107859
5 1 307035 0 1788910162 990049 82707
6 1 279990 0 1788910162 990315 193978
7 1 224047 0 1788910162 996713 217084
4 2 47511 0 1788910163 889063 43876
5 2 41440 0 1788910164 86209 37677
4 3 299402 0 1788910166 170934 247404
6 2 748740 0 1788910166 171137 439381
7 2 494405 0 1788910166 171303 370759
5 3 184196 0 1788910166 176977 177874
4 4 50491 0 1788910166 569915 47027
6 3 56447 0 1788910166 857330 52395
7 3 52246 0 1788910167 287419 48107
5 4 65105 0 1788910167 474182 49080
4 5 94326 0 1788910168 453673 80357
6 4 429061 0 1788910170 33414 211228
7 4 335287 0 1788910170 41223 327135
