4 1 103295 0 1788910172 936052 90637
5 1 242683 0 1788910173 598441 66113
6 1 215636 0 1788910173 598706 139850
7 1 167902 0 1788910173 613313 152745
4 2 78952 0 1788910174 593247 63318
5 2 48505 0 1788910174 766017 42138
6 2 43493 0 1788910176 138633 37322
7 2 47789 0 1788910176 397431 39509
4 3 64887 0 1788910176 609163 47646
5 3 78145 0 1788910176 743670 70676
6 3 85840 0 1788910177 278007 79205
7 3 123828 0 1788910177 597456 116552
4 4 61882 0 1788910177 969800 54219
5 4 73369 0 1788910178 155191 64047
6 4 72971 0 1788910179 105062 66723
7 4 200657 0 1788910180 477754 119549
4 5 111726 0 1788910180 490406 98847
