4 1 72247 0 1788910182 923203 57477
5 1 212685 0 1788910183 586639 92762
6 1 185612 0 1788910183 586877 124087
7 1 136179 0 1788910183 599785 122729
4 2 132379 0 1788910184 664871 69529
5 2 72614 0 1788910184 808323 60927
6 2 83267 0 1788910186 196605 68914
7 2 81986 0 1788910186 449824 56994
4 3 238455 0 1788910186 800926 79819
5 3 310369 0 1788910186 994091 96555
6 3 100677 0 1788910187 311041 70368
7 3 98166 0 1788910187 589990 80817
4 4 57565 0 1788910187 983679 52645
5 4 62860 0 1788910188 162877 53878
6 4 56716 0 1788910189 107003 42607
7 4 42666 0 1788910190 337960 35190
4 5 53724 0 1788910190 450600 41189
