4 1 142385 0 1788910192 744562 127646
5 1 233176 0 1788910193 358354 78378
6 1 206064 0 1788910193 358553 155596
7 1 155442 0 1788910193 370273 143268
4 2 491451 0 1788910194 775167 441789
5 2 309295 0 1788910194 796227 287632
6 2 112459 0 1788910195 977019 102260
7 2 108200 0 1788910196 227263 93109
4 3 224641 0 1788910196 538336 115242
5 3 115089 0 1788910196 550034 103085
6 3 99424 0 1788910197 61012 80403
7 3 49831 0 1788910197 292879 42395
4 4 498499 0 1788910198 175836 237614
5 4 335053 0 1788910198 186295 324381
6 4 51429 0 1788910198 852940 46286
7 4 54335 0 1788910200 100852 47488
4 5 74345 0 1788910200 222445 58554
