0 1 62032 0 1788888614 826158 48382
1 1 22259 0 1788888615 612921 19853
2 1 20500 0 1788888615 645673 18382
3 1 19035 0 1788888616 477658 17224
0 2 22113 0 1788888616 637943 20023
1 2 33186 0 1788888618 55960 30220
2 2 41041 0 1788888618 735765 37359
3 2 22858 0 1788888620 893898 20394
0 3 21358 0 1788888621 895145 18785
1 3 22638 0 1788888622 560221 20399
2 3 20328 0 1788888622 797357 18300
3 3 19543 0 1788888623 218745 17243
0 4 33835 0 1788888623 622367 32190
1 4 23357 0 1788888624 389691 21418
2 4 18088 0 1788888624 702678 16443
3 4 21698 0 1788888625 31966 19839
0 5 22516 0 1788888626 801076 20451
1 5 18300 0 1788888627 990344 16520
2 5 19542 0 1788888628 840835 17371
3 5 72889 0 1788888634 50135 69482
0 6 44367 0 1788888634 379205 39244
1 6 44885 0 1788888635 634915 41560
2 6 51992 0 1788888635 715136 44480
3 6 45745 0 1788888637 899838 41068
0 7 27382 0 1788888638 695177 25063
1 7 20443 0 1788888638 752279 18476
2 7 19968 0 1788888639 329249 17397
3 7 49931 0 1788888640 572642 48592
0 8 28142 0 1788888642 116498 25534
1 8 25799 0 1788888643 239779 23484
2 8 16625 0 1788888645 67691 14971
3 8 19482 0 1788888645 271952 17787
0 9 28517 0 1788888645 520278 25355
1 9 26215 0 1788888645 671679 23972
2 9 26863 0 1788888646 426648 24626
3 9 28546 0 1788888648 900790 26307
0 10 60658 0 1788888652 576183 54978
1 10 15745 0 1788888653 980633 14337
2 10 19681 0 1788888655 650842 17687
3 10 19069 0 1788888656 383939 17260
0 11 20511 0 1788888657 221326 18463
1 11 20874 0 1788888657 254650 18393
2 11 25500 0 1788888660 308670 23573
3 11 35492 0 1788888662 514214 33591
0 12 27330 0 1788888662 550989 23868
1 12 51881 0 1788888663 839880 48387
2 12 26494 0 1788888664 925012 24027
3 12 36951 0 1788888665 359753 33788
0 13 39566 0 1788888665 557593 36585
1 13 33351 0 1788888666 861210 29857
2 13 43360 0 1788888667 410845 39196
3 13 42841 0 1788888668 561376 39463
0 14 21565 0 1788888670 34436 19843
1 14 20049 0 1788888674 738615 18327
2 14 19815 0 1788888674 816851 18176
3 14 21983 0 1788888676 618268 19999
0 15 26397 0 1788888676 958665 23370
1 15 19667 0 1788888677 107268 17539
2 15 18191 0 1788888678 827301 16559
3 15 16546 0 1788888679 829531 14942
0 16 18046 0 1788888681 510741 16256
1 16 24152 0 1788888682 92560 21158
2 16 47524 0 1788888683 722725 43908
3 16 12667 0 1788888684 738237 11273
0 17 25020 0 1788888686 829179 22958
1 17 21679 0 1788888688 485196 19067
2 17 21474 0 1788888688 716086 19426
3 17 20849 0 1788888689 714122 17250
0 18 20205 0 1788888690 282126 17110
1 18 37443 0 1788888691 8069 33924
2 18 22043 0 1788888692 812037 19958
3 18 29292 0 1788888694 347552 26865
0 19 42269 0 1788888696 164388 39268
1 19 37105 0 1788888697 444051 33439
2 19 61551 0 1788888697 574497 47929
3 19 31233 0 1788888698 293019 27729
0 20 50180 0 1788888699 26676 41545
1 20 31377 0 1788888699 212086 28613
2 20 37053 0 1788888701 237840 34228
3 20 31851 0 1788888702 528303 27516
0 21 30567 0 1788888703 332195 26398
1 21 25203 0 1788888704 721840 23035
2 21 47650 0 1788888705 754790 37246
0 22 70227 0 1788888706 2731 64944
3 21 88779 0 1788888706 3758 42154
1 22 43070 0 1788888706 228575 39713
2 22 41933 0 1788888706 468700 38133
0 23 25465 0 1788888710 431630 22401
3 22 26191 0 1788888711 583669 23060
1 23 24734 0 1788888712 396158 22527
2 23 26403 0 1788888712 558148 22977
0 24 28130 0 1788888713 852026 25609
3 23 21842 0 1788888714 328290 19644
1 24 20094 0 1788888714 651455 18225
2 24 27141 0 1788888716 819025 24692
0 25 22630 0 1788888719 818676 19972
3 24 24681 0 1788888719 888182 22728
1 25 26402 0 1788888720 296373 23036
2 25 24142 0 1788888721 780406 21158
0 26 20704 0 1788888722 52774 18769
3 25 24825 0 1788888724 235500 22124
1 26 18480 0 1788888725 387332 15789
2 26 44094 0 1788888725 809150 41839
0 27 29534 0 1788888726 960815 26894
3 26 22477 0 1788888730 57438 19289
1 27 18642 0 1788888730 344981 16832
2 27 23370 0 1788888730 778298 20612
0 28 26488 0 1788888731 655578 24038
3 27 39810 0 1788888733 90041 37338
1 28 14683 0 1788888734 416150 12555
2 28 18059 0 1788888735 607664 16114
0 29 20231 0 1788888736 738729 17990
3 28