4 1 48176 0 1788888614 492570 44918
5 1 79539 0 1788888615 46934 35753
6 1 56981 0 1788888615 51687 51938
7 1 60109 0 1788888615 117156 50684
4 2 21477 0 1788888616 147409 18264
5 2 21989 0 1788888616 351138 18912
6 2 22550 0 1788888617 729327 20485
7 2 24190 0 1788888617 985470 20622
4 3 20384 0 1788888618 176296 18585
5 3 25090 0 1788888618 302252 21425
6 3 24389 0 1788888618 828193 21715
7 3 25107 0 1788888619 110371 22917
4 4 18912 0 1788888619 538466 16597
5 4 16443 0 1788888619 709901 14500
6 4 18342 0 1788888620 662070 16663
7 4 29358 0 1788888621 918093 27177
4 5 22793 0 1788888622 13111 20665
5 5 19850 0 1788888623 10242 17913
6 5 43418 0 1788888624 367933 40863
7 5 20476 0 1788888625 95115 16869
4 6 20816 0 1788888626 108696 18709
5 6 19701 0 1788888627 466608 17901
6 6 18343 0 1788888627 537849 16455
7 6 18268 0 1788888630 793035 16472
4 7 50975 0 1788888631 261417 48834
5 7 27072 0 1788888631 343396 24575
6 7 27697 0 1788888631 556478 25374
7 7 41716 0 1788888632 740479 38402
4 8 36397 0 1788888633 311259 33923
5 8 26522 0 1788888634 513454 23365
6 8 71286 0 1788888636 306534 66417
7 8 40703 0 1788888636 825096 34606
4 9 44482 0 1788888637 914697 41091
5 9 16238 0 1788888640 651189 14684
6 9 32867 0 1788888641 49533 25519
7 9 23336 0 1788888645 758576 21441
4 10 22379 0 1788888646 102771 20074
5 10 40015 0 1788888646 757277 37421
6 10 20367 0 1788888648 607257 18329
7 10 30499 0 1788888648 709063 27627
4 11 16082 0 1788888648 928142 14521
5 11 23854 0 1788888649 80814 21381
6 11 17621 0 1788888649 372255 15942
7 11 21654 0 1788888649 505251 19335
4 12 20681 0 1788888649 809714 18969
5 12 22992 0 1788888650 874745 20816
6 12 52633 0 1788888652 887232 49847
7 12 17618 0 1788888654 199891 15977
4 13 28465 0 1788888655 318789 26138
5 13 21901 0 1788888655 901532 19458
6 13 29969 0 1788888656 810593 26699
7 13 36660 0 1788888658 675844 34417
4 14 26479 0 1788888658 882702 24171
5 14 28698 0 1788888661 622217 25817
6 14 24786 0 1788888662 833378 21886
7 14 31180 0 1788888665 273690 27746
4 15 44946 0 1788888665 391797 39876
5 15 26933 0 1788888665 653663 23335
6 15 27976 0 1788888666 769378 25463
7 15 36286 0 1788888668 336226 33075
4 16 43975 0 1788888669 129064 38516
5 16 52682 0 1788888670 661398 47658
6 16 50366 0 1788888671 415926 47647
7 16 22392 0 1788888672 210200 19820
4 17 20399 0 1788888672 834095 18469
5 17 20909 0 1788888673 280926 18524
6 17 35853 0 1788888673 715457 33497
7 17 20467 0 1788888676 269092 18492
4 18 22050 0 1788888676 498839 19423
5 18 47551 0 1788888676 871239 37738
6 18 21087 0 1788888677 489087 19162
7 18 17095 0 1788888679 743952 15346
4 19 19267 0 1788888680 294959 17479
5 19 53276 0 1788888680 410579 50630
6 19 29224 0 1788888680 999969 26863
7 19 19381 0 1788888681 72174 16407
4 20 22986 0 1788888682 706369 19560
5 20 24271 0 1788888684 142302 22510
6 20 15478 0 1788888684 180699 14038
7 20 20798 0 1788888686 615888 18863
4 21 21629 0 1788888687 700671 19507
5 21 30320 0 1788888687 828739 27017
6 21 24396 0 1788888688 199182 22212
7 21 18580 0 1788888688 989117 16480
4 22 25385 0 1788888692 181276 22758
5 22 24425 0 1788888692 415080 21458
6 22 37668 0 1788888692 957010 34144
7 22 23311 0 1788888693 289132 21070
4 23 21932 0 1788888693 322687 19399
5 23 22261 0 1788888694 508481 20266
6 23 49280 0 1788888695 477288 43940
7 23 36187 0 1788888695 921389 32209
4 24 95994 0 1788888696 275451 47976
5 24 95859 0 1788888696 278834 92171
6 24 34781 0 1788888697 708556 31156
7 24 49534 0 1788888698 590439 44859
4 25 81823 0 1788888699 727161 33745
5 25 81994 0 1788888699 729464 78471
6 25 45834 0 1788888700 236024 39917
7 25 33921 0 1788888700 513143 30211
4 26 48832 0 1788888701 38585 45196
5 26 30115 0 1788888701 552674 27254
6 26 19375 0 1788888704 587563 17442
7 26 80985 0 1788888705 187072 48560
4 27 75822 0 1788888705 189284 72782
5 27 50728 0 1788888705 982179 36663
6 27 45345 0 1788888706 935874 42459
7 27 25016 0 1788888708 54059 22909
4 28 34188 0 1788888708 308774 31596
5 28 20953 0 1788888708 591780 18489
6 28 31760 0 1788888709 161145 28888
7 28 35092 0 1788888709 499845 31912
4 29 23996 0 1788888710 707528 21822
5 29 42000 0 1788888711 50509 38942
6 29 35818 0 1788888711 104470 32464
7 29 28893 0 1788888711 490087 25324
4 30 21721 0 1788888712 531963 19470
5 30 25453 0 1788888714 279397 22813
6 30 22024 0 1788888714 528498 19418
7 30 25969 0 1788888715 17804 23706
4 31 23500 0 1788888715 348511 21508
5 31 18627 0 1788888716 88343 16975
6 31 27407 0 1788888717 701804 25448
7 31 24946 0 1788888718 168675 22922
4 32 28174 0 1788888719 647297 24399
5 32 20069 0 1788888719 839046 18012
6 32 35205 0 1788888721 369774 27249
7 32 33001 0 1788888721 470334 30230
4 33 22912 0 1788888721 757897 20892
5 33 22810 0 1788888722 596916 20424
6 33 20698 0 1788888722 830920 18331
7 33 21803 0 1788888723 958625 19772
4 34 34621 0 1788888726 511627 30540
5 34 26489 0 1788888726 962286 24225
6 34 18921 0 1788888727 468788 17082
7 34 31716 0 1788888728 162698 28099
4 35 55924 0 1788888730 672223 53475
5 35 19795 0 1788888732 741265 17886
6 35 20318 0 1788888736 83987 18199
7 35 38689 0 1788888736 834