4 1 330423 0 1788889008 79274 47187
5 1 336105 0 1788889008 95417 105775
6 1 341480 0 1788889008 101338 184505
4 2 584750 0 1788889008 367232 438227
5 2 580833 0 1788889008 367379 519904
7 1 606388 0 1788889008 367492 316982
4 3 719994 0 1788889008 539183 598809
5 3 716287 0 1788889008 539369 648295
6 2 725451 0 1788889008 539550 552408
4 4 904416 0 1788889008 740456 765624
5 4 899001 0 1788889008 740670 812000
7 2 915361 0 1788889008 740868 713263
4 5 1005863 0 1788889008 859696 922034
5 5 987112 0 1788889008 859951 942551
6 3 1010631 0 1788889008 860986 889834
4 6 1127219 0 1788889009 26990 1001523
5 6 1107512 0 1788889009 27284 1059846
7 3 1129727 0 1788889009 27465 961681
4 7 1435996 0 1788889009 397453 1125947
5 7 1416326 0 1788889009 398048 1257926
6 4 1452200 0 1788889009 398654 1080233
4 8 1608308 0 1788889009 618663 1478920
5 8 1543814 0 1788889009 619273 1480403
7 4 1614180 0 1788889009 623083 1388136
4 9 1680321 0 1788889009 766611 1584687
5 9 1676253 0 1788889009 766792 1625860
6 5 1682812 0 1788889009 766984 1534172
4 10 1799375 0 1788889009 924837 1707320
5 10 1775348 0 1788889009 925050 1724395
7 5 1811585 0 1788889009 925524 1652438
4 11 1865111 0 1788889010 60763 1775922
5 11 1844190 0 1788889010 61557 1800220
6 6 1877908 0 1788889010 62576 1739932
4 12 1907455 0 1788889010 187751 1826234
5 12 1813220 0 1788889010 187888 1774630
7 6 1915345 0 1788889010 188007 1787210
4 13 2001474 0 1788889010 395782 1867877
5 13 1964344 0 1788889010 396044 1887636
6 7 2014595 0 1788889010 396165 1805917
4 14 2194359 0 1788889010 632563 2015406
5 14 2216030 0 1788889010 657131 2069562
7 7 2223844 0 1788889010 657377 1961962
4 15 2390441 0 1788889010 840075 2282043
5 15 2384594 0 1788889010 840336 2324783
6 8 2399913 0 1788889010 846967 2185273
4 16 2463767 0 1788889010 980420 2387690
5 16 2437237 0 1788889010 980843 2399445
7 8 2504013 0 1788889010 981010 2362810
4 17 2519703 0 1788889011 97256 2444175
5 17 2502051 0 1788889011 97624 2457518
6 9 2532236 0 1788889011 98003 2414411
4 18 2602732 0 1788889011 239817 2509028
5 18 2549100 0 1788889011 240931 2493887
7 9 2608360 0 1788889011 241104 2464237
4 19 2644449 0 1788889011 409260 2527387
5 19 2642918 0 1788889011 409815 2587722
6 10 2694059 0 1788889011 410191 2523047
4 20 2769395 0 1788889011 564183 2678594
5 20 2738687 0 1788889011 564646 2695829
7 10 2792479 0 1788889011 564974 2633905
4 21 2843654 0 1788889011 715790 2752277
5 21 2829575 0 1788889011 716848 2787390
6 11 2875568 0 1788889011 717230 2722164
4 22 2952012 0 1788889011 868250 2847361
5 22 2943332 0 1788889011 868494 2889300
7 11 2966311 0 1788889011 870029 2811794
4 23 3018048 0 1788889012 2981 2933182
5 23 3013676 0 1788889012 3173 2972450
6 12 3069772 0 1788889012 3325 2934375
4 24 3174272 0 1788889012 183593 3062371
5 24 3129450 0 1788889012 183947 3085850
7 12 3187660 0 1788889012 184094 3006341
4 25 3237545 0 1788889012 304651 3162060
5 25 3226952 0 1788889012 306328 3187931
6 13 3240999 0 1788889012 306474 3117407
4 26 3359414 0 1788889012 473043 3233841
5 26 3331361 0 1788889012 473683 3282212
7 13 3395236 0 1788889012 476252 3223395
4 27 3503866 0 1788889012 695728 3354395
5 27 3482576 0 1788889012 696117 3403519
6 14 3553130 0 1788889012 696395 3328668
4 28 3677341 0 1788889012 900797 3558040
5 28 3661659 0 1788889012 901030 3593005
7 14 3685234 0 1788889012 901163 3479423
4 29 3757764 0 1788889013 65538 3653734
5 29 3747331 0 1788889013 65679 3684581
6 15 3762755 0 1788889013 65833 3597021
4 30 3979597 0 1788889013 305574 3835605
5 30 3959476 0 1788889013 309162 3883652
7 15 4001839 0 1788889013 327116 3739986
4 31 4173147 0 1788889013 550813 4009421
5 31 4167653 0 1788889013 551204 4094784
6 16 4183145 0 1788889013 551667 3936624
4 32 4393875 0 1788889013 807311 4226814
5 32 4376781 0 1788889013 807561 4297287
7 16 4424043 0 1788889013 807663 4161839
4 33 4661735 0 1788889014 114647 4522991
5 33 4651198 0 1788889014 114964 4575659
6 17 4662292 0 1788889014 115160 4354233
4 34 4812770 0 1788889014 292528 4700205
5 34 4802349 0 1788889014 292762 4747924
7 17 4823314 0 1788889014 292860 4644795
4 35 5037891 0 1788889014 599975 4805725
5 35 5039544 0 1788889014 601776 4872653
6 18 5057393 0 1788889014 608720 4740948
4 36 5410621 0 1788889015 8395 5193004
5 36 5387998 0 1788889015 8541 5286244
7 18 5430121 0 1788889015 8713 5016646
4 37 5576877 0 1788889015 208256 5483099
5 37 5565877 0 1788889015 208428 5521089
6 19 5583083 0 1788889015 208537 5382648
4 38 5642585 0 1788889015 316219 5572259
5 38 5636304 0 1788889015 316437 5606870
7 19 5667660 0 1788889015 316918 5558872
4 39 5752207 0 1788889015 441394 5663214
5 39 5732060 0 1788889015 442229 5694075
6 20 5761005 0 1788889015 442342 5634687
4 40 5896917 0 1788889015 647010 5770956
5 40 5887355 0 1788889015 647155 5816655
7 20 5902229 0 1788889015 647271 5696144
4 41 6006888 0 1788889015 788246 5901864
5 41 5975083 0 1788889015 788535 5901285
6 21 6022278 0 1788889015 788742 5880205
4 42 6042017 0 1788889015 894364 5975370
5 42 6038448 0 1788889015 894792 6008059
7 21 6072207 0 1788889015 895046 5965173
4 43 6099714 0 1788889015 988425 6037292
5 43 6094176 0 1788889015 988840 6062446
6 22 6103021 0 1788889015 989677 6007461
4 44 6195221 0 1788889016 111389 6106467
5 44 6172954 0 1788889016 111655 6127755
7 22 6200386 0 1788889016 111832 6076769
4 45 6293570 0 1788889016 292251 6163473
5 45 6283469 0 1788889016 292430 6223465
6 23 6303181 0 1788889016 292685 6121612
4 46 6345379 0 1788889016 417669 6268211
5 46 6303410 0 1788889016 417802 6262716
7 23 6395728 0 1788889016 418311 6269486
4 47 6346748 0 1788889016 542620 6264873
5 47 6320656 0 1788889016 542876 6279398
6 24 6365044 0 1788889016 546281 6236134
4 48 6374689 0 1788889016 658686 6305537
5 48 6365080 0 1788889016 658979 6332117
7 24 6382833 0 1788889016 659185 6266021
4 49 6426175 0 1788889016 771522 6346731
5 49 6422363 0 1788889016 771852 6378546
6 25 6449882 0 1788889016 771978 6336376
4 50 6456012 0 1788889016 877016 6387520
5 50 6414555 0 1788889016 877227 6380144
7 25 6502872 0 1788889016 877391 6396770
4 51 6452478 0 1788889016 962856 6395512
5 51 6452113 0 1788889016 963218 6423922
6 26 6483176 0 1788889016 963357 6396635
4 52 6534158 0 1788889017 49593 6477797
5 52 6505517 0 1788889017 49918 6478025
7 26 6534973 0 1788889017 50198 6447232
4 53 6595651 0 1788889017 161632 6513255
5 53 6544265 0 1788889017 161831 6495876
6 27 6599905 0 1788889017 162007 6487296
4 54 6594258 0 1788889017 277135 6520760
5 54 6582282 0 1788889017 277418 6545722
7 27 6659697 0 1788889017 277526 6543519
4 55 6628038 0 1788889017 357661 6574706
5 55 6620008 0 1788889017 357797 6595305
6 28 6645742 0 1788889017 357957 6564717
4 56 6691916 0 1788889017 439672 6640099
5 56 6691754 0 1788889017 439968 6666126
7 28 6693666 0 1788889017 440259 6610852
4 57 6690939 0 1788889017 516088 6639601
5 57 6683221 0 1788889017 516321 6656675
6 29 6738022 0 1788889017 516444 6661054
4 58 6755248 0 1788889017 596792 6702946
5 58 6747854 0 1788889017 596966 6722686
7 29 6763135 0 1788889017 597124 6681881
4 59 6700364 0 1788889017 677762 6647754
5 59 6653918 0 1788889017 677912 6626852
6 30 6768070 0 1788889017 678008 6686674
4 60 6676641 0 1788889017 729332 6649600
7 30 6685058 0 1788889017 730048 6632582
5 60 6663217 0 1788889017 732409 6659972
