0 1 166947 0 1788888977 126284 46039
1 1 151678 0 1788888977 127546 75587
2 1 151409 0 1788888977 127967 110524
0 2 271990 0 1788888977 268362 171153
1 2 244097 0 1788888977 268607 189816
3 1 275726 0 1788888977 268953 132823
0 3 303117 0 1788888977 384592 236172
1 3 283314 0 1788888977 384844 249650
2 2 347071 0 1788888977 385020 229624
0 4 384279 0 1788888977 503874 309180
1 4 376064 0 1788888977 504102 338689
3 2 389403 0 1788888977 504209 269556
0 5 436782 0 1788888977 588164 384989
1 5 430631 0 1788888977 588377 404549
2 3 453498 0 1788888977 589323 367813
0 6 467719 0 1788888977 667346 416118
1 6 444027 0 1788888977 667524 415831
3 3 503414 0 1788888977 667674 423669
0 7 400924 0 1788888977 744525 351148
1 7 393946 0 1788888977 744698 366735
2 4 504329 0 1788888977 744811 426681
0 8 439626 0 1788888977 816944 391712
1 8 396001 0 1788888977 817138 370831
3 4 441504 0 1788888977 817360 368209
0 9 452056 0 1788888977 890748 402874
1 9 440750 0 1788888977 890992 416695
2 5 453739 0 1788888977 891150 379399
0 10 462215 0 1788888977 968039 410241
1 10 440489 0 1788888977 968825 411974
3 5 494544 0 1788888977 969054 415937
0 11 472978 0 1788888978 42083 422810
1 11 468435 0 1788888978 42326 441485
2 6 477434 0 1788888978 42511 402769
0 12 522904 0 1788888978 114955 474655
1 12 473635 0 1788888978 115135 448256
3 6 538524 0 1788888978 115490 464906
0 13 447548 0 1788888978 190901 399438
1 13 414387 0 1788888978 191065 389901
2 7 477324 0 1788888978 191690 400412
0 14 454321 0 1788888978 262392 407376
1 14 453789 0 1788888978 262520 430216
3 7 471940 0 1788888978 263293 399256
0 15 423696 0 1788888978 337325 374725
1 15 423234 0 1788888978 337763 397995
2 8 468446 0 1788888978 338164 392482
0 16 449417 0 1788888978 411442 400819
1 16 441275 0 1788888978 411787 416623
3 8 472076 0 1788888978 411892 397369
0 17 503396 0 1788888978 504009 443558
1 17 492857 0 1788888978 504263 463156
2 9 529955 0 1788888978 504372 436766
0 18 539863 0 1788888978 604177 483461
1 18 445940 0 1788888978 604368 415515
3 9 570090 0 1788888978 604517 469335
0 19 494468 0 1788888978 690450 442550
1 19 488007 0 1788888978 690710 462450
2 10 530880 0 1788888978 690877 443991
0 20 543506 0 1788888978 783745 479414
1 20 523713 0 1788888978 784030 490605
3 10 578399 0 1788888978 784208 484547
0 21 566270 0 1788888978 871695 511225
1 21 534352 0 1788888978 871914 505831
2 11 578166 0 1788888978 872077 489636
0 22 564724 0 1788888978 964864 505016
1 22 531828 0 1788888978 965156 503537
3 11 606701 0 1788888978 965270 512841
0 23 587669 0 1788888979 45592 532856
1 23 577056 0 1788888979 46351 550402
2 12 608520 0 1788888979 46469 526696
0 24 611493 0 1788888979 131349 555168
1 24 581104 0 1788888979 131525 551742
3 12 648161 0 1788888979 131630 561847
0 25 606495 0 1788888979 218690 547581
1 25 604559 0 1788888979 218874 574089
2 13 632543 0 1788888979 219041 544607
0 26 696078 0 1788888979 339665 603037
1 26 692534 0 1788888979 340204 657167
3 13 711031 0 1788888979 340324 588995
0 27 716348 0 1788888979 430333 654155
1 27 700394 0 1788888979 430483 666819
2 14 743383 0 1788888979 431455 651383
0 28 748851 0 1788888979 527050 690932
1 28 744943 0 1788888979 527299 716946
3 14 769591 0 1788888979 527580 672067
0 29 857363 0 1788888979 645130 778400
1 29 853109 0 1788888979 645701 815818
2 15 865501 0 1788888979 648208 744130
0 30 843839 0 1788888979 739045 791741
1 30 827753 0 1788888979 739237 801219
3 15 867228 0 1788888979 739407 772390
0 31 873994 0 1788888979 814527 825603
1 31 864471 0 1788888979 814655 839520
2 16 900118 0 1788888979 814808 824164
0 32 925674 0 1788888979 925566 845164
1 32 866401 0 1788888979 926377 814314
3 16 969909 0 1788888979 926591 857622
0 33 981703 0 1788888980 51156 897826
1 33 952328 0 1788888980 51507 911965
2 17 994787 0 1788888980 56111 862202
0 34 1013774 0 1788888980 162041 946095
1 34 990838 0 1788888980 162270 954637
3 17 1057700 0 1788888980 162396 946247
0 35 1056632 0 1788888980 259312 995186
1 35 994837 0 1788888980 259590 960028
2 18 1082317 0 1788888980 261673 982450
0 36 1079450 0 1788888980 358604 1023149
1 36 1062197 0 1788888980 358833 1034452
3 18 1089327 0 1788888980 359909 988473
0 37 1103143 0 1788888980 455228 1042339
1 37 1079672 0 1788888980 455520 1047690
2 19 1130634 0 1788888980 455693 1033341
0 38 1144838 0 1788888980 546528 1086423
1 38 1137325 0 1788888980 546723 1109063
3 19 1148414 0 1788888980 546839 1056517
0 39 1213489 0 1788888980 655537 1142470
1 39 1210657 0 1788888980 655798 1174593
2 20 1240657 0 1788888980 655984 1130993
0 40 1236748 0 1788888980 764809 1167403
1 40 1217231 0 1788888980 765057 1184170
3 20 1304528 0 1788888980 765843 1193864
0 41 1278069 0 1788888980 891171 1193103
1 41 1278090 0 1788888980 891544 1235454
2 21 1326626 0 1788888980 892129 1199069
0 42 1386467 0 1788888981 39085 1287701
1 42 1365793 0 1788888981 39222 1317305
3 21 1421358 0 1788888981 39385 1271974
0 43 1393155 0 1788888981 175482 1314617
1 43 1385002 0 1788888981 175725 1343470
2 22 1460470 0 1788888981 176045 1323136
0 44 1521832 0 1788888981 330508 1414978
1 44 1499815 0 1788888981 330931 1441110
3 22 1539171 0 1788888981 331078 1383336
0 45 1649827 0 1788888981 526117 1536484
1 45 1649036 0 1788888981 526378 1592753
2 23 1688314 0 1788888981 526815 1491773
0 46 1695255 0 1788888981 576498 1691258
2 24 1799225 0 1788888981 754447 1783062
0 47 1945441 0 1788888981 909711 1859843
1 46 2021936 0 1788888981 914250 1766235
3 23 2040356 0 1788888981 918037 1647995
0 48 2049020 0 1788888982 70036 1951761
1 47 2022205 0 1788888982 70266 1973468
2 25 2096130 0 1788888982 70406 1925709
0 49 2160166 0 1788888982 228978 2049128
1 48 2066044 0 1788888982 232503 2009499
3 24 2168512 0 1788888982 232644 2005437
0 50 2323520 0 1788888982 497001 2120754
1 49 2308849 0 1788888982 497307 2191195
2 26 2333535 0 1788888982 501665 2059653
0 51 2445884 0 1788888982 710357 2298742
1 50 2415848 0 1788888982 710498 2336453
3 25 2458569 0 1788888982 710609 2244760
0 52 2507767 0 1788888982 855180 2427948
1 51 2488401 0 1788888982 855301 2451505
2 27 2554527 0 1788888982 855408 2409173
0 53 2620372 0 1788888983 1190 2529810
1 52 2619923 0 1788888983 1488 2580106
3 26 2625412 0 1788888983 5780 2474602
0 54 2689138 0 1788888983 115861 2624488
1 53 2687069 0 1788888983 116087 2658919
2 28 2692321 0 1788888983 116229 2577057
0 55 2824641 0 1788888983 282913 2701006
1 54 2800164 0 1788888983 283091 2761753
3 27 2839698 0 1788888983 283260 2672041
0 56 2891810 0 1788888983 402911 2824772
1 55 2863509 0 1788888983 403902 2823227
2 29 2916942 0 1788888983 405183 2794414
0 57 3013812 0 1788888983 575770 2927080
1 56 2995331 0 1788888983 575908 2953012
3 28 3023604 0 1788888983 581756 2844200
0 58 3058919 0 1788888983 701289 2990429
1 57 3014004 0 1788888983 701506 2979849
2 30 3078363 0 1788888983 701614 2952008
0 59 3068918 0 1788888983 803382 2999318
1 58 3060984 0 1788888983 803529 3028350
3 29 3104128 0 1788888983 803628 2999109
0 60 3029790 0 1788888983 901950 2969957
1 59 2970208 0 1788888983 902181 2936972
2 31 3102138 0 1788888983 902297 3002799
0 61 2942931 0 1788888984 25337 2859861
1 60 2941705 0 1788888984 25654 2901821
3 30 3009779 0 1788888984 26003 2885512
0 62 2983509 0 1788888984 139038 2921154
1 61 2948705 0 1788888984 139257 2918702
2 32 3037683 0 1788888984 139418 2923402
0 63 3035448 0 1788888984 244065 2970435
1 62 3034661 0 1788888984 244305 3004947
3 31 3043477 0 1788888984 244449 2937849
0 64 3110697 0 1788888984 337323 3049638
1 63 3110687 0 1788888984 337558 3080312
2 33 3129840 0 1788888984 341631 3032086
0 65 3174171 0 1788888984 420362 3121014
1 64 3173738 0 1788888984 420586 3146151
3 32 3185303 0 1788888984 420750 3101686
0 66 3229769 0 1788888984 499148 3180745
1 65 3201553 0 1788888984 499691 3177226
2 34 3233645 0 1788888984 499915 3153893
0 67 3282828 0 1788888984 624106 3191710
1 66 3262800 0 1788888984 624297 3210290
3 33 3292957 0 1788888984 624406 3167493
0 68 3353717 0 1788888984 732165 3289611
1 67 3342051 0 1788888984 732360 3309017
2 35 3365404 0 1788888984 732522 3256777
0 69 3417143 0 1788888984 817712 3365064
1 68 3416169 0 1788888984 817988 3389545
3 34 3420494 0 1788888984 818137 3334326
0 70 3491419 0 1788888984 903828 3438542
1 69 3471549 0 1788888984 904453 3441646
2 36 3500322 0 1788888984 904575 3413255
0 71 3521317 0 1788888984 981230 3473783
1 70 3509338 0 1788888984 981492 3484982
3 35 3532803 0 1788888984 981973 3454461
0 72 3569410 0 1788888985 59488 3516982
1 71 3563812 0 1788888985 59699 3534219
2 37 3579976 0 1788888985 59813 3501190
0 73 3627112 0 1788888985 144509 3567378
1 72 3622949 0 1788888985 144718 3593808
3 36 3630663 0 1788888985 144989 3544981
0 74 3697259 0 1788888985 233980 3636052
1 73 3694414 0 1788888985 235156 3665860
2 38 3707375 0 1788888985 235324 3616285
0 75 3698253 0 1788888985 313235 3645781
1 74 3661532 0 1788888985 313452 3633187
3 37 3740083 0 1788888985 317708 3656130
0 76 3696763 0 1788888985 400846 3639743
1 75 3679794 0 1788888985 401185 3651967
2 39 3698247 0 1788888985 401700 3609567
0 77 3731719 0 1788888985 494910 3668851
1 76 3710058 0 1788888985 495287 3682770
3 38 3748526 0 1788888985 495703 3653248
0 78 3766154 0 1788888985 580407 3714271
1 77 3751553 0 1788888985 580841 3724991
2 40 3772090 0 1788888985 581866 3684961
0 79 3790257 0 1788888985 671763 3732402
1 78 3782598 0 1788888985 671946 3755644
3 39 3830063 0 1788888985 672220 3738047
0 80 3855608 0 1788888985 756655 3798100
1 79 3801668 0 1788888985 756902 3777006
2 41 3862239 0 1788888985 757102 3776681
0 81 3807096 0 1788888985 833628 3756800
1 80 3802238 0 1788888985 833815 3776934
3 40 3810904 0 1788888985 833976 3733396
0 82 3881605 0 1788888985 918625 3823497
1 81 3881064 0 1788888985 918792 3854388
2 42 3886726 0 1788888985 920210 3799814
0 83 3936753 0 1788888985 999592 3885744
1 82 3925922 0 1788888986 108 3899801
3 41 3952051 0 1788888986 354 3870137
0 84 3859490 0 1788888986 31542 3856499
1 83 3894876 0 1788888986 124984 3829563
2 43 4016065 0 1788888986 125249 3890237
3 42 3855083 0 1788888986 125348 3815450
0 85 3963226 0 1788888986 244393 3843656
1 84 3936595 0 1788888986 244520 3868467
2 44 3934257 0 1788888986 244676 3904474
0 86 3987351 0 1788888986 329473 3935409
1 85 3917760 0 1788888986 329681 3892379
3 43 4016290 0 1788888986 330422 3930078
0 87 3983392 0 1788888986 408399 3932940
1 86 3974570 0 1788888986 408620 3948152
2 45 3989097 0 1788888986 408815 3909522
0 88 4038815 0 1788888986 494575 3980915
1 87 4011329 0 1788888986 494746 3981955
3 44 4057742 0 1788888986 494841 3971091
0 89 3998247 0 1788888986 577210 3946729
1 88 3983205 0 1788888986 577371 3956207
2 46 4012755 0 1788888986 577704 3929423
0 90 4021589 0 1788888986 654658 3971511
1 89 4015863 0 1788888986 654776 3989778
3 45 4048764 0 1788888986 654880 3970898
0 91 4039101 0 1788888986 730605 3988477
1 90 3988165 0 1788888986 730782 3960424
2 47 4070665 0 1788888986 730937 3994161
0 92 4045698 0 1788888986 813846 3992621
1 91 4029516 0 1788888986 814052 4001737
3 46 4057863 0 1788888986 814243 3974033
0 93 4061235 0 1788888986 891936 4012128
1 92 4056488 0 1788888986 892183 4030930
2 48 4075097 0 1788888986 892350 3996365
3 47 4084688 0 1788888986 921197 4055253
0 94 4050380 0 1788888986 923699 4047667
