4 1 106476 0 1788888885 551249 26605
5 1 97102 0 1788888885 552336 41219
6 1 96739 0 1788888885 552518 64764
4 2 158045 0 1788888885 636450 101731
5 2 154125 0 1788888885 636594 121094
7 1 179652 0 1788888885 636678 92917
4 3 196451 0 1788888885 711562 147836
5 3 192752 0 1788888885 711756 167016
6 2 201857 0 1788888885 711878 126239
4 4 269863 0 1788888885 801825 208320
5 4 264549 0 1788888885 802141 235349
7 2 280840 0 1788888885 802269 189945
4 5 330592 0 1788888885 880347 279907
5 5 311812 0 1788888885 880572 287242
6 3 335311 0 1788888885 881588 255337
4 6 378598 0 1788888885 974290 309342
5 6 358796 0 1788888885 974490 319419
7 3 380977 0 1788888885 974637 286526
4 7 410925 0 1788888886 68303 347528
5 7 390864 0 1788888886 68508 358623
6 4 426274 0 1788888886 68651 331681
4 8 471359 0 1788888886 177636 387934
5 8 406435 0 1788888886 177816 371667
7 4 473149 0 1788888886 177973 363197
4 9 471339 0 1788888886 253552 422991
5 9 467235 0 1788888886 253697 442132
6 5 473749 0 1788888886 253843 397276
4 10 501631 0 1788888886 323015 455754
5 10 478013 0 1788888886 323637 453944
7 5 513956 0 1788888886 323817 443448
4 11 509878 0 1788888886 401452 456463
5 11 488323 0 1788888886 401612 460181
6 6 521167 0 1788888886 401757 442255
4 12 505769 0 1788888886 481987 453020
5 12 411651 0 1788888886 482240 383155
7 6 514004 0 1788888886 482589 432648
4 13 473054 0 1788888886 563283 422662
5 13 435951 0 1788888886 563573 410653
6 7 487294 0 1788888886 564787 404280
4 14 523759 0 1788888886 657885 458704
5 14 521092 0 1788888886 658115 485621
7 7 529563 0 1788888886 659018 433645
4 15 607102 0 1788888886 752657 545229
5 15 601111 0 1788888886 752775 569004
6 8 610525 0 1788888886 753502 514625
4 16 635372 0 1788888886 847947 577705
5 16 608720 0 1788888886 848248 580694
7 8 675443 0 1788888886 848362 578537
4 17 667017 0 1788888886 940492 602098
5 17 649209 0 1788888886 940705 617914
6 9 679179 0 1788888886 940868 586013
4 18 694567 0 1788888887 27574 635779
5 18 640056 0 1788888887 27809 607326
7 9 699312 0 1788888887 27978 611626
4 19 663875 0 1788888887 124608 603756
5 19 662195 0 1788888887 125014 628570
6 10 713245 0 1788888887 125300 615103
4 20 712111 0 1788888887 202821 666931
5 20 681224 0 1788888887 203105 657977
7 10 735901 0 1788888887 204319 655924
4 21 712856 0 1788888887 280914 661385
5 21 697885 0 1788888887 281079 673422
6 11 743714 0 1788888887 281299 664727
4 22 748910 0 1788888887 361067 695365
5 22 740189 0 1788888887 361273 709995
7 11 761803 0 1788888887 361443 681099
4 23 796903 0 1788888887 477759 709014
5 23 792979 0 1788888887 478397 734502
6 12 849036 0 1788888887 478511 731400
4 24 893352 0 1788888887 598594 829141
5 24 848353 0 1788888887 598772 820692
7 12 906528 0 1788888887 598884 785144
4 25 919881 0 1788888887 682909 863181
5 25 907881 0 1788888887 683178 880144
6 13 922089 0 1788888887 683485 836847
4 26 962664 0 1788888887 772214 906772
5 26 934157 0 1788888887 772400 905382
7 13 995631 0 1788888887 772569 905734
4 27 962689 0 1788888887 850473 911301
5 27 941220 0 1788888887 850684 917862
6 14 1011594 0 1788888887 850781 932790
4 28 1016366 0 1788888887 935744 959758
5 28 1000617 0 1788888887 935911 967208
7 14 1024212 0 1788888887 936063 938422
4 29 1021369 0 1788888888 25064 966081
5 29 1010986 0 1788888888 25255 982633
6 15 1026425 0 1788888888 25425 936490
4 30 1109484 0 1788888888 131382 1036918
5 30 1086494 0 1788888888 132101 1043334
7 15 1117753 0 1788888888 138953 1003671
4 31 1181248 0 1788888888 254835 1108069
5 31 1175595 0 1788888888 255067 1145130
6 16 1190781 0 1788888888 255224 1066409
4 32 1244181 0 1788888888 353540 1180981
5 32 1227033 0 1788888888 353734 1191798
7 16 1274416 0 1788888888 353959 1175032
4 33 1293884 0 1788888888 442717 1235745
5 33 1283472 0 1788888888 443159 1252684
6 17 1296553 0 1788888888 445343 1204385
4 34 1371492 0 1788888888 547172 1305183
5 34 1361290 0 1788888888 547625 1323020
7 17 1382250 0 1788888888 547718 1276373
4 35 1382258 0 1788888888 640265 1327163
5 35 1382236 0 1788888888 640389 1354130
6 18 1398194 0 1788888888 645443 1299738
4 36 1436021 0 1788888888 729717 1382246
5 36 1413863 0 1788888888 730328 1387638
7 18 1455908 0 1788888888 730421 1365493
4 37 1478050 0 1788888888 805351 1430571
5 37 1467002 0 1788888888 805474 1443670
6 19 1484229 0 1788888888 805605 1408143
4 38 1536617 0 1788888888 906172 1459026
5 38 1530428 0 1788888888 906484 1484163
7 19 1561557 0 1788888888 906736 1459968
4 39 1607913 0 1788888888 993023 1555273
5 39 1587082 0 1788888888 993172 1563143
6 20 1616008 0 1788888888 993266 1528701
4 40 1622799 0 1788888889 68814 1573851
5 40 1615848 0 1788888889 71570 1588403
7 20 1630928 0 1788888889 71893 1551746
4 41 1663218 0 1788888889 140498 1617131
5 41 1631319 0 1788888889 140693 1607671
6 21 1678455 0 1788888889 140841 1606226
4 42 1661670 0 1788888889 209939 1617405
5 42 1657855 0 1788888889 210121 1635891
7 21 1691482 0 1788888889 210244 1621561
4 43 1695262 0 1788888889 279896 1650070
5 43 1689675 0 1788888889 280261 1667036
6 22 1697883 0 1788888889 280461 1627190
4 44 1737872 0 1788888889 349962 1695032
5 44 1715552 0 1788888889 350175 1694330
7 22 1743546 0 1788888889 350915 1672359
4 45 1722324 0 1788888889 416926 1679586
5 45 1712176 0 1788888889 417059 1690966
6 23 1731789 0 1788888889 417215 1664382
4 46 1716865 0 1788888889 485077 1674470
5 46 1674920 0 1788888889 485234 1652506
7 23 1766815 0 1788888889 485320 1698275
4 47 1659535 0 1788888889 551329 1616372
5 47 1633333 0 1788888889 551475 1611403
6 24 1674653 0 1788888889 551811 1607734
4 48 1642512 0 1788888889 622431 1597364
5 48 1634754 0 1788888889 624576 1610794
7 24 1652951 0 1788888889 625226 1578909
4 49 1658725 0 1788888889 699994 1607493
5 49 1654730 0 1788888889 700141 1628537
6 25 1682213 0 1788888889 700230 1604105
4 50 1666537 0 1788888889 783463 1611695
5 50 1628041 0 1788888889 786635 1596643
7 25 1716324 0 1788888889 786765 1629374
4 51 1661571 0 1788888889 867871 1607429
5 51 1661032 0 1788888889 868058 1636908
6 26 1692061 0 1788888889 868164 1607119
4 52 1731918 0 1788888889 943275 1682372
5 52 1703060 0 1788888889 943383 1676230
7 26 1732364 0 1788888889 943511 1656500
4 53 1749849 0 1788888890 11752 1705306
5 53 1698431 0 1788888890 11919 1675339
6 27 1754373 0 1788888890 12396 1685033
4 54 1715765 0 1788888890 94565 1662114
5 54 1703699 0 1788888890 94757 1679227
7 27 1781269 0 1788888890 95019 1697779
4 55 1759604 0 1788888890 185150 1695147
5 55 1751514 0 1788888890 185225 1725296
6 28 1777248 0 1788888890 185384 1686257
4 56 1843525 0 1788888890 287202 1769002
5 56 1843229 0 1788888890 287365 1799313
7 28 1844998 0 1788888890 287512 1742494
4 57 1867513 0 1788888890 388584 1806390
5 57 1859689 0 1788888890 388711 1834983
6 29 1914507 0 1788888890 388851 1812667
4 58 1937000 0 1788888890 474467 1879468
5 58 1929743 0 1788888890 474777 1899686
7 29 1946677 0 1788888890 476589 1857354
4 59 1911683 0 1788888890 585003 1839443
5 59 1865260 0 1788888890 585177 1828023
6 30 1979571 0 1788888890 585430 1868044
4 60 1930848 0 1788888890 679462 1864670
5 60 1914550 0 1788888890 679663 1879228
7 30 1939223 0 1788888890 680135 1843869
4 61 1948392 0 1788888890 759658 1894188
5 61 1863424 0 1788888890 760375 1833820
6 31 1971258 0 1788888890 760504 1890052
4 62 1872530 0 1788888890 832510 1826306
5 62 1850082 0 1788888890 832655 1828951
7 31 1874892 0 1788888890 832774 1801612
4 63 1913545 0 1788888890 904173 1868142
5 63 1882558 0 1788888890 904341 1861327
6 32 1921092 0 1788888890 904520 1848912
4 64 1907176 0 1788888890 974350 1863271
5 64 1889937 0 1788888890 975280 1867252
7 32 1940703 0 1788888890 975566 1869105
4 65 1920028 0 1788888891 49508 1874923
5 65 1887810 0 1788888891 50223 1864819
6 33 1922535 0 1788888891 50441 1846208
4 66 1956913 0 1788888891 131829 1904706
5 66 1942175 0 1788888891 132014 1916641
7 33 1968293 0 1788888891 132149 1885456
4 67 2094162 0 1788888891 298948 1990915
5 67 2093407 0 1788888891 299060 2053908
6 34 2105677 0 1788888891 299148 1938178
4 68 2122924 0 1788888891 401183 2058470
5 68 2110524 0 1788888891 401711 2075193
7 34 2171118 0 1788888891 402015 2067849
4 69 2149875 0 1788888891 496705 2090000
5 69 2154470 0 1788888891 501868 2119466
6 35 2173760 0 1788888891 502578 2071808
4 70 2229322 0 1788888891 615192 2156812
5 70 2229045 0 1788888891 615515 2188685
7 35 2257230 0 1788888891 615831 2137746
4 71 2317741 0 1788888891 731461 2252438
5 71 2286320 0 1788888891 731677 2257259
6 36 2339249 0 1788888891 731830 2222066
4 72 2341117 0 1788888891 831841 2294379
5 72 2306472 0 1788888891 832050 2283641
7 36 2353206 0 1788888891 832187 2252253
4 73 2368556 0 1788888891 913796 2323007
5 73 2350757 0 1788888891 914475 2325788
6 37 2387369 0 1788888891 915553 2303495
4 74 2382115 0 1788888891 991206 2335512
5 74 2344052 0 1788888891 991401 2321544
7 37 2388551 0 1788888891 991547 2310574
4 75 2385836 0 1788888892 61006 2339481
5 75 2348299 0 1788888892 61159 2324030
6 38 2395785 0 1788888892 61335 2325457
4 76 2376727 0 1788888892 127815 2331188
5 76 2342982 0 1788888892 128010 2317783
7 38 2390095 0 1788888892 128134 2322806
4 77 2324087 0 1788888892 195741 2281086
5 77 2323418 0 1788888892 195842 2302166
6 39 2358563 0 1788888892 196033 2290110
4 78 2379687 0 1788888892 278462 2336886
5 78 2376922 0 1788888892 278657 2354123
7 39 2398351 0 1788888892 278755 2315198
4 79 2332846 0 1788888892 349286 2287169
5 79 2274316 0 1788888892 349467 2248565
6 40 2372309 0 1788888892 349557 2300924
4 80 2323006 0 1788888892 436879 2264877
5 80 2299168 0 1788888892 437036 2274095
7 40 2326793 0 1788888892 437118 2238827
4 81 2360506 0 1788888892 516941 2309430
5 81 2314669 0 1788888892 517093 2290553
6 41 2365558 0 1788888892 517205 2284869
4 82 2354223 0 1788888892 583839 2309848
5 82 2327999 0 1788888892 583963 2305084
7 41 2357683 0 1788888892 584093 2290308
4 83 2309736 0 1788888892 660645 2259984
5 83 2294698 0 1788888892 660907 2266729
6 42 2355307 0 1788888892 661182 2277815
4 84 2329804 0 1788888892 728333 2283682
5 84 2312331 0 1788888892 728561 2286745
7 42 2335746 0 1788888892 728659 2267580
4 85 2340424 0 1788888892 820146 2279707
5 85 2333505 0 1788888892 821103 2302861
6 43 2350447 0 1788888892 821366 2257251
4 86 2395620 0 1788888892 901051 2344516
5 86 2365545 0 1788888892 901616 2341609
7 43 2402197 0 1788888892 901789 2320344
4 87 2380671 0 1788888892 979396 2327483
5 87 2369665 0 1788888892 979548 2344131
6 44 2436005 0 1788888892 979635 2357269
4 88 2364796 0 1788888893 67672 2308913
5 88 2339253 0 1788888893 67826 2309155
7 44 2368717 0 1788888893 68236 2279735
4 89 2335050 0 1788888893 142608 2283988
5 89 2309500 0 1788888893 142783 2283795
6 45 2341174 0 1788888893 142884 2265742
4 90 2383082 0 1788888893 220903 2331518
5 90 2380655 0 1788888893 221048 2350815
7 45 2388206 0 1788888893 221793 2308779
4 91 2450150 0 1788888893 313965 2391790
5 91 2426345 0 1788888893 314481 2392835
6 46 2476143 0 1788888893 318208 2378661
4 92 2441345 0 1788888893 392275 2396223
5 92 2417112 0 1788888893 392473 2394145
7 46 2448028 0 1788888893 392655 2369140
4 93 2422473 0 1788888893 462206 2375169
5 93 2393120 0 1788888893 462377 2368019
6 47 2476569 0 1788888893 462468 2406204
4 94 2350849 0 1788888893 528109 2307512
5 94 2342672 0 1788888893 528248 2319881
7 47 2413707 0 1788888893 530342 2345323
4 95 2390304 0 1788888893 596844 2344649
5 95 2368312 0 1788888893 596982 2345730
6 48 2403539 0 1788888893 597074 2334422
4 96 2426045 0 1788888893 669638 2375271
5 96 2419386 0 1788888893 669791 2393269
7 48 2440786 0 1788888893 669933 2367530
4 97 2457515 0 1788888893 749571 2403686
5 97 2442211 0 1788888893 749811 2412265
6 49 2459040 0 1788888893 749954 2378552
4 98 2494279 0 1788888893 836097 2434438
5 98 2485496 0 1788888893 836205 2451475
7 49 2518528 0 1788888893 836804 2430853
4 99 2567761 0 1788888893 943954 2497707
5 99 2563040 0 1788888893 944117 2526497
6 50 2571488 0 1788888893 944227 2463194
4 100 2621511 0 1788888894 19555 2574853
5 100 2601714 0 1788888894 19663 2577684
7 50 2633651 0 1788888894 19805 2555406
4 101 2649554 0 1788888894 99998 2596543
5 101 2639891 0 1788888894 100133 2613133
6 51 2655191 0 1788888894 100374 2574201
4 102 2675374 0 1788888894 179671 2618731
5 102 2666384 0 1788888894 179886 2640281
7 51 2678135 0 1788888894 180121 2597841
4 103 2702065 0 1788888894 268925 2645022
5 103 2690982 0 1788888894 269085 2660520
6 52 2736077 0 1788888894 269206 2645915
4 104 2711115 0 1788888894 337858 2666231
5 104 2708081 0 1788888894 337984 2685509
7 52 2712934 0 1788888894 338174 2643468
4 105 2680427 0 1788888894 418643 2627989
5 105 2673133 0 1788888894 418857 2646566
6 53 2747366 0 1788888894 419037 2665995
4 106 2758385 0 1788888894 518187 2685564
5 106 2739305 0 1788888894 518341 2690924
7 53 2760502 0 1788888894 518467 2660513
4 107 2845263 0 1788888894 630432 2771678
5 107 2837259 0 1788888894 630742 2796062
6 54 2849417 0 1788888894 631063 2736294
4 108 2899552 0 1788888894 722389 2844595
5 108 2896513 0 1788888894 722606 2866203
7 54 2915947 0 1788888894 722737 2823220
4 109 2914691 0 1788888894 803339 2862341
5 109 2863068 0 1788888894 803509 2837384
6 55 2915551 0 1788888894 803678 2834068
4 110 2865253 0 1788888894 871890 2819161
5 110 2821425 0 1788888894 872040 2798338
7 55 2904759 0 1788888894 872127 2835788
4 111 2885049 0 1788888894 945184 2834647
5 111 2867234 0 1788888894 946097 2838729
6 56 2887200 0 1788888894 946363 2812568
4 112 2913537 0 1788888895 15993 2865675
5 112 2903928 0 1788888895 16188 2876862
7 56 2927237 0 1788888895 16348 2855841
4 113 2949324 0 1788888895 80990 2906914
5 113 2938560 0 1788888895 81152 2917446
6 57 2962056 0 1788888895 81395 2896476
4 114 2954177 0 1788888895 149607 2911726
5 114 2947431 0 1788888895 149830 2926991
7 57 2984316 0 1788888895 149922 2915189
4 115 2948526 0 1788888895 212639 2905731
5 115 2918640 0 1788888895 213315 2896070
6 58 2976310 0 1788888895 213429 2912322
4 116 2966723 0 1788888895 276608 2925138
5 116 2936519 0 1788888895 276833 2915525
7 58 2969271 0 1788888895 276923 2904780
4 117 2916035 0 1788888895 341242 2872557
5 117 2895826 0 1788888895 341428 2874584
6 59 2983893 0 1788888895 341521 2918792
4 118 2930450 0 1788888895 404201 2889529
5 118 2851192 0 1788888895 404337 2829809
7 59 2939511 0 1788888895 404456 2876123
6 60 2844029 0 1788888895 406463 2841606
