7 1 130777 0 1788889028 137149 124801
4 1 198950 0 1788889028 193070 25020
5 1 188705 0 1788889028 193284 41002
6 1 188396 0 1788889028 193521 69774
4 2 281546 0 1788889028 313360 203902
5 2 254515 0 1788889028 313882 214464
7 2 286307 0 1788889028 314057 164993
4 3 346894 0 1788889028 415245 273098
5 3 344605 0 1788889028 415380 311374
6 2 351037 0 1788889028 415494 248540
4 4 421851 0 1788889028 508788 362450
5 4 413289 0 1788889028 508912 381133
7 3 427729 0 1788889028 509037 333702
4 5 481482 0 1788889028 599588 419292
5 5 457524 0 1788889028 600530 426730
6 3 501706 0 1788889028 600807 409243
4 6 531310 0 1788889028 696350 462805
5 6 504864 0 1788889028 696586 466488
7 4 551779 0 1788889028 696817 454405
4 7 581920 0 1788889028 808910 503701
5 7 554972 0 1788889028 809143 517924
6 4 602590 0 1788889028 809314 489395
4 8 585803 0 1788889028 906531 525047
5 8 577342 0 1788889028 906782 548255
7 5 651595 0 1788889028 907217 553055
4 9 676404 0 1788889029 12211 608677
5 9 653251 0 1788889029 12458 617809
6 5 681563 0 1788889029 13121 574431
4 10 720459 0 1788889029 115429 649344
5 10 685742 0 1788889029 115679 645750
7 6 745110 0 1788889029 115840 640811
4 11 753437 0 1788889029 216072 693557
5 11 698347 0 1788889029 216277 671229
6 6 775486 0 1788889029 216405 674268
4 12 694012 0 1788889029 313947 626143
5 12 687414 0 1788889029 314253 650433
7 7 788947 0 1788889029 314511 690293
4 13 740669 0 1788889029 417638 675536
5 13 739026 0 1788889029 417827 702749
6 7 778465 0 1788889029 418040 674168
4 14 828103 0 1788889029 514472 768567
5 14 822965 0 1788889029 515288 790800
7 8 832101 0 1788889029 515572 734015
4 15 908907 0 1788889029 609917 846061
5 15 887786 0 1788889029 610050 856238
6 8 915478 0 1788889029 610379 819357
4 16 911903 0 1788889029 700777 852351
5 16 889949 0 1788889029 700984 862912
7 9 939198 0 1788889029 701119 847766
4 17 946760 0 1788889029 787602 891999
5 17 909730 0 1788889029 787742 881904
6 9 965076 0 1788889029 787897 877774
4 18 963628 0 1788889029 900728 886262
5 18 939613 0 1788889029 901013 899901
7 10 1019609 0 1788889029 901962 905020
4 19 1003798 0 1788889030 15963 926114
5 19 998438 0 1788889030 16201 965667
6 10 1006258 0 1788889030 16337 890383
4 20 1044982 0 1788889030 116209 980348
5 20 1029449 0 1788889030 116379 993425
7 11 1076479 0 1788889030 116535 975645
4 21 1074674 0 1788889030 207214 1015337
5 21 1058402 0 1788889030 207387 1027016
6 11 1090157 0 1788889030 207560 998635
4 22 1144825 0 1788889030 315254 1074502
5 22 1140478 0 1788889030 319300 1100701
7 12 1157986 0 1788889030 319489 1045496
4 23 1198391 0 1788889030 433155 1121093
5 23 1191648 0 1788889030 433350 1155323
6 12 1203268 0 1788889030 433470 1084221
4 24 1230038 0 1788889030 529803 1164234
5 24 1219261 0 1788889030 530003 1182175
7 13 1275530 0 1788889030 530119 1178344
4 25 1298895 0 1788889030 623538 1240936
5 25 1297493 0 1788889030 623777 1271544
6 13 1311587 0 1788889030 623961 1217181
4 26 1317773 0 1788889030 705362 1267743
5 26 1317073 0 1788889030 705606 1293057
7 14 1346832 0 1788889030 705728 1264472
4 27 1330345 0 1788889030 789154 1280228
5 27 1328167 0 1788889030 789365 1304158
6 14 1352382 0 1788889030 789513 1268037
4 28 1387251 0 1788889030 871891 1335520
5 28 1323782 0 1788889030 872128 1297630
7 15 1403564 0 1788889030 872288 1320218
4 29 1415188 0 1788889030 978804 1348415
5 29 1408491 0 1788889030 979037 1377622
6 15 1426428 0 1788889030 979469 1318553
4 30 1484614 0 1788889031 79567 1419393
5 30 1466356 0 1788889031 80145 1436041
7 16 1509244 0 1788889031 80488 1407234
4 31 1541727 0 1788889031 170545 1481262
5 31 1542496 0 1788889031 171384 1512446
6 16 1548570 0 1788889031 171503 1456339
4 32 1591321 0 1788889031 267368 1531839
5 32 1569574 0 1788889031 267710 1541423
7 17 1609372 0 1788889031 268076 1511650
4 33 1663695 0 1788889031 372729 1591736
5 33 1658263 0 1788889031 373077 1623300
6 17 1675074 0 1788889031 373253 1568993
4 34 1735702 0 1788889031 471383 1669989
5 34 1674932 0 1788889031 471526 1641739
7 18 1746660 0 1788889031 471685 1647484
4 35 1796697 0 1788889031 604196 1718174
5 35 1780987 0 1788889031 604846 1744066
6 18 1797954 0 1788889031 605306 1663731
4 36 1870934 0 1788889031 736745 1791369
5 36 1866192 0 1788889031 736914 1832663
7 19 1893994 0 1788889031 737035 1760603
4 37 1962319 0 1788889031 850137 1881342
5 37 1956066 0 1788889031 850591 1922124
6 19 1975983 0 1788889031 852630 1859879
4 38 2061144 0 1788889031 986545 1969198
5 38 2060755 0 1788889031 987359 2027498
7 20 2068639 0 1788889031 987541 1930968
4 39 2139955 0 1788889032 95391 2066698
5 39 2105215 0 1788889032 95526 2064671
6 20 2162265 0 1788889032 96721 2051864
4 40 2208213 0 1788889032 213281 2131217
5 40 2201914 0 1788889032 213647 2164855
7 21 2219329 0 1788889032 214690 2099782
4 41 2261859 0 1788889032 320579 2191617
5 41 2252702 0 1788889032 320809 2220681
6 21 2294349 0 1788889032 320975 2185902
4 42 2315407 0 1788889032 417019 2251589
5 42 2285745 0 1788889032 417670 2248360
7 22 2320175 0 1788889032 417790 2222753
4 43 2383579 0 1788889032 523511 2315287
5 43 2367005 0 1788889032 523719 2332477
6 22 2390524 0 1788889032 524504 2282798
4 44 2430442 0 1788889032 614410 2370835
5 44 2379865 0 1788889032 614638 2353961
7 23 2453680 0 1788889032 615117 2361870
4 45 2453966 0 1788889032 708195 2387433
5 45 2440532 0 1788889032 708384 2409089
6 23 2465021 0 1788889032 708969 2370225
4 46 2443003 0 1788889032 802664 2380290
5 46 2376400 0 1788889032 802905 2343206
7 24 2485542 0 1788889032 803099 2390394
4 47 2420929 0 1788889032 888417 2365354
5 47 2369330 0 1788889032 890950 2342116
6 24 2449968 0 1788889032 891108 2361297
4 48 2503608 0 1788889033 42775 2393878
5 48 2479411 0 1788889033 46774 2415159
7 25 2517640 0 1788889033 46905 2358965
4 49 2603750 0 1788889033 198508 2521543
5 49 2578944 0 1788889033 198731 2541062
6 25 2608244 0 1788889033 198860 2451797
4 50 2633476 0 1788889033 341416 2537907
5 50 2616266 0 1788889033 341715 2573164
7 26 2675593 0 1788889033 341866 2531922
4 51 2699340 0 1788889033 455713 2629675
5 51 2695459 0 1788889033 455952 2660936
6 26 2700433 0 1788889033 456079 2585527
4 52 2755648 0 1788889033 545317 2698203
5 52 2738866 0 1788889033 546236 2712753
7 27 2785748 0 1788889033 546452 2694785
4 53 2786510 0 1788889033 649344 2722304
5 53 2786631 0 1788889033 649727 2755283
6 27 2838785 0 1788889033 650034 2733834
4 54 2812979 0 1788889033 753383 2753580
5 54 2796044 0 1788889033 753526 2763466
7 28 2825491 0 1788889033 753636 2720925
4 55 2864156 0 1788889033 847213 2805639
5 55 2855528 0 1788889033 847388 2828021
6 28 2872587 0 1788889033 847478 2778210
4 56 2978361 0 1788889033 971843 2896087
5 56 2949151 0 1788889033 972841 2916949
7 29 2980002 0 1788889033 973025 2853969
4 57 2985127 0 1788889034 63495 2929409
5 57 2984599 0 1788889034 63856 2955027
6 29 2993825 0 1788889034 64243 2901267
4 58 3119463 0 1788889034 213842 3015837
5 58 3063770 0 1788889034 218975 3011314
7 30 3133064 0 1788889034 219877 2976443
4 59 3060760 0 1788889034 330023 2986892
5 59 3039891 0 1788889034 330148 3001246
6 30 3107866 0 1788889034 330532 2990917
4 60 3118209 0 1788889034 432668 3049502
5 60 3094215 0 1788889034 432807 3056071
7 31 3136585 0 1788889034 434544 3031536
4 61 3114804 0 1788889034 561100 3025482
5 61 3054135 0 1788889034 561363 3004528
6 31 3200962 0 1788889034 561574 3071850
4 62 3207231 0 1788889034 739150 3076721
5 62 3206513 0 1788889034 739288 3143529
7 32 3233925 0 1788889034 743251 3051500
4 63 3273732 0 1788889034 844861 3202067
5 63 3261153 0 1788889034 845361 3224907
6 32 3305558 0 1788889034 845531 3198908
4 64 3341683 0 1788889034 976373 3256720
5 64 3299317 0 1788889034 976569 3250394
7 33 3363537 0 1788889034 980056 3228150
4 65 3412201 0 1788889035 123960 3326007
5 65 3410899 0 1788889035 124101 3367889
6 33 3445389 0 1788889035 124215 3297355
4 66 3523811 0 1788889035 262995 3423398
5 66 3520423 0 1788889035 263240 3462509
7 34 3539163 0 1788889035 263425 3399466
4 67 3640084 0 1788889035 395083 3556468
5 67 3614987 0 1788889035 395230 3573090
6 34 3641202 0 1788889035 395335 3508511
4 68 3674906 0 1788889035 515439 3602046
5 68 3637863 0 1788889035 516027 3604461
7 35 3688956 0 1788889035 516560 3567266
4 69 3762590 0 1788889035 659335 3664390
5 69 3751841 0 1788889035 659788 3696274
6 35 3763932 0 1788889035 660108 3618752
4 70 3845204 0 1788889035 781021 3771173
5 70 3839297 0 1788889035 781225 3804314
7 36 3846142 0 1788889035 781359 3719867
4 71 3886595 0 1788889035 881389 3818935
5 71 3853377 0 1788889035 881704 3818996
6 36 3919066 0 1788889035 882133 3817495
4 72 3919515 0 1788889035 994439 3846253
5 72 3918608 0 1788889035 996139 3883556
7 37 3956222 0 1788889035 996292 3840594
4 73 4053150 0 1788889036 166215 3933478
5 73 4036683 0 1788889036 189025 3955780
6 37 4094669 0 1788889036 189254 3899548
4 74 4183730 0 1788889036 380425 4081646
5 74 4165722 0 1788889036 380618 4117606
7 38 4222295 0 1788889036 380731 4007460
4 75 4212766 0 1788889036 474972 4153768
5 75 4187828 0 1788889036 475212 4156903
6 38 4250852 0 1788889036 475369 4155636
4 76 4223269 0 1788889036 557642 4165937
5 76 4171077 0 1788889036 557893 4142843
7 39 4257573 0 1788889036 558006 4174355
4 77 4238828 0 1788889036 660599 4174425
5 77 4231546 0 1788889036 661296 4195765
6 39 4240452 0 1788889036 661452 4136371
4 78 4319290 0 1788889036 770371 4245555
5 78 4244039 0 1788889036 770633 4201522
7 40 4322910 0 1788889036 771032 4212242
4 79 4252443 0 1788889036 876940 4187583
5 79 4217734 0 1788889036 877404 4185686
6 40 4311849 0 1788889036 877634 4204306
4 80 4275833 0 1788889036 963047 4217472
5 80 4262247 0 1788889036 963241 4232238
7 41 4300165 0 1788889036 963385 4212997
4 81 4288935 0 1788889037 40705 4238625
5 81 4265727 0 1788889037 41484 4238093
6 41 4335813 0 1788889037 41593 4257043
4 82 4314846 0 1788889037 120156 4263830
5 82 4265045 0 1788889037 120266 4239246
7 42 4341452 0 1788889037 120413 4261486
4 83 4310611 0 1788889037 226166 4238777
5 83 4288403 0 1788889037 230662 4248857
6 42 4331726 0 1788889037 231982 4219723
4 84 4367134 0 1788889037 332710 4301844
5 84 4315391 0 1788889037 335657 4283195
7 43 4388443 0 1788889037 336317 4277641
4 85 4408250 0 1788889037 445195 4331904
5 85 4396514 0 1788889037 445452 4351605
6 43 4417321 0 1788889037 446389 4303436
4 86 4458801 0 1788889037 544217 4398537
5 86 4451406 0 1788889037 544381 4423233
7 44 4489710 0 1788889037 544487 4386914
4 87 4459310 0 1788889037 618539 4409547
5 87 4369936 0 1788889037 618801 4345664
6 44 4470894 0 1788889037 618965 4395961
4 88 4429521 0 1788889037 707440 4369687
5 88 4356531 0 1788889037 707587 4326423
7 45 4455517 0 1788889037 707738 4366113
4 89 4401833 0 1788889037 784462 4353451
5 89 4401781 0 1788889037 784714 4376970
6 45 4428998 0 1788889037 785902 4350169
4 90 4479721 0 1788889037 869460 4426674
5 90 4478228 0 1788889037 869638 4453382
7 46 4482622 0 1788889037 869789 4397106
4 91 4514627 0 1788889037 952110 4458901
5 91 4458342 0 1788889037 952316 4428383
6 46 4539308 0 1788889037 952469 4456084
7 47 4457939 0 1788889037 958215 4451669
