0 1 295798 0 1788889008 51018 41302
1 1 287621 0 1788889008 59371 107086
2 1 287161 0 1788889008 59601 189212
0 2 514497 0 1788889008 306750 373903
1 2 486553 0 1788889008 306945 401232
3 1 517938 0 1788889008 307047 261696
0 3 613719 0 1788889008 491076 495597
1 3 593827 0 1788889008 491239 532407
2 2 657549 0 1788889008 491380 472752
0 4 760780 0 1788889008 676258 624340
1 4 752502 0 1788889008 676422 699029
3 2 765972 0 1788889008 676661 579583
0 5 888405 0 1788889008 835669 807010
1 5 882573 0 1788889008 836202 837037
2 3 906028 0 1788889008 837735 744232
0 6 1011030 0 1788889009 6539 895844
1 6 987422 0 1788889009 6800 938151
3 3 1047081 0 1788889009 7224 875261
0 7 1175839 0 1788889009 315321 925113
1 7 1169702 0 1788889009 316336 1027455
2 4 1280652 0 1788889009 317016 969861
0 8 1398654 0 1788889009 571855 1258536
1 8 1355123 0 1788889009 572142 1291055
3 4 1400602 0 1788889009 572340 1142199
0 9 1486536 0 1788889009 721110 1401352
1 9 1475167 0 1788889009 721291 1423997
2 5 1488336 0 1788889009 721629 1338235
0 10 1475381 0 1788889009 777087 1471916
1 10 1628393 0 1788889009 952610 1512909
2 6 1591822 0 1788889009 952781 1526518
3 5 1682527 0 1788889009 952919 1450311
0 11 1722714 0 1788889010 87701 1587396
1 11 1718121 0 1788889010 87895 1626300
2 7 1715217 0 1788889010 88064 1659699
0 12 1774575 0 1788889010 211957 1688869
1 12 1701930 0 1788889010 212178 1649194
3 6 1824370 0 1788889010 212303 1699034
0 13 1853896 0 1788889010 426456 1748757
1 13 1839399 0 1788889010 426633 1795141
2 8 1892326 0 1788889010 431562 1672457
0 14 2103075 0 1788889010 707688 1883854
1 14 2042499 0 1788889010 708099 1925529
3 7 2104468 0 1788889010 708422 1822286
0 15 2159977 0 1788889010 870387 2059093
1 15 2135295 0 1788889010 870992 2081844
2 9 2161633 0 1788889010 871144 1980323
0 16 2233900 0 1788889011 294 2151502
1 16 2230294 0 1788889011 592 2194728
3 8 2244028 0 1788889011 1936 2112246
0 17 2328363 0 1788889011 135651 2247832
1 17 2305550 0 1788889011 135860 2266866
2 10 2339452 0 1788889011 135947 2203585
0 18 2305857 0 1788889011 260167 2218028
1 18 2305139 0 1788889011 261019 2259252
3 9 2401229 0 1788889011 261426 2275233
0 19 2463141 0 1788889011 461725 2342487
1 19 2460295 0 1788889011 461986 2383073
2 11 2470343 0 1788889011 462207 2267779
0 20 2562333 0 1788889011 618533 2464212
1 20 2529026 0 1788889011 618820 2473020
3 10 2582993 0 1788889011 619115 2421685
0 21 2631791 0 1788889011 765234 2539430
1 21 2610995 0 1788889011 765446 2561320
2 12 2669635 0 1788889011 770943 2516809
0 22 2702527 0 1788889011 931736 2607395
1 22 2698553 0 1788889011 932384 2648228
3 11 2736546 0 1788889011 932569 2567671
0 23 2827940 0 1788889012 93117 2713967
1 23 2814239 0 1788889012 93590 2753675
2 13 2851480 0 1788889012 105284 2677673
0 24 2899844 0 1788889012 246147 2823906
1 24 2864068 0 1788889012 246448 2827654
3 12 2930858 0 1788889012 246596 2777000
0 25 2976887 0 1788889012 387084 2874637
1 25 2962245 0 1788889012 387420 2899329
2 14 2979619 0 1788889012 387696 2837794
0 26 3140984 0 1788889012 584536 3010436
1 26 3100767 0 1788889012 584721 3027794
3 13 3152106 0 1788889012 591575 2946767
0 27 3304033 0 1788889012 830004 3170619
1 27 3281105 0 1788889012 834976 3221557
2 15 3325252 0 1788889012 835119 3074407
0 28 3393490 0 1788889012 971729 3309278
1 28 3393320 0 1788889012 971909 3354389
3 14 3397994 0 1788889012 972075 3255713
0 29 3575529 0 1788889013 164003 3429301
1 29 3496129 0 1788889013 164190 3406772
2 16 3580669 0 1788889013 164318 3387848
0 30 3711632 0 1788889013 418998 3547242
1 30 3708658 0 1788889013 419230 3605361
3 15 3729178 0 1788889013 420265 3472711
0 31 3884029 0 1788889013 630095 3735488
1 31 3877747 0 1788889013 630312 3791052
2 17 3894057 0 1788889013 630472 3677764
0 32 4152532 0 1788889014 8389 3987632
1 32 4151406 0 1788889014 8612 4095640
3 16 4212960 0 1788889014 8734 3834061
0 33 4290512 0 1788889014 185573 4170952
1 33 4285196 0 1788889014 185773 4230621
2 18 4320686 0 1788889014 186022 4142792
0 34 4413179 0 1788889014 380493 4278236
1 34 4405627 0 1788889014 380864 4329901
3 17 4436860 0 1788889014 381010 4241171
0 35 4794279 0 1788889014 854914 4412017
1 35 4793002 0 1788889014 859465 4716126
2 19 4861039 0 1788889014 859600 4380692
0 36 5018815 0 1788889015 111336 4855420
1 36 4991422 0 1788889015 112364 4898404
3 18 5037917 0 1788889015 112953 4779185
0 37 5066560 0 1788889015 238290 4991585
1 37 5044115 0 1788889015 238423 5008588
2 20 5095191 0 1788889015 243158 4960431
0 38 5152890 0 1788889015 358171 5085030
1 38 5147102 0 1788889015 358311 5108819
3 19 5160885 0 1788889015 358457 5040515
0 39 5242448 0 1788889015 483471 5160627
1 39 5226836 0 1788889015 484033 5175339
2 21 5246314 0 1788889015 484244 5120016
0 40 5288306 0 1788889015 632013 5185314
1 40 5271341 0 1788889015 632727 5213553
3 20 5311771 0 1788889015 635714 5159277
0 41 5348704 0 1788889015 758040 5269536
1 41 5344577 0 1788889015 758486 5298972
2 22 5349684 0 1788889015 758668 5222545
0 42 5375218 0 1788889015 844530 5315348
1 42 5333754 0 1788889015 845211 5302490
3 21 5397064 0 1788889015 845564 5309303
0 43 5356006 0 1788889015 942611 5295609
1 43 5355631 0 1788889015 943419 5327584
2 23 5365322 0 1788889015 943531 5265925
0 44 5445825 0 1788889016 72824 5366125
1 44 5438658 0 1788889016 73041 5393805
3 22 5468647 0 1788889016 73205 5337751
0 45 5543681 0 1788889016 216905 5446489
1 45 5543527 0 1788889016 217090 5497089
2 24 5545106 0 1788889016 217279 5400445
0 46 5695282 0 1788889016 383479 5599441
1 46 5632476 0 1788889016 383579 5593561
3 23 5706601 0 1788889016 383727 5539540
0 47 5736039 0 1788889016 506197 5657396
1 47 5690449 0 1788889016 507347 5648386
2 25 5747325 0 1788889016 507477 5623174
0 48 5769672 0 1788889016 629685 5691883
1 48 5765171 0 1788889016 629865 5730843
3 24 5786077 0 1788889016 630021 5662044
0 49 5765050 0 1788889016 729062 5695712
1 49 5759839 0 1788889016 729201 5726182
2 26 5766970 0 1788889016 729310 5667167
0 50 5794508 0 1788889016 842431 5717507
1 50 5782637 0 1788889016 842993 5745524
3 25 5860692 0 1788889016 845032 5744591
0 51 5838203 0 1788889016 934966 5782072
1 51 5792274 0 1788889016 935570 5762507
2 27 5845754 0 1788889016 936286 5751643
0 52 5841159 0 1788889017 17408 5786175
1 52 5840938 0 1788889017 17638 5812382
3 26 5854968 0 1788889017 17750 5771840
0 53 5882901 0 1788889017 102691 5824854
1 53 5880362 0 1788889017 102968 5850015
2 28 5925693 0 1788889017 103141 5839715
0 54 5972418 0 1788889017 211863 5897365
1 54 5959149 0 1788889017 213302 5926782
3 27 5988903 0 1788889017 213804 5877585
0 55 6027013 0 1788889017 311137 5971841
1 55 6004341 0 1788889017 311324 5978007
2 29 6033321 0 1788889017 312130 5932859
0 56 6035769 0 1788889017 389803 5985373
1 56 6032161 0 1788889017 390001 6005925
3 28 6053921 0 1788889017 390197 5974677
0 57 6049714 0 1788889017 468847 5997424
1 57 6030793 0 1788889017 469046 6003953
2 30 6092708 0 1788889017 469168 6013149
0 58 6049786 0 1788889017 545168 5998534
1 58 6015007 0 1788889017 545353 5988880
3 29 6062129 0 1788889017 545514 5985270
0 59 6029019 0 1788889017 625060 5976371
1 59 5957192 0 1788889017 625234 5929006
2 31 6087050 0 1788889017 625477 6006481
0 60 5896161 0 1788889017 708268 5844023
1 60 5830121 0 1788889017 708410 5806132
3 30 5980685 0 1788889017 708540 5897011
2 32 5830973 0 1788889017 710805 5828265
