0 1 103456 0 1788888885 554597 24811
1 1 88695 0 1788888885 556366 32767
2 1 88136 0 1788888885 556497 58149
0 2 141219 0 1788888885 629393 91736
1 2 113196 0 1788888885 629509 90817
3 1 144570 0 1788888885 629600 69382
0 3 145239 0 1788888885 718517 85868
1 3 125372 0 1788888885 718705 96628
2 2 189038 0 1788888885 718791 99461
0 4 204796 0 1788888885 816194 143928
1 4 197151 0 1788888885 816992 164423
3 2 211768 0 1788888885 818378 111722
0 5 249571 0 1788888885 892755 199263
1 5 243485 0 1788888885 893035 220683
2 3 266235 0 1788888885 893863 188351
0 6 303281 0 1788888885 994710 228548
1 6 279706 0 1788888885 995005 234250
3 3 339149 0 1788888885 995212 236520
0 7 248272 0 1788888886 83676 192820
1 7 241298 0 1788888886 83853 213248
2 4 351713 0 1788888886 83997 261016
0 8 324204 0 1788888886 193326 257749
1 8 280589 0 1788888886 193530 253009
3 4 325983 0 1788888886 193642 215832
0 9 334248 0 1788888886 264744 285682
1 9 322886 0 1788888886 264930 298226
2 5 335897 0 1788888886 265111 263888
0 10 335627 0 1788888886 333254 289062
1 10 314283 0 1788888886 334421 289521
3 5 368252 0 1788888886 334565 298267
0 11 354796 0 1788888886 415704 302116
1 11 350215 0 1788888886 415909 323356
2 6 359184 0 1788888886 416064 276212
0 12 417289 0 1788888886 501144 364211
1 12 368048 0 1788888886 501351 341179
3 6 432770 0 1788888886 501538 346746
0 13 346722 0 1788888886 581878 290024
1 13 313712 0 1788888886 582194 285343
2 7 376204 0 1788888886 582373 294757
0 14 374349 0 1788888886 674223 311667
1 14 373890 0 1788888886 674423 344411
3 7 393075 0 1788888886 676231 298500
0 15 358173 0 1788888886 763605 297299
1 15 357538 0 1788888886 763869 326124
2 8 402560 0 1788888886 764082 310967
0 16 398594 0 1788888886 852422 342802
1 16 392046 0 1788888886 854361 364636
3 8 422866 0 1788888886 854484 331791
0 17 455538 0 1788888886 947955 392585
1 17 444869 0 1788888886 948078 415567
2 9 481972 0 1788888886 948192 385955
0 18 486749 0 1788888887 42866 425178
1 18 392837 0 1788888887 43068 360582
3 9 517040 0 1788888887 43270 421519
0 19 441981 0 1788888887 129767 381905
1 19 435695 0 1788888887 130201 401689
2 10 478628 0 1788888887 130428 390678
0 20 486856 0 1788888887 218898 430316
1 20 466910 0 1788888887 219030 441036
3 10 521600 0 1788888887 219213 431988
0 21 497828 0 1788888887 295057 446561
1 21 465879 0 1788888887 295243 438270
2 11 509680 0 1788888887 295394 432957
0 22 489372 0 1788888887 381316 432943
1 22 456605 0 1788888887 381735 422665
3 11 531487 0 1788888887 381858 444516
0 23 576092 0 1788888887 525818 465892
1 23 564832 0 1788888887 525931 523867
2 12 598211 0 1788888887 527964 451304
0 24 606981 0 1788888887 618640 553853
1 24 576586 0 1788888887 618810 549990
3 12 644409 0 1788888887 619681 550271
0 25 598441 0 1788888887 702439 540187
1 25 596498 0 1788888887 702616 569571
2 13 624406 0 1788888887 702708 540135
0 26 653169 0 1788888887 788559 594953
1 26 649262 0 1788888887 788735 615028
3 13 667976 0 1788888887 789072 581153
0 27 664699 0 1788888887 870487 611222
1 27 648766 0 1788888887 870658 622069
2 14 690957 0 1788888887 870832 608435
0 28 694171 0 1788888887 964174 630581
1 28 690234 0 1788888887 964393 659006
3 14 714789 0 1788888887 964581 620458
0 29 770639 0 1788888888 50208 710823
1 29 766232 0 1788888888 50626 731811
2 15 776260 0 1788888888 50769 689457
0 30 771096 0 1788888888 158104 691826
1 30 755042 0 1788888888 158330 712228
3 15 794500 0 1788888888 158482 685930
0 31 829449 0 1788888888 261786 763446
1 31 819979 0 1788888888 261966 789363
2 16 855703 0 1788888888 262196 751290
0 32 864553 0 1788888888 356248 800106
1 32 806114 0 1788888888 357892 771000
3 16 913143 0 1788888888 361629 813080
0 33 878860 0 1788888888 440116 827471
1 33 849316 0 1788888888 440299 823672
2 17 887413 0 1788888888 440540 802850
0 34 903624 0 1788888888 543694 839482
1 34 880611 0 1788888888 543845 845194
3 17 947449 0 1788888888 543947 843264
0 35 942963 0 1788888888 637445 890847
1 35 881217 0 1788888888 637773 855727
2 18 966940 0 1788888888 638099 872285
0 36 956905 0 1788888888 727861 902736
1 36 939616 0 1788888888 728056 912941
3 18 967839 0 1788888888 730224 874533
0 37 958075 0 1788888888 801962 909792
1 37 934544 0 1788888888 802194 911812
2 19 985485 0 1788888888 802347 910798
0 38 1013704 0 1788888888 907197 934003
1 38 1006265 0 1788888888 907466 952470
3 19 1017326 0 1788888888 907554 911569
0 39 1058706 0 1788888888 992557 1006862
1 39 1055850 0 1788888888 992795 1031310
2 20 1085822 0 1788888888 992952 999864
0 40 1051449 0 1788888889 71313 1001679
1 40 1031826 0 1788888889 71455 1006869
3 20 1118433 0 1788888889 71551 1039254
0 41 1037670 0 1788888889 142574 992850
1 41 1037432 0 1788888889 142688 1015627
2 21 1085469 0 1788888889 142775 1013806
0 42 1067852 0 1788888889 212274 1022827
1 42 1047142 0 1788888889 212374 1025625
3 21 1102673 0 1788888889 212503 1032558
0 43 1007034 0 1788888889 281164 960548
1 43 998731 0 1788888889 281257 973933
2 22 1073957 0 1788888889 281335 1004613
0 44 1050443 0 1788888889 350922 1006662
1 44 1028203 0 1788888889 351123 1006435
3 22 1067834 0 1788888889 351543 997351
0 45 1051078 0 1788888889 419171 1009073
1 45 1050163 0 1788888889 419308 1028578
2 23 1089597 0 1788888889 419901 1020427
0 46 1112385 0 1788888889 485431 1069333
1 46 1102747 0 1788888889 486864 1079373
3 23 1117659 0 1788888889 487143 1049469
0 47 1095429 0 1788888889 551503 1053371
1 47 1085724 0 1788888889 551803 1064181
2 24 1104895 0 1788888889 551919 1038298
0 48 1081944 0 1788888889 621809 1036290
1 48 1066039 0 1788888889 621973 1042206
3 24 1109404 0 1788888889 622223 1038527
0 49 1039078 0 1788888889 697339 991826
1 49 1038026 0 1788888889 697959 1013554
2 25 1137473 0 1788888889 698088 1060987
0 50 1109067 0 1788888889 789328 1049458
1 50 1045637 0 1788888889 789480 1011771
3 25 1124298 0 1788888889 789581 1031895
0 51 1088389 0 1788888889 874843 1032461
1 51 1082291 0 1788888889 874975 1057123
2 26 1122513 0 1788888889 878789 1032744
0 52 1100968 0 1788888889 959671 1048970
1 52 1087647 0 1788888889 959817 1061300
3 26 1120695 0 1788888889 959911 1035467
0 53 1163804 0 1788888890 37172 1111351
1 53 1122072 0 1788888890 37784 1092279
2 27 1165316 0 1788888890 37937 1086849
0 54 1195903 0 1788888890 116725 1145365
1 54 1181472 0 1788888890 116838 1155506
3 27 1198523 0 1788888890 117049 1118469
0 55 1241712 0 1788888890 216442 1181984
1 55 1236555 0 1788888890 216599 1204312
2 28 1266663 0 1788888890 216737 1166458
0 56 1304960 0 1788888890 337156 1222568
1 56 1287369 0 1788888890 337324 1244363
3 28 1334567 0 1788888890 337470 1213313
0 57 1347741 0 1788888890 420122 1296970
1 57 1305182 0 1788888890 420236 1279799
2 29 1367415 0 1788888890 421176 1282975
0 58 1333791 0 1788888890 513096 1273755
1 58 1321959 0 1788888890 513262 1286653
3 29 1379399 0 1788888890 513572 1285763
0 59 1372201 0 1788888890 606549 1309399
1 59 1314833 0 1788888890 606795 1280732
2 30 1380685 0 1788888890 606952 1286496
0 60 1278037 0 1788888890 701813 1214694
1 60 1193926 0 1788888890 701953 1165799
3 30 1338166 0 1788888890 702129 1242047
0 61 1203634 0 1788888890 779386 1154900
1 61 1185999 0 1788888890 779537 1161033
2 31 1205453 0 1788888890 779662 1127435
0 62 1166228 0 1788888890 848583 1120312
1 62 1156029 0 1788888890 848804 1133936
3 31 1201577 0 1788888890 848909 1131876
0 63 1211417 0 1788888890 912864 1167134
1 63 1209455 0 1788888890 913049 1185810
2 32 1212764 0 1788888890 913183 1147951
0 64 1273306 0 1788888890 991980 1223879
1 64 1264908 0 1788888890 992158 1237645
3 32 1273829 0 1788888890 992258 1194229
0 65 1331365 0 1788888891 70017 1281962
1 65 1312762 0 1788888891 70835 1287040
2 33 1334591 0 1788888891 72585 1253707
0 66 1379120 0 1788888891 169061 1312206
1 66 1345932 0 1788888891 169184 1303437
3 33 1408143 0 1788888891 169325 1308622
0 67 1466412 0 1788888891 319712 1377017
1 67 1460903 0 1788888891 319823 1420011
2 34 1486842 0 1788888891 319923 1335760
0 68 1540673 0 1788888891 422785 1465964
1 68 1533899 0 1788888891 423346 1490891
3 34 1554211 0 1788888891 424462 1449268
0 69 1632248 0 1788888891 525870 1565569
1 69 1630293 0 1788888891 526349 1594165
2 35 1634264 0 1788888891 526635 1530115
0 70 1712184 0 1788888891 636892 1633535
1 70 1696909 0 1788888891 637917 1655196
3 35 1734398 0 1788888891 638611 1621071
0 71 1774567 0 1788888891 738524 1710647
1 71 1767049 0 1788888891 738688 1738975
2 36 1787253 0 1788888891 738968 1683735
0 72 1844817 0 1788888891 832507 1798008
1 72 1826491 0 1788888891 832620 1803525
3 36 1850898 0 1788888891 832780 1756077
0 73 1898124 0 1788888891 911696 1851186
1 73 1892108 0 1788888891 911861 1867312
2 37 1902836 0 1788888891 912037 1823164
0 74 1952657 0 1788888891 985202 1905425
1 74 1916445 0 1788888891 985872 1893816
3 37 1957458 0 1788888891 985982 1883015
0 75 1911406 0 1788888892 55129 1865608
1 75 1860062 0 1788888892 55318 1837580
2 38 1948797 0 1788888892 55582 1878248
0 76 1911324 0 1788888892 124518 1866808
1 76 1885690 0 1788888892 124669 1862230
3 38 1928997 0 1788888892 124883 1859089
0 77 1917923 0 1788888892 194954 1874676
1 77 1893543 0 1788888892 195122 1871370
2 39 1940309 0 1788888892 195303 1869352
0 78 1950230 0 1788888892 271322 1900615
1 78 1937598 0 1788888892 271558 1913586
3 39 1966173 0 1788888892 272229 1888731
0 79 1957686 0 1788888892 338837 1914654
1 79 1952500 0 1788888892 339166 1929156
2 40 1966022 0 1788888892 339330 1897802
0 80 1984697 0 1788888892 431734 1921119
1 80 1917028 0 1788888892 431904 1887080
3 40 2039160 0 1788888892 432010 1945829
0 81 1988851 0 1788888892 512232 1937673
1 81 1987144 0 1788888892 512430 1963741
2 41 1994195 0 1788888892 512530 1913165
0 82 2051576 0 1788888892 581107 2006192
1 82 2041138 0 1788888892 581245 2017547
3 41 2053085 0 1788888892 581909 1983215
0 83 2089342 0 1788888892 655332 2041685
1 83 2054519 0 1788888892 655507 2031393
2 42 2101016 0 1788888892 655657 2026310
0 84 2004398 0 1788888892 726310 1956100
1 84 1964638 0 1788888892 726706 1938980
3 42 2063277 0 1788888892 727131 1991291
0 85 2020500 0 1788888892 820228 1958848
1 85 2018146 0 1788888892 820368 1988924
2 43 2047505 0 1788888892 820475 1952633
0 86 2061869 0 1788888892 895794 2015982
1 86 1992221 0 1788888892 895945 1968113
3 43 2090143 0 1788888892 896078 2014001
0 87 2058544 0 1788888892 975354 2004403
1 87 2049665 0 1788888892 975518 2025779
2 44 2064151 0 1788888892 975672 1984103
0 88 2105644 0 1788888893 53207 2056359
1 88 2078175 0 1788888893 53395 2055794
3 44 2124586 0 1788888893 53489 2046281
0 89 2058322 0 1788888893 129088 2009492
1 89 2043309 0 1788888893 129278 2018294
2 45 2072777 0 1788888893 129529 1996247
0 90 2077708 0 1788888893 202580 2027836
1 90 2071987 0 1788888893 202703 2043498
3 45 2105147 0 1788888893 203066 2030931
0 91 2101011 0 1788888893 284318 2051465
1 91 2050052 0 1788888893 284473 2026038
2 46 2132539 0 1788888893 284614 2050217
0 92 2109814 0 1788888893 369765 2056188
1 92 2093631 0 1788888893 369970 2069197
3 46 2122103 0 1788888893 370286 2035963
0 93 2119321 0 1788888893 441825 2070645
1 93 2114724 0 1788888893 442221 2091286
2 47 2133579 0 1788888893 442635 2060449
0 94 2148423 0 1788888893 513544 2105228
1 94 2066765 0 1788888893 513663 2045401
3 47 2185552 0 1788888893 513865 2112966
0 95 2068965 0 1788888893 580232 2024866
1 95 2059991 0 1788888893 580821 2037189
2 48 2103793 0 1788888893 580911 2036264
0 96 2111691 0 1788888893 655831 2059585
1 96 2110878 0 1788888893 655988 2081864
3 48 2124171 0 1788888893 656112 2048136
0 97 2175422 0 1788888893 735806 2126608
1 97 2171100 0 1788888893 735932 2144620
2 49 2188059 0 1788888893 736072 2107627
0 98 2178517 0 1788888893 818740 2125909
1 98 2160420 0 1788888893 818954 2132998
3 49 2192960 0 1788888893 819566 2108968
0 99 2227296 0 1788888893 924454 2156423
1 99 2226118 0 1788888893 926338 2188701
2 50 2250784 0 1788888893 926897 2141679
0 100 2240051 0 1788888894 4392 2194901
1 100 2224913 0 1788888894 4551 2200102
3 50 2299927 0 1788888894 4729 2219431
0 101 2294387 0 1788888894 81975 2244942
1 101 2281129 0 1788888894 82280 2254293
2 51 2303562 0 1788888894 85882 2221917
0 102 2350067 0 1788888894 165387 2295936
1 102 2336518 0 1788888894 165537 2308592
3 51 2364422 0 1788888894 165966 2280232
0 103 2418776 0 1788888894 250121 2368348
1 103 2410239 0 1788888894 250338 2384081
2 52 2422315 0 1788888894 252258 2335316
0 104 2423724 0 1788888894 322999 2380139
1 104 2421817 0 1788888894 323107 2399953
3 52 2480885 0 1788888894 323236 2407514
0 105 2483057 0 1788888894 399092 2431793
1 105 2458784 0 1788888894 399262 2432735
2 53 2488188 0 1788888894 399401 2411587
0 106 2512171 0 1788888894 476421 2463223
1 106 2495525 0 1788888894 476533 2470518
3 53 2526109 0 1788888894 476676 2448321
0 107 2595104 0 1788888894 587588 2527876
1 107 2591115 0 1788888894 588349 2559654
2 54 2599772 0 1788888894 589426 2486567
0 108 2662852 0 1788888894 692734 2597807
1 108 2616471 0 1788888894 692913 2588445
3 54 2667513 0 1788888894 693112 2561499
0 109 2660231 0 1788888894 775329 2604552
1 109 2640834 0 1788888894 775581 2613537
2 55 2683518 0 1788888894 776177 2599575
0 110 2710684 0 1788888894 847759 2664817
1 110 2690316 0 1788888894 847921 2666587
3 55 2712015 0 1788888894 848064 2639079
0 111 2729039 0 1788888894 917233 2681898
1 111 2671128 0 1788888894 917554 2647829
2 56 2736053 0 1788888894 918832 2664820
0 112 2729155 0 1788888894 987971 2686223
1 112 2723154 0 1788888894 988165 2701596
3 56 2736920 0 1788888894 988274 2665678
0 113 2761050 0 1788888895 59146 2717148
1 113 2756646 0 1788888895 59291 2734239
2 57 2787134 0 1788888895 59418 2715533
0 114 2718974 0 1788888895 123176 2676329
1 114 2705510 0 1788888895 123328 2683485
3 57 2738100 0 1788888895 123536 2673546
0 115 2735776 0 1788888895 185964 2694729
1 115 2726522 0 1788888895 186141 2706167
2 58 2759038 0 1788888895 186362 2695709
0 116 2784564 0 1788888895 252252 2741690
1 116 2782365 0 1788888895 252500 2762132
3 58 2786828 0 1788888895 252635 2720003
0 117 2807612 0 1788888895 319340 2761630
1 117 2791734 0 1788888895 319525 2767629
2 59 2821347 0 1788888895 319633 2753676
0 118 2831325 0 1788888895 382153 2789726
1 118 2830832 0 1788888895 382315 2810650
3 59 2834895 0 1788888895 382446 2771605
2 60 2810060 0 1788888895 403026 2788982
0 119 2810359 0 1788888895 405156 2808064
