4 1 119457 0 1788888997 342414 29474
5 1 109787 0 1788888997 343204 48153
6 1 109365 0 1788888997 343329 74176
4 2 175871 0 1788888997 432460 116380
5 2 172030 0 1788888997 432683 146971
7 1 197666 0 1788888997 432877 106907
4 3 221314 0 1788888997 514609 166776
5 3 217643 0 1788888997 514831 191104
6 2 226792 0 1788888997 514997 144054
4 4 282810 0 1788888997 592956 232916
5 4 277336 0 1788888997 593111 252057
7 2 293642 0 1788888997 593255 214716
4 5 343084 0 1788888997 671024 293556
5 5 324370 0 1788888997 671315 298354
6 3 347717 0 1788888997 672178 268304
4 6 384622 0 1788888997 758499 327670
5 6 365170 0 1788888997 759049 333985
7 3 388514 0 1788888997 760359 298994
4 7 424459 0 1788888997 860022 356301
5 7 404381 0 1788888997 860208 367931
6 4 439811 0 1788888997 860371 337760
4 8 483642 0 1788888997 968103 410832
5 8 418700 0 1788888997 968266 382151
7 4 485451 0 1788888997 968459 376714
4 9 506504 0 1788888998 66900 444125
5 9 502453 0 1788888998 67098 469713
6 5 508987 0 1788888998 67266 409621
4 10 568473 0 1788888998 168041 500654
5 10 545111 0 1788888998 168919 505927
7 5 581007 0 1788888998 169053 478594
4 11 623332 0 1788888998 293090 559422
5 11 602125 0 1788888998 293599 573581
6 6 635045 0 1788888998 293819 509075
4 12 626698 0 1788888998 381101 570226
5 12 532512 0 1788888998 381285 504935
7 6 634813 0 1788888998 381582 545885
4 13 622454 0 1788888998 490867 544495
5 13 585257 0 1788888998 491064 536915
6 7 635582 0 1788888998 491258 525188
4 14 685457 0 1788888998 597766 620796
5 14 684858 0 1788888998 600066 647843
7 7 694696 0 1788888998 602336 582942
4 15 780010 0 1788888998 703750 717870
5 15 774107 0 1788888998 703955 746909
6 8 784427 0 1788888998 705588 676057
4 16 801892 0 1788888998 792651 745050
5 16 775073 0 1788888998 792785 746634
7 8 841870 0 1788888998 792972 752509
4 17 834003 0 1788888998 885662 776000
5 17 816174 0 1788888998 885854 785974
6 9 846191 0 1788888998 886064 752543
4 18 863405 0 1788888998 974597 804600
5 18 808844 0 1788888998 974781 777850
7 9 868094 0 1788888998 974944 778511
4 19 821198 0 1788888999 60114 765224
5 19 819341 0 1788888999 60344 793726
6 10 870273 0 1788888999 60511 784167
4 20 904294 0 1788888999 173188 820230
5 20 873307 0 1788888999 173372 824006
7 10 926947 0 1788888999 173548 812958
4 21 933536 0 1788888999 279777 871107
5 21 918542 0 1788888999 279920 887431
6 11 964262 0 1788888999 280030 856990
4 22 978547 0 1788888999 368888 924157
5 22 969803 0 1788888999 369070 943158
7 11 991416 0 1788888999 369239 901441
4 23 991904 0 1788888999 450944 937914
5 23 988193 0 1788888999 451795 961353
6 12 1044832 0 1788888999 452491 961013
4 24 1046803 0 1788888999 530229 996622
5 24 1001754 0 1788888999 530357 976949
7 12 1060126 0 1788888999 530666 980132
4 25 1091320 0 1788888999 632532 1021567
5 25 1080450 0 1788888999 633932 1048943
6 13 1094839 0 1788888999 634419 990435
4 26 1138419 0 1788888999 726154 1083172
5 26 1109916 0 1788888999 726344 1083201
7 13 1171422 0 1788888999 726544 1076351
4 27 1142096 0 1788888999 808065 1089560
5 27 1120751 0 1788888999 808398 1093961
6 14 1191707 0 1788888999 809079 1108536
4 28 1189450 0 1788888999 887013 1139600
5 28 1173760 0 1788888999 887238 1149737
7 14 1197305 0 1788888999 887340 1117778
4 29 1185444 0 1788888999 967323 1132265
5 29 1175036 0 1788888999 967490 1150696
6 15 1190417 0 1788888999 967601 1109617
4 30 1263260 0 1788889000 63342 1195945
5 30 1239774 0 1788889000 63565 1205506
7 15 1264333 0 1788889000 63717 1167733
4 31 1309675 0 1788889000 161447 1243211
5 31 1304021 0 1788889000 161678 1272047
6 16 1319239 0 1788889000 161866 1220343
4 32 1374084 0 1788889000 261626 1310997
5 32 1357145 0 1788889000 262031 1329307
7 16 1404540 0 1788889000 262267 1303403
4 33 1416084 0 1788889000 343101 1364241
5 33 1405385 0 1788889000 343256 1380402
6 17 1416383 0 1788889000 343358 1334353
4 34 1481057 0 1788889000 434920 1416127
5 34 1470571 0 1788889000 435090 1440425
7 17 1491594 0 1788889000 435246 1399272
4 35 1489620 0 1788889000 525810 1428755
5 35 1489625 0 1788889000 525962 1462611
6 18 1500626 0 1788889000 526058 1409326
4 36 1547426 0 1788889000 619305 1492152
5 36 1524906 0 1788889000 619555 1495413
7 18 1566991 0 1788889000 619688 1472937
4 37 1606994 0 1788889000 712479 1552373
5 37 1595954 0 1788889000 712610 1570164
6 19 1613144 0 1788889000 712704 1519538
4 38 1654022 0 1788889000 801762 1596647
5 38 1647667 0 1788889000 801907 1621795
7 19 1678646 0 1788889000 802009 1588952
4 39 1719574 0 1788889000 882868 1665438
5 39 1701177 0 1788889000 885452 1671224
6 20 1730179 0 1788889000 885621 1646023
4 40 1741412 0 1788889000 965612 1689127
5 40 1732647 0 1788889000 966553 1707178
7 20 1747648 0 1788889000 966796 1662910
4 41 1837357 0 1788889001 92821 1734152
5 41 1805432 0 1788889001 92990 1769722
6 21 1852527 0 1788889001 93098 1724762
4 42 1806919 0 1788889001 133373 1803794
5 42 1888517 0 1788889001 218967 1836663
6 22 1863308 0 1788889001 224070 1831416
7 21 1927472 0 1788889001 224417 1795710
4 43 1981579 0 1788889001 344396 1855919
5 43 1975736 0 1788889001 344506 1883300
6 23 1962042 0 1788889001 347595 1915641
4 44 2083577 0 1788889001 496383 1981923
5 44 2032900 0 1788889001 496510 1990885
7 22 2109260 0 1788889001 499534 1954012
4 45 2127170 0 1788889001 610237 2051773
5 45 2113747 0 1788889001 610436 2076377
6 24 2137822 0 1788889001 610608 2023388
4 46 2160511 0 1788889001 749010 2076410
5 46 2094312 0 1788889001 749654 2056459
7 23 2204852 0 1788889001 751248 2063449
4 47 2202414 0 1788889001 898741 2093019
5 47 2148413 0 1788889001 898871 2095728
6 25 2239940 0 1788889001 909918 2078752
4 48 2277681 0 1788889002 45686 2193764
5 48 2250304 0 1788889002 46505 2213159
7 24 2288537 0 1788889002 46640 2140207
4 49 2352293 0 1788889002 175889 2265192
5 49 2327412 0 1788889002 176037 2280734
6 26 2356745 0 1788889002 176199 2226037
4 50 2385391 0 1788889002 322169 2279400
5 50 2368077 0 1788889002 322364 2311404
7 25 2427416 0 1788889002 322527 2280577
4 51 2510379 0 1788889002 495589 2413795
5 51 2506479 0 1788889002 495811 2451417
6 27 2514748 0 1788889002 499232 2337466
4 52 2636540 0 1788889002 655048 2530072
5 52 2629747 0 1788889002 665954 2569501
7 26 2676754 0 1788889002 666295 2505515
4 53 2808868 0 1788889002 900541 2625165
5 53 2809041 0 1788889002 900975 2721843
6 28 2861049 0 1788889002 901136 2614733
4 54 2931505 0 1788889003 100747 2813912
5 54 2915035 0 1788889003 101356 2851284
7 27 2948863 0 1788889003 105847 2743265
4 55 3060134 0 1788889003 272030 2961467
5 55 3051481 0 1788889003 272179 3007028
6 29 3069160 0 1788889003 272890 2896144
4 56 3169753 0 1788889003 392073 3092555
5 56 3139807 0 1788889003 392335 3104473
7 28 3171248 0 1788889003 393110 3049869
4 57 3289575 0 1788889003 596782 3136723
5 57 3288955 0 1788889003 597050 3196432
6 30 3305025 0 1788889003 604280 3092578
4 58 3551181 0 1788889003 879403 3365882
5 58 3495628 0 1788889003 879671 3426665
7 29 3564224 0 1788889003 879874 3280863
4 59 3549409 0 1788889004 47509 3429785
5 59 3528761 0 1788889004 47856 3479606
6 31 3596533 0 1788889004 48037 3422630
4 60 3595638 0 1788889004 138936 3588290
5 60 3846437 0 1788889004 413867 3673781
6 32 3838043 0 1788889004 427494 3750664
7 30 3900877 0 1788889004 427674 3520383
4 61 3941834 0 1788889004 616969 3738480
5 61 3881176 0 1788889004 617242 3772067
6 33 3879210 0 1788889004 617373 3819740
4 62 3985673 0 1788889004 747285 3906858
5 62 3978844 0 1788889004 747655 3935708
7 31 3987522 0 1788889004 748279 3855958
4 63 4070255 0 1788889004 883302 3978483
5 63 4038505 0 1788889004 883862 3988360
6 34 4084274 0 1788889004 884241 3946889
4 64 4124697 0 1788889005 30787 4026758
5 64 4123353 0 1788889005 31018 4075068
7 32 4177641 0 1788889005 41169 4019093
4 65 4278180 0 1788889005 220221 4174987
5 65 4267331 0 1788889005 220431 4215920
6 35 4279949 0 1788889005 220546 4089869
4 66 4374850 0 1788889005 346505 4296943
5 66 4363772 0 1788889005 346743 4323203
7 33 4378900 0 1788889005 346922 4251933
4 67 4454548 0 1788889005 463629 4371608
5 67 4407375 0 1788889005 463817 4362549
6 36 4480561 0 1788889005 464398 4362437
4 68 4467651 0 1788889005 574653 4394728
5 68 4450082 0 1788889005 575096 4414652
7 34 4506705 0 1788889005 576076 4393990
4 69 4550785 0 1788889005 687571 4481958
5 69 4523822 0 1788889005 687876 4489955
6 37 4562428 0 1788889005 688010 4445715
4 70 4623644 0 1788889005 794410 4554889
5 70 4603426 0 1788889005 795331 4566326
7 35 4630813 0 1788889005 795467 4522672
4 71 4671004 0 1788889005 928170 4587784
5 71 4659475 0 1788889005 928383 4613396
6 38 4705024 0 1788889005 928565 4570110
4 72 4734704 0 1788889006 41073 4660321
5 72 4717849 0 1788889006 41273 4683446
7 36 4737912 0 1788889006 41675 4624196
4 73 4771433 0 1788889006 152613 4698165
5 73 4765562 0 1788889006 152836 4725872
6 39 4811056 0 1788889006 152958 4698995
4 74 4847567 0 1788889006 291301 4748477
5 74 4838071 0 1788889006 291425 4795085
7 37 4866182 0 1788889006 291716 4726830
4 75 4875821 0 1788889006 392043 4813634
5 75 4862911 0 1788889006 392182 4831744
6 40 4901307 0 1788889006 392350 4800053
4 76 4907633 0 1788889006 523288 4828134
5 76 4873621 0 1788889006 523459 4829608
7 38 4960452 0 1788889006 523663 4828569
4 77 5068504 0 1788889006 727092 4949274
5 77 5050337 0 1788889006 727297 5004573
6 41 5076840 0 1788889006 727449 4871932
4 78 5115542 0 1788889006 870974 5011013
5 78 5080426 0 1788889006 875050 5020137
7 39 5195470 0 1788889006 875390 5046894
4 79 5419644 0 1788889007 308152 5081106
5 79 5416318 0 1788889007 308375 5230777
6 42 5455138 0 1788889007 308474 5017532
7 40 5405629 0 1788889007 321682 5389530
