0 1 120274 0 1788888997 349598 26685
1 1 104744 0 1788888997 350600 39427
2 1 104424 0 1788888997 350969 69633
0 2 176166 0 1788888997 442524 115338
1 2 148233 0 1788888997 442731 121796
3 1 179687 0 1788888997 442901 84022
0 3 173274 0 1788888997 524736 116819
1 3 153445 0 1788888997 524963 122976
2 2 217137 0 1788888997 525073 134385
0 4 213070 0 1788888997 602653 161209
1 4 204819 0 1788888997 602844 177010
3 2 218217 0 1788888997 603011 139771
0 5 261764 0 1788888997 683133 206655
1 5 255725 0 1788888997 683458 229415
2 3 278583 0 1788888997 684396 196628
0 6 301727 0 1788888997 771340 238772
1 6 278085 0 1788888997 771568 243334
3 3 337486 0 1788888997 771733 248694
0 7 252325 0 1788888997 865912 187749
1 7 245407 0 1788888997 866147 208121
2 4 355901 0 1788888997 866370 260652
0 8 331275 0 1788888997 978580 251640
1 8 292828 0 1788888997 983953 247885
3 4 338288 0 1788888997 984131 219752
0 9 385348 0 1788888998 94028 313841
1 9 374026 0 1788888998 94255 336679
2 5 387235 0 1788888998 94633 270971
0 10 423172 0 1788888998 198982 353923
1 10 401987 0 1788888998 200310 359643
3 5 456321 0 1788888998 200818 349335
0 11 462719 0 1788888998 301811 402239
1 11 458140 0 1788888998 302018 428162
2 6 467105 0 1788888998 302170 363057
0 12 540196 0 1788888998 402235 475799
1 12 490942 0 1788888998 402430 458713
3 6 555636 0 1788888998 402588 454620
0 13 528218 0 1788888998 541558 427304
1 13 495292 0 1788888998 541957 452018
2 7 557897 0 1788888998 542251 417691
0 14 569423 0 1788888998 647481 500009
1 14 568955 0 1788888998 647672 531105
3 7 590965 0 1788888998 652304 479970
0 15 554298 0 1788888998 737914 501028
1 15 553584 0 1788888998 738100 526090
2 8 599021 0 1788888998 738726 507569
0 16 595440 0 1788888998 827452 536007
1 16 587180 0 1788888998 827678 556357
3 8 618020 0 1788888998 827823 527931
0 17 639298 0 1788888998 909898 585548
1 17 628722 0 1788888998 910116 601093
2 9 666004 0 1788888998 910407 582891
0 18 656470 0 1788888998 990771 605368
1 18 562483 0 1788888998 990898 536761
3 9 686601 0 1788888998 991016 605287
0 19 611393 0 1788888999 77362 553932
1 19 604889 0 1788888999 77579 574812
2 10 647746 0 1788888999 77730 560608
0 20 688616 0 1788888999 198843 599144
1 20 668995 0 1788888999 199299 624893
3 10 723633 0 1788888999 199429 601394
0 21 733913 0 1788888999 309325 666889
1 21 702420 0 1788888999 309968 671024
2 11 746582 0 1788888999 310480 633698
0 22 727990 0 1788888999 398117 671019
1 22 694937 0 1788888999 398251 664025
3 11 770901 0 1788888999 399456 680565
0 23 754460 0 1788888999 482369 698674
1 23 744019 0 1788888999 483301 714143
2 12 775526 0 1788888999 483462 690020
0 24 787578 0 1788888999 577421 717476
1 24 757353 0 1788888999 577761 719618
3 12 824424 0 1788888999 577880 728712
0 25 793726 0 1788888999 675908 724253
1 25 791875 0 1788888999 676177 754927
2 13 821671 0 1788888999 678156 720702
0 26 845886 0 1788888999 759460 794405
1 26 841976 0 1788888999 759633 815902
3 13 860466 0 1788888999 759745 776431
0 27 860043 0 1788888999 844015 804414
1 27 844189 0 1788888999 844266 817194
2 14 886774 0 1788888999 844834 801211
0 28 875906 0 1788888999 924093 825022
1 28 871945 0 1788888999 924289 845152
3 14 896436 0 1788888999 924413 815836
0 29 950685 0 1788889000 8438 894808
1 29 945998 0 1788889000 8576 915803
2 15 955979 0 1788889000 8673 871206
0 30 942024 0 1788889000 107216 881804
1 30 926180 0 1788889000 107651 896978
3 15 965724 0 1788889000 107890 865715
0 31 992582 0 1788889000 203103 926748
1 31 983053 0 1788889000 203225 952547
2 16 1018705 0 1788889000 203382 922340
0 32 1023106 0 1788889000 292986 968336
1 32 963774 0 1788889000 293736 934626
3 16 1067272 0 1788889000 293941 976237
0 33 1036197 0 1788889000 375637 981394
1 33 1006589 0 1788889000 375755 980414
2 17 1044545 0 1788889000 375857 961517
0 34 1039443 0 1788889000 457697 983454
1 34 1016450 0 1788889000 457868 989655
3 17 1083312 0 1788889000 457994 1000752
0 35 1058474 0 1788889000 531140 1010507
1 35 996516 0 1788889000 531256 970785
2 18 1082057 0 1788889000 531399 1008156
0 36 1074083 0 1788889000 623223 1020058
1 36 1057632 0 1788889000 624255 1028136
3 18 1083798 0 1788889000 624367 990382
0 37 1090397 0 1788889000 712468 1037601
1 37 1071718 0 1788889000 717553 1042156
2 19 1122749 0 1788889000 717795 1027964
0 38 1128408 0 1788889000 800086 1069813
1 38 1121264 0 1788889000 800649 1094409
3 19 1132503 0 1788889000 800915 1043843
0 39 1171370 0 1788889000 883405 1119578
1 39 1168547 0 1788889000 883675 1140370
2 20 1198765 0 1788889000 884079 1114580
0 40 1170211 0 1788889000 968259 1118216
1 40 1150588 0 1788889000 968400 1124621
3 20 1241780 0 1788889000 973082 1150757
0 41 1238554 0 1788889001 121642 1175698
1 41 1238447 0 1788889001 121887 1206702
2 21 1286558 0 1788889001 122048 1132577
0 42 1295202 0 1788889001 217808 1235294
1 42 1274530 0 1788889001 217946 1242382
3 21 1330086 0 1788889001 218100 1233233
0 43 1291527 0 1788889001 343841 1198439
1 43 1283360 0 1788889001 344071 1231025
2 22 1358627 0 1788889001 344190 1232025
0 44 1398592 0 1788889001 477256 1314945
1 44 1381564 0 1788889001 482668 1335956
3 22 1421669 0 1788889001 483562 1281639
0 45 1453149 0 1788889001 599426 1377717
1 45 1452779 0 1788889001 600108 1414161
2 23 1501720 0 1788889001 610209 1368587
0 46 1596134 0 1788889001 747365 1515228
1 46 1585285 0 1788889001 747587 1547747
3 23 1600121 0 1788889001 747790 1451549
0 47 1670400 0 1788889001 904658 1563958
1 47 1660553 0 1788889001 904817 1606953
2 24 1679761 0 1788889001 904969 1521621
0 48 1734235 0 1788889002 52284 1643689
1 48 1723417 0 1788889002 57535 1678161
3 24 1766693 0 1788889002 57696 1613385
0 49 1748606 0 1788889002 185051 1658703
1 49 1747505 0 1788889002 185622 1704805
2 25 1848078 0 1788889002 186877 1713278
0 50 1868979 0 1788889002 327424 1769540
1 50 1805702 0 1788889002 327730 1758291
3 25 1884916 0 1788889002 328383 1741326
0 51 1907301 0 1788889002 471938 1811209
1 51 1901237 0 1788889002 472105 1851956
2 26 1937771 0 1788889002 472231 1791947
2 27 1974463 0 1788889002 625269 1970213
0 52 2041704 0 1788889002 678592 1887320
1 52 2028529 0 1788889002 678883 1925087
3 26 2061622 0 1788889002 679022 1854314
0 53 2043364 0 1788889002 737260 2039914
1 53 2168657 0 1788889002 865368 2152540
0 54 2336227 0 1788889003 49776 2287948
2 28 2398370 0 1788889003 49922 2026521
3 27 2351027 0 1788889003 50032 2226539
0 55 2482351 0 1788889003 235265 2379042
1 54 2507188 0 1788889003 235446 2321334
2 29 2477321 0 1788889003 235549 2436694
1 55 2503244 0 1788889003 331384 2499080
0 56 2621432 0 1788889003 431813 2467450
2 30 2600083 0 1788889003 432028 2543337
3 28 2651259 0 1788889003 432346 2453919
0 57 2722661 0 1788889003 615899 2605300
1 56 2765518 0 1788889003 616082 2580933
2 31 2703863 0 1788889003 616220 2634760
0 58 2975828 0 1788889003 945315 2719396
1 57 2941104 0 1788889003 945555 2855300
3 29 2988235 0 1788889003 945724 2658056
3 30 2993578 0 1788889004 195539 2975143
3 31 3043495 0 1788889004 329706 3039709
0 59 3323132 0 1788889004 393279 2952120
1 58 3271329 0 1788889004 413477 2966113
2 32 3402999 0 1788889004 415532 2922688
0 60 3255555 0 1788889004 609492 3152175
1 59 3237977 0 1788889004 609699 3186745
3 32 3258898 0 1788889004 611292 3039751
0 61 3286916 0 1788889004 747455 3203039
1 60 3276758 0 1788889004 747717 3231482
2 33 3322587 0 1788889004 748103 3183706
0 62 3397662 0 1788889004 877293 3311289
1 61 3395912 0 1788889004 877690 3351900
3 33 3399222 0 1788889004 877826 3268501
0 63 3538332 0 1788889005 35190 3421126
1 62 3535783 0 1788889005 41217 3470865
2 34 3545089 0 1788889005 41702 3380403
0 64 3673445 0 1788889005 190280 3583928
1 63 3654278 0 1788889005 190535 3609095
3 34 3675381 0 1788889005 191559 3515253
0 65 3757324 0 1788889005 325449 3682469
1 64 3724722 0 1788889005 326159 3690823
2 35 3787916 0 1788889005 327282 3650604
0 66 3821698 0 1788889005 453182 3737687
1 65 3817410 0 1788889005 454514 3775613
3 35 3844165 0 1788889005 455431 3713337
0 67 3918751 0 1788889005 579047 3840110
1 66 3911579 0 1788889005 579210 3868866
2 36 3931175 0 1788889005 579611 3804447
0 68 4019275 0 1788889005 691082 3943684
1 67 4017143 0 1788889005 691383 3973673
3 36 4021527 0 1788889005 692082 3907634
0 69 4114566 0 1788889005 817457 4030853
1 68 4098493 0 1788889005 817650 4046847
2 37 4135445 0 1788889005 817841 4005326
0 70 4220856 0 1788889005 962996 4132913
1 69 4213398 0 1788889005 963221 4164178
3 37 4233453 0 1788889005 963352 4087308
0 71 4307444 0 1788889006 73317 4231421
1 70 4289262 0 1788889006 73575 4249892
2 38 4313629 0 1788889006 73694 4202649
0 72 4390711 0 1788889006 182467 4325455
1 71 4384740 0 1788889006 182677 4351260
3 38 4395875 0 1788889006 183259 4285725
0 73 4508506 0 1788889006 319235 4434008
1 72 4471881 0 1788889006 319492 4439382
2 39 4513983 0 1788889006 320691 4375470
0 74 4515068 0 1788889006 436975 4436564
1 73 4463726 0 1788889006 437166 4430070
3 39 4552308 0 1788889006 437277 4434041
0 75 4638466 0 1788889006 629845 4477936
1 74 4612876 0 1788889006 630040 4520666
2 40 4656070 0 1788889006 630139 4462667
0 76 4706702 0 1788889006 761917 4623751
1 75 4682376 0 1788889006 762139 4639350
3 40 4729159 0 1788889006 762336 4593550
0 77 4919952 0 1788889007 19227 4711634
1 76 4910006 0 1788889007 22151 4767478
2 41 4938996 0 1788889007 23237 4677311
3 41 5028391 0 1788889007 179883 4866973
0 78 5051074 0 1788889007 210409 5016554
