0 1 132895 0 1788889028 133371 25489
1 1 125634 0 1788889028 142640 36198
2 1 125103 0 1788889028 142799 68511
0 2 235751 0 1788889028 273261 154982
1 2 207757 0 1788889028 273405 168754
3 1 239136 0 1788889028 273501 98173
0 3 248407 0 1788889028 371020 186005
1 3 228673 0 1788889028 371342 195447
2 2 296770 0 1788889028 375857 191580
0 4 311243 0 1788889028 471976 248507
1 4 303170 0 1788889028 472346 274647
3 2 316865 0 1788889028 472809 214733
0 5 367646 0 1788889028 560166 310525
1 5 361471 0 1788889028 560355 333060
2 3 388632 0 1788889028 565595 294911
0 6 416892 0 1788889028 657656 354557
1 6 393248 0 1788889028 657882 358708
3 3 452605 0 1788889028 658003 354480
0 7 373452 0 1788889028 758191 305013
1 7 366565 0 1788889028 758455 331239
2 4 476992 0 1788889028 758611 375851
0 8 448173 0 1788889028 866629 375137
1 8 404639 0 1788889028 866915 370498
3 4 450047 0 1788889028 867041 340964
0 9 498721 0 1788889028 978551 421247
1 9 487384 0 1788889028 978763 453145
2 5 500768 0 1788889028 979317 387862
0 10 540369 0 1788889029 87331 472863
1 10 519398 0 1788889029 88872 483489
3 5 573431 0 1788889029 89079 462598
0 11 590354 0 1788889029 200597 524923
1 11 585758 0 1788889029 200787 559347
2 6 596785 0 1788889029 203001 480572
0 12 654933 0 1788889029 288124 598998
1 12 605700 0 1788889029 288338 578600
3 6 670604 0 1788889029 288708 582305
0 13 603469 0 1788889029 387961 542863
1 13 570317 0 1788889029 388133 541747
2 7 632818 0 1788889029 388322 532383
0 14 637900 0 1788889029 487109 580317
1 14 637360 0 1788889029 487228 610716
3 7 656360 0 1788889029 488850 555268
0 15 622320 0 1788889029 577087 566583
1 15 621672 0 1788889029 577338 594612
2 8 666652 0 1788889029 577509 575677
0 16 664243 0 1788889029 667407 601256
1 16 655939 0 1788889029 667588 623644
3 8 687227 0 1788889029 668180 595954
0 17 712067 0 1788889029 753818 655900
1 17 701462 0 1788889029 754006 674654
2 9 738617 0 1788889029 754171 651588
0 18 756142 0 1788889029 861594 679120
1 18 662258 0 1788889029 861824 624666
3 9 786377 0 1788889029 861942 678034
0 19 742889 0 1788889029 980010 659015
1 19 736347 0 1788889029 980188 689276
2 10 779176 0 1788889029 980311 660163
0 20 799554 0 1788889030 80931 740007
1 20 779823 0 1788889030 81278 749790
3 10 834583 0 1788889030 81530 732697
0 21 829557 0 1788889030 176120 767252
1 21 797557 0 1788889030 176256 770050
2 11 841354 0 1788889030 176403 745475
0 22 844882 0 1788889030 286161 772096
1 22 811878 0 1788889030 286343 775296
3 11 886843 0 1788889030 286549 776157
0 23 886363 0 1788889030 385423 822510
1 23 875696 0 1788889030 386130 843703
2 12 907216 0 1788889030 386303 806873
0 24 919567 0 1788889030 480561 859626
1 24 889168 0 1788889030 480727 861086
3 12 956231 0 1788889030 480838 860620
0 25 921009 0 1788889030 574343 863321
1 25 919085 0 1788889030 574538 890936
2 13 947048 0 1788889030 574684 852740
0 26 975158 0 1788889030 659882 921095
1 26 971476 0 1788889030 660284 943102
3 13 990040 0 1788889030 660471 903735
0 27 983151 0 1788889030 738275 932035
1 27 967221 0 1788889030 738448 941327
2 14 1013637 0 1788889030 742848 930487
0 28 1006325 0 1788889030 825662 952163
1 28 1002379 0 1788889030 825873 973780
3 14 1027028 0 1788889030 826155 938953
0 29 1091309 0 1788889030 920213 1022854
1 29 1088057 0 1788889030 921786 1046668
2 15 1099137 0 1788889030 922981 1001611
0 30 1098019 0 1788889031 34362 1021344
1 30 1081933 0 1788889031 34556 1040760
3 15 1121446 0 1788889031 34763 1006562
0 31 1141395 0 1788889031 123066 1087410
1 31 1132016 0 1788889031 123339 1102815
2 16 1167630 0 1788889031 123458 1078263
0 32 1174126 0 1788889031 215156 1110530
1 32 1114492 0 1788889031 215606 1078060
3 16 1218614 0 1788889031 216498 1125040
0 33 1202433 0 1788889031 313024 1136410
1 33 1172943 0 1788889031 313260 1135028
2 17 1210982 0 1788889031 313444 1112421
0 34 1230940 0 1788889031 420346 1162681
1 34 1208040 0 1788889031 420609 1174424
3 17 1274902 0 1788889031 420735 1166997
0 35 1302596 0 1788889031 546414 1215915
1 35 1240668 0 1788889031 546559 1193963
2 18 1327254 0 1788889031 547747 1199607
0 36 1366258 0 1788889031 686549 1269176
1 36 1353274 0 1788889031 691048 1300738
3 18 1379454 0 1788889031 691173 1234224
0 37 1417645 0 1788889031 810867 1335874
1 37 1394065 0 1788889031 811050 1356772
2 19 1444957 0 1788889031 811155 1320112
0 38 1513224 0 1788889031 956053 1408088
1 38 1506684 0 1788889031 957221 1444970
3 19 1518542 0 1788889031 958105 1370980
0 39 1574882 0 1788889032 58068 1513139
1 39 1571973 0 1788889032 58252 1541021
2 20 1602031 0 1788889032 58497 1498840
0 40 1612852 0 1788889032 182051 1524169
1 40 1594466 0 1788889032 183430 1549044
3 20 1681105 0 1788889032 183558 1555275
0 41 1632705 0 1788889032 286944 1564990
1 41 1632587 0 1788889032 287178 1600433
2 21 1680697 0 1788889032 287338 1574581
0 42 1681908 0 1788889032 375665 1623116
1 42 1661323 0 1788889032 375890 1632875
3 21 1716845 0 1788889032 376010 1627512
0 43 1651610 0 1788889032 475076 1585170
1 43 1643441 0 1788889032 475303 1610277
2 22 1718787 0 1788889032 475501 1618707
0 44 1719441 0 1788889032 569256 1666192
1 44 1697176 0 1788889032 569430 1670333
3 22 1737109 0 1788889032 570154 1641770
0 45 1738740 0 1788889032 656168 1682062
1 45 1737968 0 1788889032 656448 1710422
2 23 1776997 0 1788889032 656636 1689413
0 46 1830122 0 1788889032 752503 1768643
1 46 1819213 0 1788889032 752665 1791469
3 23 1834300 0 1788889032 753119 1737071
0 47 1845182 0 1788889032 850591 1777837
1 47 1836043 0 1788889032 851458 1805038
2 24 1855576 0 1788889032 851935 1755948
0 48 1866114 0 1788889032 955313 1789424
1 48 1850208 0 1788889032 955477 1805714
3 24 1894363 0 1788889032 956517 1787820
0 49 1903359 0 1788889033 110955 1793238
1 49 1901991 0 1788889033 111259 1852484
2 25 2002082 0 1788889033 112032 1845105
0 50 2010828 0 1788889033 240424 1936821
1 50 1947659 0 1788889033 240837 1911860
3 25 2026472 0 1788889033 241090 1896063
0 51 2040491 0 1788889033 376279 1965697
1 51 2034473 0 1788889033 376492 2001893
2 26 2071033 0 1788889033 376645 1934650
0 52 2067747 0 1788889033 475786 2001586
1 52 2054524 0 1788889033 476029 2024861
3 26 2087628 0 1788889033 476180 1987521
0 53 2139980 0 1788889033 562683 2083302
1 53 2097862 0 1788889033 562909 2068080
2 27 2144227 0 1788889033 566183 2053632
0 54 2187881 0 1788889033 658038 2126043
1 54 2173467 0 1788889033 658167 2142290
3 27 2190656 0 1788889033 658518 2094638
0 55 2229344 0 1788889033 753409 2167943
1 55 2224163 0 1788889033 753542 2190457
2 28 2254530 0 1788889033 753940 2158432
0 56 2277656 0 1788889033 859187 2204614
1 56 2260050 0 1788889033 859341 2220839
3 28 2307258 0 1788889033 859496 2200799
0 57 2357117 0 1788889033 978832 2280897
1 57 2314562 0 1788889033 978952 2283906
2 29 2376169 0 1788889033 979264 2255894
0 58 2351248 0 1788889034 79888 2288192
1 58 2339562 0 1788889034 80200 2303521
3 29 2397046 0 1788889034 80554 2295070
0 59 2442006 0 1788889034 225689 2347289
1 59 2384580 0 1788889034 225877 2334668
2 30 2450415 0 1788889034 226017 2303667
0 60 2356693 0 1788889034 329805 2288143
1 60 2272584 0 1788889034 329946 2239422
3 30 2417065 0 1788889034 330363 2312218
0 61 2325390 0 1788889034 450477 2245800
1 61 2308334 0 1788889034 451207 2264728
2 31 2328588 0 1788889034 452133 2205951
0 62 2353248 0 1788889034 584939 2265909
1 62 2343034 0 1788889034 585144 2292987
3 31 2388643 0 1788889034 585311 2253518
0 63 2476474 0 1788889034 727256 2383844
1 63 2474558 0 1788889034 727487 2429053
2 32 2477888 0 1788889034 727642 2334911
0 64 2573630 0 1788889034 841640 2501519
1 64 2565358 0 1788889034 841943 2529045
3 32 2574374 0 1788889034 842138 2458474
0 65 2700670 0 1788889034 988656 2602534
1 65 2682300 0 1788889034 989709 2626038
2 33 2702534 0 1788889034 989863 2554032
0 66 2771323 0 1788889035 110600 2703303
1 66 2738493 0 1788889035 111080 2706100
3 33 2800749 0 1788889035 111266 2677865
0 67 2838098 0 1788889035 240734 2749756
1 67 2832770 0 1788889035 241026 2785162
2 34 2859840 0 1788889035 242257 2727911
0 68 2946094 0 1788889035 377541 2859923
1 68 2939002 0 1788889035 377784 2893276
3 34 2958430 0 1788889035 378016 2817843
0 69 3055545 0 1788889035 498502 2978957
1 69 3054144 0 1788889035 499535 3014644
2 35 3058767 0 1788889035 500473 2935559
0 70 3166064 0 1788889035 640106 3078092
1 70 3150475 0 1788889035 640783 3107935
3 35 3188262 0 1788889035 641809 3044754
0 71 3249144 0 1788889035 762436 3183202
1 71 3241690 0 1788889035 762664 3207804
2 36 3261839 0 1788889035 762890 3138807
0 72 3326947 0 1788889035 863971 3263287
1 72 3308705 0 1788889035 864169 3277726
3 36 3333086 0 1788889035 864302 3230972
0 73 3417000 0 1788889035 979907 3333918
1 73 3411497 0 1788889035 980585 3369031
2 37 3423310 0 1788889035 981846 3305203
0 74 3549785 0 1788889036 131666 3441361
1 74 3514425 0 1788889036 133187 3458282
3 37 3559935 0 1788889036 137795 3401811
0 75 3651740 0 1788889036 344797 3503009
1 75 3600374 0 1788889036 344966 3559539
2 38 3693854 0 1788889036 349974 3474800
0 76 3687144 0 1788889036 449674 3624010
1 76 3661532 0 1788889036 449847 3629361
3 38 3704748 0 1788889036 449969 3599118
0 77 3717914 0 1788889036 544280 3658465
1 77 3693534 0 1788889036 544448 3662414
2 39 3740225 0 1788889036 544553 3645157
0 78 3759619 0 1788889036 630045 3704225
1 78 3746923 0 1788889036 630218 3718971
3 39 3775007 0 1788889036 630398 3688676
0 79 3807532 0 1788889036 738019 3743804
1 79 3802227 0 1788889036 738228 3771792
2 40 3815745 0 1788889036 738388 3707222
0 80 3860507 0 1788889036 856879 3786646
1 80 3793008 0 1788889036 857219 3761291
3 40 3915214 0 1788889036 857400 3795594
0 81 3878911 0 1788889036 951626 3817516
1 81 3877170 0 1788889036 951791 3842341
2 41 3884287 0 1788889036 951957 3789012
0 82 3958166 0 1788889037 37033 3905606
1 82 3947767 0 1788889037 37209 3921341
3 41 3959239 0 1788889037 37397 3873288
0 83 4003295 0 1788889037 118619 3950649
1 83 3968634 0 1788889037 118956 3940541
2 42 4015142 0 1788889037 119118 3932648
0 84 3955069 0 1788889037 226316 3884660
1 84 3915381 0 1788889037 226784 3879450
3 42 4013774 0 1788889037 226963 3905178
0 85 3981254 0 1788889037 330318 3916988
1 85 3978899 0 1788889037 330457 3945032
2 43 4008310 0 1788889037 330615 3903291
0 86 4042291 0 1788889037 425551 3977608
1 86 3973322 0 1788889037 426381 3939983
3 43 4071375 0 1788889037 426646 3974797
0 87 4063506 0 1788889037 529651 4013034
1 87 4054683 0 1788889037 529871 4030630
2 44 4069173 0 1788889037 530029 3964131
0 88 4109784 0 1788889037 606683 4060657
1 88 4082514 0 1788889037 607069 4059641
3 44 4129227 0 1788889037 607465 4051210
0 89 4071554 0 1788889037 691656 4019460
1 89 4056583 0 1788889037 691888 4030923
2 45 4085956 0 1788889037 692044 4000404
0 90 4102197 0 1788889037 776405 4048914
1 90 4097013 0 1788889037 777065 4070903
3 45 4130129 0 1788889037 777383 4044259
0 91 4123944 0 1788889037 856586 4071774
1 91 4073061 0 1788889037 856816 4048903
2 46 4155545 0 1788889037 856955 4074821
0 92 4120480 0 1788889037 929767 4072670
1 92 4104257 0 1788889037 929932 4079769
3 46 4132565 0 1788889037 930083 4058891
2 47 4103411 0 1788889037 961802 4071243
0 93 4092478 0 1788889037 964318 4089725
