4 1 154917 0 1788889068 837693 43548
5 1 145295 0 1788889068 838530 68298
6 1 145036 0 1788889068 838817 106955
4 2 241351 0 1788889068 957758 167102
5 2 237653 0 1788889068 958123 200950
7 1 263309 0 1788889068 958337 142141
4 3 325177 0 1788889069 78290 251804
5 3 321586 0 1788889069 78592 286288
6 2 330985 0 1788889069 79008 208286
4 4 404242 0 1788889069 174206 339979
5 4 398752 0 1788889069 174345 364479
7 2 415047 0 1788889069 174478 318458
4 5 486208 0 1788889069 273965 424561
5 5 467454 0 1788889069 274216 437152
6 3 490813 0 1788889069 275092 389758
4 6 586728 0 1788889069 420422 486244
5 6 566853 0 1788889069 420549 503924
7 3 589039 0 1788889069 420701 442111
4 7 635076 0 1788889069 530456 563240
5 7 615052 0 1788889069 530698 576266
6 4 650444 0 1788889069 530822 539815
4 8 717471 0 1788889069 661749 632970
5 8 652520 0 1788889069 661904 603309
7 4 720478 0 1788889069 663305 587423
4 9 758680 0 1788889069 778894 685636
5 9 754559 0 1788889069 779022 717107
6 5 761082 0 1788889069 779178 643393
4 10 836858 0 1788889069 896243 766337
5 10 813439 0 1788889069 897065 778202
7 5 849372 0 1788889069 897236 730543
4 11 905251 0 1788889070 34826 819170
5 11 883840 0 1788889070 35131 841169
6 6 916717 0 1788889070 35309 777390
4 12 937015 0 1788889070 151236 862340
5 12 842842 0 1788889070 151434 810970
7 6 944964 0 1788889070 151550 827980
4 13 917587 0 1788889070 245818 859253
5 13 880370 0 1788889070 245995 847152
6 7 930677 0 1788889070 246172 835512
4 14 967351 0 1788889070 339478 904097
5 14 964646 0 1788889070 339671 934839
7 7 975488 0 1788889070 342945 878165
4 15 1059250 0 1788889070 442808 997496
5 15 1053360 0 1788889070 443026 1024472
6 8 1062210 0 1788889070 443189 958270
4 16 1099195 0 1788889070 549772 1024918
5 16 1073389 0 1788889070 550919 1028017
7 8 1140215 0 1788889070 551135 1031689
4 17 1228740 0 1788889070 740217 1096041
5 17 1210914 0 1788889070 740411 1143143
6 9 1240830 0 1788889070 740521 1049855
4 18 1278943 0 1788889070 849952 1210882
5 18 1224332 0 1788889070 850087 1190275
7 9 1283566 0 1788889070 850235 1173315
4 19 1254498 0 1788889070 953233 1191674
5 19 1252935 0 1788889070 953756 1220725
6 10 1304014 0 1788889070 954070 1199713
4 20 1329526 0 1788889071 58238 1263237
5 20 1298684 0 1788889071 58568 1265554
7 10 1354892 0 1788889071 61311 1245928
4 21 1347727 0 1788889071 153787 1284287
5 21 1332733 0 1788889071 153929 1295741
6 11 1379228 0 1788889071 154814 1281918
4 22 1403133 0 1788889071 253293 1337814
5 22 1394412 0 1788889071 253498 1365045
7 11 1416272 0 1788889071 253914 1315904
4 23 1439682 0 1788889071 358540 1371780
5 23 1435678 0 1788889071 359099 1400924
6 12 1491781 0 1788889071 359258 1385232
4 24 1537405 0 1788889071 480649 1451082
5 24 1492429 0 1788889071 480850 1454865
7 12 1551090 0 1788889071 481449 1427899
4 25 1589066 0 1788889071 590097 1512636
5 25 1576983 0 1788889071 590283 1535879
6 13 1596220 0 1788889071 595618 1481027
4 26 1669318 0 1788889071 716870 1590118
5 26 1641196 0 1788889071 717442 1598708
7 13 1706973 0 1788889071 721914 1574602
4 27 1744395 0 1788889071 870182 1636764
5 27 1726364 0 1788889071 873830 1667517
6 14 1796853 0 1788889071 874042 1639487
4 28 1884540 0 1788889072 41921 1759172
5 28 1869358 0 1788889072 42653 1792676
7 14 1893033 0 1788889072 42887 1717736
4 29 1944669 0 1788889072 186367 1851036
5 29 1934285 0 1788889072 186557 1879773
6 15 1949991 0 1788889072 186993 1804629
4 30 2021031 0 1788889072 280932 1963452
5 30 1997576 0 1788889072 281185 1970653
7 15 2022140 0 1788889072 281341 1926888
4 31 2064687 0 1788889072 376277 1998715
5 31 2059579 0 1788889072 377053 2025951
6 16 2074721 0 1788889072 377167 1978269
4 32 2133921 0 1788889072 481281 2059930
5 32 2116733 0 1788889072 481437 2079829
7 16 2164048 0 1788889072 481592 2058470
4 33 2188996 0 1788889072 575831 2129837
5 33 2178287 0 1788889072 575976 2146308
6 17 2189295 0 1788889072 576087 2094076
4 34 2252610 0 1788889072 666292 2190846
5 34 2242180 0 1788889072 666517 2210553
7 17 2263173 0 1788889072 666643 2172178
4 35 2278315 0 1788889072 774324 2201643
5 35 2278345 0 1788889072 774500 2237447
6 18 2294249 0 1788889072 779500 2180740
4 36 2359131 0 1788889072 890828 2292025
5 36 2336605 0 1788889072 891073 2305552
7 18 2378686 0 1788889072 891201 2261418
4 37 2470218 0 1788889073 35522 2362340
5 37 2459351 0 1788889073 35825 2395574
6 19 2476907 0 1788889073 36286 2331105
4 38 2586119 0 1788889073 193676 2484908
5 38 2579806 0 1788889073 193863 2534280
7 19 2610966 0 1788889073 194147 2451946
4 39 2670622 0 1788889073 293733 2604088
5 39 2649877 0 1788889073 293969 2617376
6 20 2679669 0 1788889073 294929 2578202
4 40 2705994 0 1788889073 390012 2646803
5 40 2696615 0 1788889073 390340 2668696
7 20 2711504 0 1788889073 390470 2614513
4 41 2797046 0 1788889073 512328 2718800
5 41 2765100 0 1788889073 512476 2732979
6 21 2812308 0 1788889073 512696 2689218
4 42 2898985 0 1788889073 685256 2770757
5 42 2895840 0 1788889073 686108 2826935
7 21 2929446 0 1788889073 686210 2755281
4 43 3162072 0 1788889073 984708 2925504
5 43 3156267 0 1788889073 984855 3069350
6 22 3166093 0 1788889073 986674 2864211
4 44 3538956 0 1788889074 389049 3285606
5 44 3516626 0 1788889074 389251 3384275
7 22 3543981 0 1788889074 389351 3139118
5 45 3811292 0 1788889074 754178 3806954
7 23 3919026 0 1788889074 875533 3915533
4 45 4089118 0 1788889075 21722 3619924
5 46 4015722 0 1788889075 21935 3962214
6 23 4099731 0 1788889075 23159 3465358
4 46 4079086 0 1788889075 194246 3981953
5 47 4064880 0 1788889075 194676 4009430
7 24 4146657 0 1788889075 194974 3968197
4 47 4141715 0 1788889075 351991 4043254
5 48 4140325 0 1788889075 358246 4078702
6 24 4202342 0 1788889075 358486 4037533
4 48 4240187 0 1788889075 496206 4156435
5 49 4217123 0 1788889075 496395 4172575
7 25 4268776 0 1788889075 496600 4123920
4 49 4319061 0 1788889075 627504 4240821
5 50 4272817 0 1788889075 627745 4232433
6 25 4344538 0 1788889075 627951 4212582
4 50 4359266 0 1788889075 773371 4260707
5 51 4329293 0 1788889075 773595 4268472
7 26 4377717 0 1788889075 774314 4230587
4 51 4426802 0 1788889075 875952 4360585
5 52 4426792 0 1788889075 876151 4395258
6 26 4431925 0 1788889075 876953 4328146
4 52 4486806 0 1788889075 982831 4414713
5 53 4483149 0 1788889075 983054 4450012
7 27 4504948 0 1788889075 983273 4397034
4 53 4551038 0 1788889076 102790 4474257
5 54 4486295 0 1788889076 103096 4448794
6 27 4551871 0 1788889076 103361 4431109
4 54 4590937 0 1788889076 237075 4506428
5 55 4573993 0 1788889076 237540 4534949
7 28 4608840 0 1788889076 237900 4473470
4 55 4703902 0 1788889076 384419 4599021
5 56 4702960 0 1788889076 384639 4659750
6 28 4716595 0 1788889076 388309 4565125
4 56 4855670 0 1788889076 568017 4726416
5 57 4809175 0 1788889076 568248 4761866
7 29 4890717 0 1788889076 572856 4701088
4 57 4958539 0 1788889076 726453 4876393
5 58 4951153 0 1788889076 726622 4911594
6 29 4959773 0 1788889076 726797 4800755
4 58 5040796 0 1788889076 884658 4927683
5 59 4973543 0 1788889076 884865 4906990
7 30 5101995 0 1788889076 885030 4943157
4 59 5136937 0 1788889077 115851 4998921
5 60 5129432 0 1788889077 116047 5066773
6 30 5158318 0 1788889077 116236 4926441
4 60 5224147 0 1788889077 251395 5137707
5 61 5202396 0 1788889077 251665 5154842
7 31 5248673 0 1788889077 251788 5112478
4 61 5291875 0 1788889077 487764 5120661
5 62 5290015 0 1788889077 487997 5202514
6 31 5353251 0 1788889077 488203 5116170
4 62 5427963 0 1788889077 649394 5335086
5 63 5421065 0 1788889077 649695 5386320
7 32 5429288 0 1788889077 649864 5266926
4 63 5479583 0 1788889077 752447 5414846
5 64 5447466 0 1788889077 752641 5414276
6 32 5492985 0 1788889077 752770 5389101
4 64 5511856 0 1788889077 877764 5421816
5 65 5510454 0 1788889077 877936 5468095
7 33 5554708 0 1788889077 878053 5428905
4 65 5678407 0 1788889078 80265 5543760
5 66 5667589 0 1788889078 80507 5610291
6 33 5680232 0 1788889078 80647 5477157
4 66 5820992 0 1788889078 252466 5700950
5 67 5809873 0 1788889078 252661 5742547
7 34 5824998 0 1788889078 252838 5652149
4 67 6008034 0 1788889078 476933 5850230
5 68 5961077 0 1788889078 477337 5882038
6 34 6033800 0 1788889078 477456 5808499
4 68 6061957 0 1788889078 628777 5987174
7 35 6100396 0 1788889078 629586 5947389
5 69 6056221 0 1788889078 641054 6043752
