4 1 129251 0 1788889017 995057 49441
5 1 120409 0 1788889017 996674 67215
6 1 119968 0 1788889017 996779 92450
4 2 181479 0 1788889018 80915 128427
5 2 177641 0 1788889018 81141 149979
7 1 203185 0 1788889018 81243 116505
4 3 236930 0 1788889018 173073 180373
5 3 233187 0 1788889018 173224 204851
6 2 242373 0 1788889018 173426 148654
4 4 308486 0 1788889018 261480 246338
5 4 303032 0 1788889018 261655 271961
7 2 324173 0 1788889018 266634 230450
4 5 390831 0 1788889018 361618 331498
5 5 372034 0 1788889018 361826 341168
6 3 398752 0 1788889018 366061 293986
4 6 427314 0 1788889018 444038 375490
5 6 407485 0 1788889018 444211 381641
7 3 429630 0 1788889018 444322 346721
4 7 449586 0 1788889018 527996 395659
5 7 429447 0 1788889018 528122 401483
6 4 464844 0 1788889018 528252 380429
4 8 478808 0 1788889018 606117 427683
5 8 413950 0 1788889018 606363 387740
7 4 480612 0 1788889018 606468 401937
4 9 500738 0 1788889018 703982 435863
5 9 496723 0 1788889018 704216 461944
6 5 503242 0 1788889018 704368 404803
4 10 554523 0 1788889018 796938 495523
5 10 531022 0 1788889018 797678 496505
7 5 566944 0 1788889018 797837 472751
4 11 576491 0 1788889018 889097 513204
5 11 554953 0 1788889018 889275 521070
6 6 593538 0 1788889018 895161 494930
4 12 583403 0 1788889018 980653 527807
5 12 489279 0 1788889018 980900 458279
7 6 591649 0 1788889018 981266 499305
4 13 550019 0 1788889019 61281 500736
5 13 512784 0 1788889019 61438 490254
6 7 563066 0 1788889019 61590 481922
4 14 588970 0 1788889019 144127 537799
5 14 586271 0 1788889019 144327 559713
7 7 594537 0 1788889019 145024 510607
4 15 659664 0 1788889019 226252 603313
5 15 653778 0 1788889019 226474 626319
6 8 662604 0 1788889019 226612 579917
4 16 727359 0 1788889019 360966 622990
5 16 700549 0 1788889019 361109 636777
7 8 767317 0 1788889019 361268 632077
4 17 809604 0 1788889019 504111 721483
5 17 791753 0 1788889019 504281 747062
6 9 822832 0 1788889019 505554 677996
4 18 846946 0 1788889019 600985 791958
5 18 792623 0 1788889019 601408 766205
7 9 851863 0 1788889019 601561 753344
4 19 806907 0 1788889019 688671 751303
5 19 804962 0 1788889019 688814 777233
6 10 855840 0 1788889019 688927 767503
4 20 854126 0 1788889019 765868 803196
5 20 823140 0 1788889019 766053 798919
7 10 876716 0 1788889019 766165 799036
4 21 873033 0 1788889019 862122 809931
5 21 858090 0 1788889019 862316 824421
6 11 903810 0 1788889019 862426 807071
4 22 918101 0 1788889019 951290 857618
5 22 909370 0 1788889019 951486 878107
7 11 931239 0 1788889019 951911 841260
4 23 953777 0 1788889020 55664 881501
5 23 950452 0 1788889020 56902 913888
6 12 1010812 0 1788889020 61319 900607
4 24 1013651 0 1788889020 139925 958468
5 24 968638 0 1788889020 140089 938912
7 12 1027018 0 1788889020 140406 941971
4 25 1098388 0 1788889020 282449 1007026
5 25 1086289 0 1788889020 282618 1046178
6 13 1100831 0 1788889020 283259 957271
4 26 1180959 0 1788889020 411541 1096097
5 26 1152381 0 1788889020 411656 1107117
7 13 1213869 0 1788889020 411839 1084279
4 27 1222119 0 1788889020 530935 1150664
5 27 1200686 0 1788889020 531181 1162281
6 14 1271601 0 1788889020 531820 1151056
4 28 1283189 0 1788889020 623599 1226617
5 28 1267433 0 1788889020 623758 1237932
7 14 1291051 0 1788889020 623934 1197728
4 29 1302166 0 1788889020 726893 1230949
5 29 1296032 0 1788889020 731333 1255637
6 15 1311636 0 1788889020 731668 1203355
4 30 1370209 0 1788889020 813139 1317487
5 30 1346693 0 1788889020 813332 1317768
7 15 1371220 0 1788889020 813451 1283716
4 31 1433361 0 1788889020 927981 1358290
5 31 1427663 0 1788889020 928167 1386785
6 16 1442863 0 1788889020 928338 1327333
4 32 1486641 0 1788889021 17032 1430566
5 32 1469673 0 1788889021 17407 1441870
7 16 1517009 0 1788889021 17583 1427180
4 33 1544110 0 1788889021 113975 1478829
5 33 1533375 0 1788889021 114094 1500932
6 17 1544469 0 1788889021 114291 1446979
4 34 1619779 0 1788889021 216490 1555733
5 34 1609346 0 1788889021 216713 1575673
7 17 1630423 0 1788889021 216923 1527330
4 35 1654805 0 1788889021 333844 1570779
5 35 1654964 0 1788889021 334149 1608677
6 18 1665984 0 1788889021 334264 1547977
4 36 1725341 0 1788889021 440069 1651093
5 36 1702721 0 1788889021 440218 1663138
7 18 1744861 0 1788889021 440406 1638030
4 37 1867164 0 1788889021 615497 1762431
5 37 1856589 0 1788889021 616094 1807382
6 19 1873999 0 1788889021 616408 1697356
4 38 1965282 0 1788889021 755869 1880759
5 38 1958964 0 1788889021 756051 1922107
7 19 1994661 0 1788889021 760873 1849100
4 39 2082056 0 1788889021 888197 1994452
5 39 2061443 0 1788889021 888565 2019493
6 20 2090389 0 1788889021 888679 1957306
4 40 2162250 0 1788889022 29298 2075118
5 40 2154312 0 1788889022 31067 2117805
7 20 2169411 0 1788889022 31407 2025993
4 41 2219357 0 1788889022 117670 2161903
5 41 2187508 0 1788889022 117914 2158537
6 21 2234620 0 1788889022 118038 2145695
4 42 2247572 0 1788889022 216873 2184840
5 42 2243842 0 1788889022 217140 2209765
7 21 2277737 0 1788889022 217530 2177636
4 43 2311762 0 1788889022 317427 2246776
5 43 2305972 0 1788889022 317590 2274045
6 22 2314136 0 1788889022 317747 2213009
4 44 2383729 0 1788889022 416851 2315834
5 44 2362033 0 1788889022 417687 2323687
7 22 2389410 0 1788889022 417810 2288844
4 45 2400663 0 1788889022 516297 2338223
5 45 2390607 0 1788889022 516522 2356896
6 23 2410249 0 1788889022 516707 2310142
4 46 2421164 0 1788889022 610407 2363585
5 46 2379523 0 1788889022 610870 2350571
7 23 2471522 0 1788889022 611059 2376530
4 47 2383365 0 1788889022 696191 2325109
5 47 2357200 0 1788889022 696374 2329505
6 24 2398298 0 1788889022 696489 2312019
4 48 2372216 0 1788889022 773167 2321601
5 48 2362426 0 1788889022 773279 2337683
7 24 2380669 0 1788889022 773975 2302695
4 49 2397669 0 1788889022 859970 2339244
5 49 2393724 0 1788889022 860167 2367298
6 25 2421426 0 1788889022 860475 2333926
4 50 2461868 0 1788889022 999827 2361852
5 50 2420343 0 1788889022 999969 2362373
7 25 2508618 0 1788889023 91 2368308
4 51 2509878 0 1788889023 137211 2421596
5 51 2509335 0 1788889023 137393 2458924
6 26 2540797 0 1788889023 137933 2402555
4 52 2711832 0 1788889023 344221 2545257
5 52 2683050 0 1788889023 344406 2601515
7 26 2713075 0 1788889023 345255 2504809
4 53 2754680 0 1788889023 437615 2694483
5 53 2703271 0 1788889023 437791 2672855
6 27 2758897 0 1788889023 437952 2664910
4 54 2724042 0 1788889023 523874 2669114
5 54 2711934 0 1788889023 524024 2682843
7 27 2789378 0 1788889023 524160 2702628
4 55 2774397 0 1788889023 620974 2711707
5 55 2767546 0 1788889023 622289 2733648
6 28 2793340 0 1788889023 622509 2694468
4 56 2901632 0 1788889023 766341 2803254
5 56 2901415 0 1788889023 766583 2846103
7 28 2903172 0 1788889023 766718 2756785
4 57 2944456 0 1788889023 886559 2877744
5 57 2937129 0 1788889023 887183 2902736
6 29 2992050 0 1788889023 887427 2870610
6 30 3048984 0 1788889024 75875 3034283
4 58 3176970 0 1788889024 135469 2968248
5 58 3169640 0 1788889024 135706 3011055
7 29 3184954 0 1788889024 135897 2935391
4 59 3296380 0 1788889024 437329 3081469
5 59 3284032 0 1788889024 445976 3182644
6 31 3351947 0 1788889024 446299 3040895
4 60 3521261 0 1788889024 707406 3352929
5 60 3497410 0 1788889024 707688 3443178
7 30 3539748 0 1788889024 709393 3267497
4 61 3596422 0 1788889024 914404 3460013
5 61 3535962 0 1788889024 914876 3458476
6 32 3682763 0 1788889024 915062 3474799
4 62 3767384 0 1788889025 170990 3573768
5 62 3766760 0 1788889025 171220 3639026
7 31 3790495 0 1788889025 171506 3531288
4 63 3977093 0 1788889025 419908 3835136
5 63 3968104 0 1788889025 423999 3890627
6 33 4012771 0 1788889025 424430 3759114
4 64 4150280 0 1788889025 656656 4019211
5 64 4108210 0 1788889025 657149 4052543
7 32 4169355 0 1788889025 657560 3928787
4 65 4225688 0 1788889025 809133 4144166
5 65 4224663 0 1788889025 809551 4191446
6 34 4259160 0 1788889025 809672 4105028
4 66 4359084 0 1788889025 969954 4238955
5 66 4355633 0 1788889025 970136 4288492
7 33 4374356 0 1788889025 970305 4212921
4 67 4587952 0 1788889026 214638 4431569
5 67 4563224 0 1788889026 215153 4479625
6 35 4589499 0 1788889026 215318 4343726
4 68 4731871 0 1788889026 444091 4606306
5 68 4694493 0 1788889026 444343 4620566
7 34 4745391 0 1788889026 444681 4515041
4 69 4908937 0 1788889026 677367 4754258
5 69 4897943 0 1788889026 677576 4840231
6 36 4909834 0 1788889026 677696 4675804
4 70 5008635 0 1788889026 816137 4910653
5 70 5002788 0 1788889026 816401 4952294
7 35 5009657 0 1788889026 816559 4870174
4 71 5068841 0 1788889026 935231 4992153
5 71 5035474 0 1788889026 935487 4993659
6 37 5100898 0 1788889026 935650 4981130
4 72 5126141 0 1788889027 72751 5035149
5 72 5123716 0 1788889027 72932 5079308
7 36 5161272 0 1788889027 73028 5023253
4 73 5246350 0 1788889027 231100 5145265
5 73 5210840 0 1788889027 234869 5162606
6 38 5268920 0 1788889027 235191 5106238
4 74 5321682 0 1788889027 390063 5214930
5 74 5303928 0 1788889027 390510 5249384
7 37 5360997 0 1788889027 391119 5200705
4 75 5362165 0 1788889027 496056 5299489
5 75 5337223 0 1788889027 496293 5303614
6 39 5400554 0 1788889027 496757 5293269
4 76 5383476 0 1788889027 589535 5319441
5 76 5331254 0 1788889027 589756 5299591
7 38 5417740 0 1788889027 589860 5323709
4 77 5400251 0 1788889027 693707 5330129
5 77 5393055 0 1788889027 694490 5352153
6 40 5401938 0 1788889027 694624 5296465
4 78 5474859 0 1788889027 797627 5410733
5 78 5399524 0 1788889027 797805 5367792
7 39 5478110 0 1788889027 797917 5373576
6 41 5395370 0 1788889027 832841 5359979
4 79 5340818 0 1788889027 837002 5336433
