0 1 114713 0 1788889048 366387 25944
1 1 98968 0 1788889048 367173 36580
2 1 98458 0 1788889048 367353 70837
0 2 173149 0 1788889048 461857 108134
1 2 145180 0 1788889048 462027 113339
3 1 176618 0 1788889048 462182 80623
0 3 192310 0 1788889048 566123 119448
1 3 172439 0 1788889048 566306 137143
2 2 236131 0 1788889048 566417 131387
0 4 239026 0 1788889048 650958 182833
1 4 230934 0 1788889048 651309 201321
3 2 244538 0 1788889048 651681 158748
0 5 293175 0 1788889048 736893 238822
1 5 286975 0 1788889048 737059 259263
2 3 311911 0 1788889048 740073 222112
0 6 323868 0 1788889048 815831 274511
1 6 300094 0 1788889048 815927 275549
3 3 359417 0 1788889048 816014 280141
0 7 267570 0 1788889048 903508 209680
1 7 260560 0 1788889048 903650 231150
2 4 371196 0 1788889048 904015 282906
0 8 335370 0 1788889049 5026 268926
1 8 291813 0 1788889049 5287 258274
3 4 337299 0 1788889049 5492 235108
0 9 358159 0 1788889049 89188 300589
1 9 346789 0 1788889049 89367 322867
2 5 360009 0 1788889049 89757 275050
0 10 378887 0 1788889049 177047 325704
1 10 357526 0 1788889049 178199 328130
3 5 411757 0 1788889049 178605 322180
0 11 406142 0 1788889049 267584 348470
1 11 401550 0 1788889049 267778 374589
2 6 410527 0 1788889049 267942 319419
0 12 460590 0 1788889049 344978 410704
1 12 411302 0 1788889049 345139 387454
3 6 475938 0 1788889049 345240 398022
0 13 390048 0 1788889049 425738 338978
1 13 356842 0 1788889049 425857 331999
2 7 419320 0 1788889049 426023 338094
0 14 404532 0 1788889049 504940 352789
1 14 404038 0 1788889049 505105 378791
3 7 422168 0 1788889049 505857 341891
0 15 404213 0 1788889049 610179 327537
1 15 403597 0 1788889049 610462 369275
2 8 448562 0 1788889049 610617 342702
0 16 525051 0 1788889049 779413 410586
1 16 516795 0 1788889049 779643 469729
3 8 547646 0 1788889049 779798 377846
0 17 572833 0 1788889049 865783 521531
1 17 562236 0 1788889049 865979 535447
2 9 599333 0 1788889049 866086 512363
0 18 588977 0 1788889049 945628 537852
1 18 495275 0 1788889049 946040 467761
3 9 619429 0 1788889049 946194 538648
0 19 537872 0 1788889050 26191 488616
1 19 531271 0 1788889050 26311 506100
2 10 574297 0 1788889050 26631 492742
0 20 594128 0 1788889050 126704 533814
1 20 574838 0 1788889050 127496 541254
3 10 629556 0 1788889050 127703 527860
0 21 660919 0 1788889050 258681 560886
1 21 629027 0 1788889050 258925 570905
2 11 672792 0 1788889050 259041 540200
0 22 677725 0 1788889050 370203 605999
1 22 644699 0 1788889050 370363 611738
3 11 720268 0 1788889050 371173 607460
0 23 739707 0 1788889050 489966 662986
1 23 728955 0 1788889050 490587 686328
2 12 761122 0 1788889050 491408 639672
0 24 783974 0 1788889050 596168 715703
1 24 753750 0 1788889050 596508 721128
3 12 820893 0 1788889050 596699 713647
0 25 791671 0 1788889050 696203 724818
1 25 789892 0 1788889050 696544 754331
2 13 818282 0 1788889050 697118 715493
0 26 854338 0 1788889050 790261 789845
1 26 850428 0 1788889050 790436 818037
3 13 868928 0 1788889050 790557 774263
0 27 885019 0 1788889050 891342 828688
1 27 869145 0 1788889050 891571 838286
2 14 911519 0 1788889050 891928 809605
0 28 909216 0 1788889050 979753 850586
1 28 905284 0 1788889050 979977 876407
3 14 929766 0 1788889050 980093 840792
0 29 989802 0 1788889051 69906 931837
1 29 985204 0 1788889051 70132 957287
2 15 995219 0 1788889051 70262 904474
0 30 968138 0 1788889051 155681 909108
1 30 952106 0 1788889051 155927 920398
3 15 991532 0 1788889051 156048 905201
0 31 1010150 0 1788889051 243020 951174
1 31 1000682 0 1788889051 243203 970246
2 16 1036340 0 1788889051 243368 948453
0 32 1067111 0 1788889051 359340 987154
1 32 1009967 0 1788889051 362279 970601
3 16 1113462 0 1788889051 362481 993735
0 33 1116905 0 1788889051 478695 1039302
1 33 1087318 0 1788889051 478834 1047856
2 17 1125972 0 1788889051 479633 1005431
0 34 1184283 0 1788889051 624887 1076136
1 34 1161269 0 1788889051 625037 1100803
3 17 1228167 0 1788889051 625199 1081515
0 35 1240985 0 1788889051 736001 1165519
1 35 1179048 0 1788889051 736138 1137617
2 18 1264565 0 1788889051 736257 1153053
0 36 1414574 0 1788889051 986064 1226871
1 36 1403508 0 1788889051 992481 1294591
3 18 1429850 0 1788889051 992768 1172022
0 37 1595566 0 1788889052 239988 1451281
1 37 1571948 0 1788889052 240132 1489682
2 19 1622860 0 1788889052 240256 1368431
0 38 1786136 0 1788889052 480164 1643726
1 38 1778896 0 1788889052 480631 1705551
3 19 1793998 0 1788889052 484760 1548933
0 39 1928614 0 1788889052 663000 1823039
1 39 1925701 0 1788889052 663179 1881879
2 20 1955733 0 1788889052 663397 1772161
0 40 1936201 0 1788889052 756600 1879231
1 40 1916683 0 1788889052 756845 1887535
3 20 2003990 0 1788889052 757642 1908929
0 41 1964659 0 1788889052 870097 1892696
1 41 1964470 0 1788889052 870261 1924013
2 21 2012857 0 1788889052 870698 1898443
0 42 2071033 0 1788889053 15988 1969306
1 42 2051095 0 1788889053 16861 1996953
3 21 2108228 0 1788889053 18592 1959464
0 43 2091300 0 1788889053 165964 1988891
1 43 2083184 0 1788889053 166244 2035976
2 22 2159254 0 1788889053 167167 2007010
0 44 2214574 0 1788889053 315587 2123601
1 44 2192312 0 1788889053 315766 2141460
3 22 2235887 0 1788889053 320130 2081417
0 45 2279872 0 1788889053 448500 2194184
1 45 2279093 0 1788889053 448772 2241286
2 23 2318349 0 1788889053 449187 2184456
0 46 2495181 0 1788889053 668762 2328706
1 46 2484283 0 1788889053 668935 2405485
3 23 2505763 0 1788889053 675781 2278198
3 24 2563210 0 1788889053 876565 2559211
0 47 2659376 0 1788889053 915983 2500847
1 47 2649521 0 1788889053 916134 2550832
2 24 2668697 0 1788889053 916255 2402481
0 48 2743729 0 1788889054 100197 2612535
1 48 2739268 0 1788889054 100417 2660912
3 25 2765270 0 1788889054 105669 2575203
0 49 2867612 0 1788889054 328080 2722867
1 49 2867038 0 1788889054 332856 2806592
2 25 2874632 0 1788889054 333428 2641180
0 50 2950896 0 1788889054 495274 2840800
1 50 2938668 0 1788889054 495479 2888134
3 26 3014839 0 1788889054 495635 2846889
0 51 3101808 0 1788889054 695027 2982685
1 51 3057111 0 1788889054 696861 3011650
2 26 3110137 0 1788889054 697125 2908011
0 52 3185701 0 1788889054 858405 3074985
1 52 3185460 0 1788889054 858615 3127309
3 27 3200055 0 1788889054 859293 3035534
0 53 3241255 0 1788889054 957500 3176998
1 53 3238670 0 1788889054 957730 3206951
2 27 3283990 0 1788889054 957893 3184211
0 54 3316871 0 1788889055 52770 3258119
1 54 3302477 0 1788889055 53086 3272916
3 28 3332169 0 1788889055 53524 3235934
0 55 3362608 0 1788889055 143186 3304039
1 55 3340006 0 1788889055 143444 3311134
2 28 3368313 0 1788889055 143577 3277249
0 56 3387753 0 1788889055 238243 3324720
1 56 3384140 0 1788889055 238435 3351597
3 29 3406142 0 1788889055 238872 3310178
0 57 3432034 0 1788889055 347622 3358296
1 57 3413051 0 1788889055 347758 3374548
2 29 3475006 0 1788889055 347920 3365047
0 58 3489642 0 1788889055 481479 3408720
1 58 3454861 0 1788889055 481662 3416405
3 30 3501945 0 1788889055 481785 3367544
0 59 3507405 0 1788889055 599902 3428862
1 59 3435547 0 1788889055 600045 3400833
2 30 3565323 0 1788889055 600205 3446330
0 60 3345765 0 1788889055 654327 3342685
1 60 3411388 0 1788889055 786132 3322113
2 31 3412750 0 1788889055 789037 3361425
3 31 3566169 0 1788889055 790479 3375343
0 61 3531333 0 1788889055 925405 3391462
1 61 3477714 0 1788889055 925581 3387273
2 32 3442840 0 1788889055 925729 3399220
0 62 3597330 0 1788889056 98283 3478603
1 62 3596485 0 1788889056 98467 3543126
3 32 3605276 0 1788889056 98585 3431516
0 63 3726685 0 1788889056 245648 3632713
1 63 3727051 0 1788889056 246260 3676012
2 33 3742676 0 1788889056 246804 3593762
0 64 3822659 0 1788889056 361187 3743315
1 64 3822170 0 1788889056 361355 3784667
3 33 3833748 0 1788889056 361533 3716551
0 65 3892769 0 1788889056 454485 3836024
1 65 3864230 0 1788889056 454705 3835287
2 34 3896485 0 1788889056 455092 3802270
0 66 3918203 0 1788889056 551818 3853673
1 66 3898207 0 1788889056 552041 3865633
3 34 3928706 0 1788889056 552493 3830444
0 67 4005509 0 1788889056 676295 3925466
1 67 3994128 0 1788889056 676774 3945065
2 35 4017718 0 1788889056 677172 3892108
0 68 4155795 0 1788889056 848700 4038354
1 68 4154837 0 1788889056 848994 4106143
3 35 4159197 0 1788889056 849177 3982318
0 69 4272963 0 1788889056 977709 4183037
1 69 4252657 0 1788889056 977898 4206494
2 36 4281485 0 1788889056 978075 4151862
1 70 4295861 0 1788889057 60351 4290295
0 70 4370934 0 1788889057 123184 4268490
2 37 4351256 0 1788889057 123429 4319519
3 36 4382057 0 1788889057 123565 4235972
0 71 4436618 0 1788889057 224841 4374354
1 71 4442568 0 1788889057 224983 4340546
2 38 4418431 0 1788889057 225095 4387733
0 72 4527069 0 1788889057 341175 4450720
1 72 4521154 0 1788889057 341440 4490256
3 37 4531864 0 1788889057 341598 4414909
0 73 4618223 0 1788889057 451303 4543371
1 73 4581509 0 1788889057 451470 4543205
2 39 4622616 0 1788889057 451674 4511916
0 74 4600527 0 1788889057 544784 4541831
1 74 4549251 0 1788889057 545041 4521915
3 38 4637935 0 1788889057 545254 4543750
0 75 4642322 0 1788889057 656051 4573693
1 75 4617135 0 1788889057 656649 4579393
2 40 4660491 0 1788889057 656911 4548080
0 76 4681308 0 1788889057 758874 4623057
1 76 4657005 0 1788889057 759119 4630089
3 39 4703795 0 1788889057 759322 4599414
0 77 4730748 0 1788889057 852373 4670151
1 77 4718063 0 1788889057 852557 4686079
2 41 4746083 0 1788889057 852674 4652052
0 78 4799003 0 1788889057 980688 4719355
1 78 4793668 0 1788889057 980869 4749640
3 40 4807142 0 1788889057 980984 4678265
0 79 4856875 0 1788889058 104446 4780623
1 79 4789246 0 1788889058 104655 4750181
2 42 4913759 0 1788889058 107146 4787099
0 80 4888792 0 1788889058 212706 4844976
3 41 4894492 0 1788889058 213361 4785290
1 80 4896091 0 1788889058 221912 4886653
