0 1 118295 0 1788889038 222517 26159
1 1 102514 0 1788889038 223268 44241
2 1 101976 0 1788889038 223419 69000
0 2 164054 0 1788889038 305311 106264
1 2 136101 0 1788889038 305496 111335
3 1 167542 0 1788889038 305654 84224
0 3 157733 0 1788889038 384094 103857
1 3 137839 0 1788889038 384254 106832
2 2 201726 0 1788889038 384561 122303
0 4 200463 0 1788889038 464943 149125
1 4 192257 0 1788889038 465180 164937
3 2 205595 0 1788889038 465287 124215
0 5 243779 0 1788889038 540045 195968
1 5 237548 0 1788889038 540179 213281
2 3 260494 0 1788889038 541204 183576
0 6 271346 0 1788889038 615857 220666
1 6 247654 0 1788889038 616035 221760
3 3 307041 0 1788889038 616186 230698
0 7 211380 0 1788889038 699866 157071
1 7 204454 0 1788889038 700092 176234
2 4 314884 0 1788889038 700250 230305
0 8 262208 0 1788889038 784412 208890
1 8 218645 0 1788889038 784668 193239
3 4 264038 0 1788889038 784779 178755
0 9 288221 0 1788889038 871798 230450
1 9 276858 0 1788889038 871984 244100
2 5 289888 0 1788889038 872184 201584
0 10 320909 0 1788889038 971617 250158
1 10 299004 0 1788889038 972225 266740
3 5 353025 0 1788889038 972420 252208
0 11 341833 0 1788889039 55823 292181
1 11 337205 0 1788889039 55981 313378
2 6 346173 0 1788889039 56135 261433
0 12 423789 0 1788889039 160725 353057
1 12 374532 0 1788889039 160917 333653
3 6 439173 0 1788889039 161023 333770
0 13 357276 0 1788889039 245514 301261
1 13 324171 0 1788889039 245735 295260
2 7 386645 0 1788889039 245896 301254
0 14 365488 0 1788889039 318444 318818
1 14 365024 0 1788889039 318639 340938
3 7 383524 0 1788889039 319761 309062
0 15 334629 0 1788889039 393143 287694
1 15 333890 0 1788889039 393304 311111
2 8 378845 0 1788889039 393448 303655
0 16 355495 0 1788889039 462406 308269
1 16 347175 0 1788889039 462572 322758
3 8 378021 0 1788889039 462721 308277
0 17 392768 0 1788889039 538267 340937
1 17 382413 0 1788889039 538705 353909
2 9 419731 0 1788889039 539032 342916
0 18 407769 0 1788889039 616968 356898
1 18 313823 0 1788889039 617136 287416
3 9 437920 0 1788889039 617232 358242
0 19 348487 0 1788889039 689354 302555
1 19 342024 0 1788889039 689611 317718
2 10 384874 0 1788889039 689756 311928
0 20 374235 0 1788889039 759359 329423
1 20 354322 0 1788889039 759524 331303
3 10 409001 0 1788889039 759696 338449
0 21 377982 0 1788889039 828292 331725
1 21 346110 0 1788889039 828556 323587
2 11 389863 0 1788889039 828659 320378
0 22 351412 0 1788889039 896438 306257
1 22 318372 0 1788889039 896584 294715
3 11 393241 0 1788889039 896694 324687
0 23 356958 0 1788889039 959765 315716
1 23 346302 0 1788889039 960483 325123
2 12 377763 0 1788889039 960597 313357
0 24 360364 0 1788889040 25105 316272
1 24 329944 0 1788889040 25250 306996
3 12 396993 0 1788889040 25347 331260
0 25 333787 0 1788889040 90867 289289
1 25 331820 0 1788889040 91021 306898
2 13 359773 0 1788889040 91156 293570
0 26 368912 0 1788889040 157383 324195
1 26 365033 0 1788889040 157588 341927
3 13 383504 0 1788889040 157681 316457
0 27 368698 0 1788889040 227568 319868
1 27 352751 0 1788889040 227726 328407
2 14 394932 0 1788889040 227889 324261
0 28 389369 0 1788889040 312454 334849
1 28 385788 0 1788889040 313030 354422
3 14 410274 0 1788889040 313148 324553
0 29 462229 0 1788889040 394881 411808
1 29 457626 0 1788889040 395103 432301
2 15 467604 0 1788889040 395195 384437
0 30 433491 0 1788889040 473582 386827
1 30 417712 0 1788889040 474081 394312
3 15 457229 0 1788889040 474294 377676
0 31 466051 0 1788889040 551469 417256
1 31 456571 0 1788889040 551641 432987
2 16 492406 0 1788889040 551982 413756
0 32 491851 0 1788889040 636628 437145
1 32 432539 0 1788889040 637400 403131
3 16 536021 0 1788889040 637588 449413
0 33 515902 0 1788889040 730240 453740
1 33 486342 0 1788889040 730407 457841
2 17 524344 0 1788889040 730553 430048
0 34 514025 0 1788889040 807178 460668
1 34 491061 0 1788889040 807377 460983
3 17 557973 0 1788889040 807554 480447
0 35 532021 0 1788889040 879586 484246
1 35 470431 0 1788889040 880069 445572
2 18 555931 0 1788889040 880172 482710
0 36 545124 0 1788889040 969162 484853
1 36 527973 0 1788889040 969494 497419
3 18 554875 0 1788889040 970341 463925
0 37 571828 0 1788889041 68797 504579
1 37 548178 0 1788889041 68910 514725
2 19 599052 0 1788889041 68996 498576
0 38 619984 0 1788889041 166560 557421
1 38 612812 0 1788889041 167095 579797
3 19 624330 0 1788889041 167640 525308
0 39 662850 0 1788889041 249784 610359
1 39 660076 0 1788889041 250103 632890
2 20 690048 0 1788889041 250260 606117
0 40 663773 0 1788889041 336719 608254
1 40 644177 0 1788889041 336887 616678
3 20 731096 0 1788889041 337296 643069
0 41 693405 0 1788889041 451395 616395
1 41 693308 0 1788889041 451646 653726
2 21 741412 0 1788889041 451800 626116
0 42 756846 0 1788889041 554349 685646
1 42 736711 0 1788889041 555025 704615
3 21 793957 0 1788889041 556869 688285
0 43 751017 0 1788889041 678230 662347
1 43 742925 0 1788889041 678533 704850
2 22 824234 0 1788889041 684695 693406
0 44 850339 0 1788889041 803901 773409
1 44 828054 0 1788889041 804055 791866
3 22 868298 0 1788889041 805090 741250
0 45 913468 0 1788889041 934643 823097
1 45 915976 0 1788889041 938204 852132
2 23 956681 0 1788889041 940067 820239
0 46 1018306 0 1788889042 44434 961972
1 46 1007600 0 1788889042 44799 976110
3 23 1022741 0 1788889042 45380 906936
3 24 989136 0 1788889042 155037 984031
0 47 1077598 0 1788889042 186753 965524
1 47 1067872 0 1788889042 187033 987012
2 24 1089483 0 1788889042 189589 944118
0 48 1057667 0 1788889042 266683 1007625
1 48 1053099 0 1788889042 266796 1028841
3 25 1078247 0 1788889042 271194 993037
0 49 1034329 0 1788889042 347345 982276
1 49 1029690 0 1788889042 348056 1002536
2 25 1036877 0 1788889042 348220 955155
0 50 1023418 0 1788889042 420343 975291
1 50 1011218 0 1788889042 420576 987640
3 26 1087389 0 1788889042 420732 1013811
0 51 1052842 0 1788889042 498608 1002427
1 51 1006464 0 1788889042 498763 983404
2 26 1059396 0 1788889042 498931 980587
0 52 1056446 0 1788889042 581698 1001899
1 52 1056522 0 1788889042 582225 1030072
3 27 1070631 0 1788889042 582416 986617
0 53 1102890 0 1788889042 671684 1044372
1 53 1100237 0 1788889042 671845 1070515
2 27 1146691 0 1788889042 673142 1055071
0 54 1161635 0 1788889042 750082 1112122
1 54 1147120 0 1788889042 750276 1121953
3 28 1176511 0 1788889042 750415 1097602
0 55 1192301 0 1788889042 825428 1141502
1 55 1169910 0 1788889042 825896 1142904
2 28 1198447 0 1788889042 826260 1121986
0 56 1212535 0 1788889042 915573 1146572
1 56 1208853 0 1788889042 915695 1174086
3 29 1230512 0 1788889042 915790 1139908
0 57 1247903 0 1788889043 16039 1184674
1 57 1229322 0 1788889043 16577 1196082
2 29 1291852 0 1788889043 17315 1187559
0 58 1255047 0 1788889043 99432 1198065
1 58 1220249 0 1788889043 99599 1186709
3 30 1267361 0 1788889043 99748 1183188
0 59 1257203 0 1788889043 202247 1192070
1 59 1185312 0 1788889043 202357 1152439
2 30 1315102 0 1788889043 202532 1211767
0 60 1137650 0 1788889043 298759 1073610
1 60 1071620 0 1788889043 298911 1042798
3 31 1222133 0 1788889043 298991 1125200
0 61 1158700 0 1788889043 405319 1086323
1 61 1107773 0 1788889043 408187 1068215
2 31 1179654 0 1788889043 408488 1069724
0 62 1161301 0 1788889043 507158 1100293
1 62 1154163 0 1788889043 507665 1125675
3 32 1172718 0 1788889043 508155 1069397
0 63 1245363 0 1788889043 602039 1178453
1 63 1230806 0 1788889043 602317 1203955
2 32 1247908 0 1788889043 602438 1152443
0 64 1321134 0 1788889043 701467 1252116
1 64 1310632 0 1788889043 701708 1273034
3 33 1330052 0 1788889043 701808 1230092
0 65 1371363 0 1788889043 782518 1317617
1 65 1368455 0 1788889043 782719 1342935
2 33 1391105 0 1788889043 782839 1309526
0 66 1400623 0 1788889043 876957 1341219
1 66 1390950 0 1788889043 877113 1360735
3 34 1434234 0 1788889043 877257 1339201
0 67 1467239 0 1788889043 979241 1394031
1 67 1456036 0 1788889043 979369 1422855
2 34 1473085 0 1788889043 979467 1370411
0 68 1563462 0 1788889044 105991 1474810
1 68 1560710 0 1788889044 106163 1516070
3 35 1571130 0 1788889044 106324 1443522
0 69 1681374 0 1788889044 230512 1609464
1 69 1673431 0 1788889044 230725 1640404
2 35 1684192 0 1788889044 230897 1558735
0 70 1720591 0 1788889044 314646 1666882
1 70 1710530 0 1788889044 315327 1682283
3 36 1737652 0 1788889044 315441 1652503
0 71 1787488 0 1788889044 412209 1722055
1 71 1777490 0 1788889044 412454 1746168
2 36 1795570 0 1788889044 412608 1697397
2 37 1841962 0 1788889044 508616 1838304
0 72 1884387 0 1788889044 543598 1781791
1 72 1881491 0 1788889044 543773 1810437
3 37 1903147 0 1788889044 543918 1771201
0 73 1953841 0 1788889044 635447 1889965
1 73 1949995 0 1788889044 635623 1915968
2 38 1963168 0 1788889044 636002 1870574
0 74 1960419 0 1788889044 720286 1904915
1 74 1923820 0 1788889044 720624 1894338
3 38 1998223 0 1788889044 720732 1912509
0 75 1945771 0 1788889044 794738 1898460
1 75 1928578 0 1788889044 794854 1904361
2 39 1946603 0 1788889044 794941 1871736
0 76 1958950 0 1788889044 867026 1910938
1 76 1937027 0 1788889044 867140 1913594
3 39 1975183 0 1788889044 867245 1902464
0 77 1984529 0 1788889044 943668 1938635
1 77 1969699 0 1788889044 943872 1945774
2 40 1989567 0 1788889044 944229 1912192
0 78 1989120 0 1788889045 15510 1942843
1 78 1982135 0 1788889045 16368 1957530
3 40 2029796 0 1788889045 16839 1956410
0 79 2040008 0 1788889045 85940 1993437
1 79 1985968 0 1788889045 86087 1962350
2 41 2046470 0 1788889045 86218 1975490
0 80 1986095 0 1788889045 157513 1939711
1 80 1981198 0 1788889045 157660 1957364
3 41 1989846 0 1788889045 157803 1917783
0 81 2044292 0 1788889045 226197 2000064
1 81 2044532 0 1788889045 227145 2020332
2 42 2049289 0 1788889045 227657 1978948
0 82 2094406 0 1788889045 302129 2043604
1 82 2084053 0 1788889045 303124 2055558
3 42 2110123 0 1788889045 303311 2032864
0 83 2079804 0 1788889045 396740 2018618
1 83 2021930 0 1788889045 396923 1991595
2 43 2143124 0 1788889045 397193 2047890
0 84 2048286 0 1788889045 474339 1998375
1 84 2021721 0 1788889045 474531 1998438
3 43 2059524 0 1788889045 474674 1981367
0 85 2086276 0 1788889045 545294 2038987
1 85 2058500 0 1788889045 545507 2034386
2 44 2090318 0 1788889045 545623 2018804
0 86 2060642 0 1788889045 625246 2005498
1 86 2055468 0 1788889045 625359 2028203
3 44 2069219 0 1788889045 626025 1988217
0 87 2129159 0 1788889045 711143 2072661
1 87 2111144 0 1788889045 711789 2085573
2 45 2133244 0 1788889045 712180 2046100
0 88 2085740 0 1788889045 795574 2034666
1 88 2071894 0 1788889045 795742 2043876
3 45 2168342 0 1788889045 796645 2082238
0 89 2112641 0 1788889045 863642 2069538
1 89 2085852 0 1788889045 863806 2062997
2 46 2124893 0 1788889045 863944 2056328
0 90 2145589 0 1788889045 950746 2085083
1 90 2114559 0 1788889045 950948 2082175
3 46 2167867 0 1788889045 951665 2079719
0 91 2123936 0 1788889046 25202 2076461
1 91 2112375 0 1788889046 25408 2088497
2 47 2138062 0 1788889046 25565 2063050
0 92 2130464 0 1788889046 92602 2090362
1 92 2117248 0 1788889046 92835 2096646
3 47 2164576 0 1788889046 93998 2095623
0 93 2192491 0 1788889046 173885 2136910
1 93 2155801 0 1788889046 174004 2124397
2 48 2193596 0 1788889046 174175 2111826
0 94 2145400 0 1788889046 275600 2076442
1 94 2111606 0 1788889046 275955 2076956
3 48 2176075 0 1788889046 276054 2073695
0 95 2187729 0 1788889046 372752 2130106
1 95 2175970 0 1788889046 373191 2142735
2 49 2200915 0 1788889046 374827 2101191
0 96 2250702 0 1788889046 451797 2200160
1 96 2238480 0 1788889046 451945 2212701
3 49 2254026 0 1788889046 452218 2174326
0 97 2249406 0 1788889046 529094 2198145
1 97 2236001 0 1788889046 529306 2208860
2 50 2311672 0 1788889046 529586 2233228
0 98 2286899 0 1788889046 616094 2227533
1 98 2266045 0 1788889046 616284 2232507
3 50 2304919 0 1788889046 616535 2217268
0 99 2333651 0 1788889046 691536 2288228
1 99 2274277 0 1788889046 691700 2250641
2 51 2338566 0 1788889046 691867 2262609
0 100 2330507 0 1788889046 765909 2281828
1 100 2325455 0 1788889046 766125 2298680
3 51 2333506 0 1788889046 766226 2258605
0 101 2391000 0 1788889046 845626 2340132
1 101 2377496 0 1788889046 845899 2350320
2 52 2392139 0 1788889046 846371 2311443
0 102 2462196 0 1788889046 945220 2397255
1 102 2461031 0 1788889046 945457 2429139
3 52 2463514 0 1788889046 945615 2363161
0 103 2545128 0 1788889047 40560 2483897
1 103 2488868 0 1788889047 41225 2461696
2 53 2548216 0 1788889047 41397 2451800
0 104 2564954 0 1788889047 129250 2507849
1 104 2560337 0 1788889047 129453 2534241
3 53 2575205 0 1788889047 129577 2485911
0 105 2610433 0 1788889047 214083 2560588
1 105 2596885 0 1788889047 214216 2572043
2 54 2620828 0 1788889047 214388 2535443
0 106 2653880 0 1788889047 296615 2596512
1 106 2651246 0 1788889047 296812 2620441
3 54 2662883 0 1788889047 296972 2579802
0 107 2734291 0 1788889047 412972 2656395
1 107 2732629 0 1788889047 415593 2685678
2 55 2765445 0 1788889047 415761 2645976
0 108 2782926 0 1788889047 528668 2709807
1 108 2760689 0 1788889047 528870 2716278
3 55 2799456 0 1788889047 528980 2683232
0 109 2822132 0 1788889047 611264 2770934
1 109 2821296 0 1788889047 611454 2797185
2 56 2825628 0 1788889047 613458 2740622
0 110 2863409 0 1788889047 699268 2808349
1 110 2858194 0 1788889047 699470 2831397
3 56 2888942 0 1788889047 699629 2799923
0 111 2885595 0 1788889047 790031 2826728
1 111 2878874 0 1788889047 790772 2849686
2 57 2891466 0 1788889047 790974 2799536
0 112 2946288 0 1788889047 871655 2893181
1 112 2920800 0 1788889047 871978 2890058
3 57 2953993 0 1788889047 872087 2871743
0 113 2929406 0 1788889047 967924 2867614
1 113 2910822 0 1788889047 968106 2878977
2 58 3012530 0 1788889047 968257 2915739
0 114 2981213 0 1788889048 61619 2917564
1 114 2959965 0 1788889048 63235 2925819
3 58 2992861 0 1788889048 63761 2896815
2 59 2952998 0 1788889048 65700 2948557
