4 1 112542 0 1788889038 210387 28251
5 1 103834 0 1788889038 212140 49665
6 1 103388 0 1788889038 212239 75043
4 2 167276 0 1788889038 298752 111940
5 2 163623 0 1788889038 299163 138138
7 1 189786 0 1788889038 299884 100079
4 3 208587 0 1788889038 376771 157581
5 3 204888 0 1788889038 376964 174883
6 2 214009 0 1788889038 377102 135407
4 4 261766 0 1788889038 446801 215726
5 4 256246 0 1788889038 446910 232101
7 2 272565 0 1788889038 447066 202102
4 5 326884 0 1788889038 529712 275229
5 5 308083 0 1788889038 529915 277919
6 3 331488 0 1788889038 530837 247271
4 6 351158 0 1788889038 599922 303645
5 6 331823 0 1788889038 600589 308417
7 3 354131 0 1788889038 600863 282804
4 7 381789 0 1788889038 692239 325648
5 7 361774 0 1788889038 692489 332794
6 4 397209 0 1788889038 692657 304230
4 8 418582 0 1788889038 777930 364351
5 8 353686 0 1788889038 778140 328044
7 4 420389 0 1788889038 778285 334160
4 9 424970 0 1788889038 860254 374320
5 9 421182 0 1788889038 860715 395513
6 5 427701 0 1788889038 860867 344572
4 10 479642 0 1788889038 954097 415248
5 10 456150 0 1788889038 954846 426562
7 5 492073 0 1788889038 955006 397138
4 11 504716 0 1788889039 49361 451834
5 11 483152 0 1788889039 49513 460659
6 6 515989 0 1788889039 49651 420243
4 12 508663 0 1788889039 137954 447105
5 12 414616 0 1788889039 138277 373723
7 6 516769 0 1788889039 138425 427537
4 13 475596 0 1788889039 218898 424838
5 13 438368 0 1788889039 219062 412615
6 7 488596 0 1788889039 219160 407033
4 14 509561 0 1788889039 296759 462939
5 14 506840 0 1788889039 296936 482659
7 7 515209 0 1788889039 297737 436227
4 15 574030 0 1788889039 372657 522561
5 15 568079 0 1788889039 372816 543257
6 8 576897 0 1788889039 372945 500535
4 16 577852 0 1788889039 443499 531480
5 16 551042 0 1788889039 443642 526816
7 8 617747 0 1788889039 443737 546471
4 17 587052 0 1788889039 513599 539593
5 17 569189 0 1788889039 513757 544470
6 9 599139 0 1788889039 513900 528581
4 18 610365 0 1788889039 596444 557010
5 18 555778 0 1788889039 596603 528092
7 9 615024 0 1788889039 596762 531629
4 19 552774 0 1788889039 666578 508640
5 19 550876 0 1788889039 666767 529691
6 10 601794 0 1788889039 666920 531095
4 20 596877 0 1788889039 740659 552236
5 20 565926 0 1788889039 740879 542916
7 10 619540 0 1788889039 741029 544948
4 21 587899 0 1788889039 809029 542626
5 21 572952 0 1788889039 809218 548824
6 11 618664 0 1788889039 809320 549638
4 22 614902 0 1788889039 880131 570246
5 22 606220 0 1788889039 880376 583361
7 11 627847 0 1788889039 880559 556159
4 23 614457 0 1788889039 948384 570560
5 23 610494 0 1788889039 948985 589206
6 12 666525 0 1788889039 949072 597359
4 24 656852 0 1788889040 15166 614545
5 24 611801 0 1788889040 15293 591390
7 12 669977 0 1788889040 15405 602753
4 25 663469 0 1788889040 79569 621562
5 25 651378 0 1788889040 79747 629276
6 13 665411 0 1788889040 79879 600525
4 26 686081 0 1788889040 148704 641406
5 26 657536 0 1788889040 148852 634711
7 13 718970 0 1788889040 148980 649400
4 27 681131 0 1788889040 221988 631803
5 27 659661 0 1788889040 222196 634219
6 14 730298 0 1788889040 222557 656270
4 28 735483 0 1788889040 307933 679134
5 28 719770 0 1788889040 308135 692982
7 14 743426 0 1788889040 308349 656898
4 29 737723 0 1788889040 394491 685885
5 29 727355 0 1788889040 394696 700880
6 15 743215 0 1788889040 395287 655684
4 30 800844 0 1788889040 475815 754217
5 30 777244 0 1788889040 475924 754148
7 15 801738 0 1788889040 476009 720040
4 31 824839 0 1788889040 551498 773620
5 31 819112 0 1788889040 551656 794513
6 16 834262 0 1788889040 551777 758122
4 32 867019 0 1788889040 629450 815291
5 32 850446 0 1788889040 630219 823264
7 16 897802 0 1788889040 630416 818523
4 33 914475 0 1788889040 716380 856046
5 33 904149 0 1788889040 716912 878037
6 17 917151 0 1788889040 719013 827340
4 34 969101 0 1788889040 797852 917094
5 34 958569 0 1788889040 797976 931373
7 17 979535 0 1788889040 798075 897474
4 35 964816 0 1788889040 875894 915827
5 35 964840 0 1788889040 876066 939380
6 18 975883 0 1788889040 876203 897245
4 36 1022101 0 1788889040 968868 964174
5 36 999460 0 1788889040 968998 972072
7 18 1042054 0 1788889040 969639 948135
4 37 1086761 0 1788889041 67134 1020159
5 37 1075763 0 1788889041 67307 1042638
6 19 1093013 0 1788889041 67462 994037
4 38 1140260 0 1788889041 162887 1077656
5 38 1133953 0 1788889041 163080 1100318
7 19 1164945 0 1788889041 163196 1068665
4 39 1214329 0 1788889041 252511 1160980
5 39 1193521 0 1788889041 252683 1165554
6 20 1222510 0 1788889041 252840 1132342
4 40 1235647 0 1788889041 334734 1181595
5 40 1226108 0 1788889041 334902 1195997
7 20 1241792 0 1788889041 335828 1158349
4 41 1329511 0 1788889041 459864 1250770
5 41 1297583 0 1788889041 460029 1252639
6 21 1344669 0 1788889041 460127 1219038
4 42 1368906 0 1788889041 570248 1308073
5 42 1365256 0 1788889041 570595 1338302
7 21 1399299 0 1788889041 571132 1287702
4 43 1462501 0 1788889041 700206 1387307
5 43 1456766 0 1788889041 700424 1418619
6 22 1464927 0 1788889041 700577 1333573
4 44 1542971 0 1788889041 808133 1471312
5 44 1520654 0 1788889041 808348 1482846
7 22 1548025 0 1788889041 808466 1439159
7 23 1588976 0 1788889041 960554 1583691
4 45 1644420 0 1788889041 992094 1503261
5 45 1634319 0 1788889041 992274 1536154
6 23 1653900 0 1788889041 992398 1469460
5 46 1521791 0 1788889042 52021 1518677
4 46 1651733 0 1788889042 115120 1554672
6 24 1570738 0 1788889042 115604 1536533
7 24 1694510 0 1788889042 115793 1570620
4 47 1597858 0 1788889042 223205 1538410
5 47 1652163 0 1788889042 223377 1543725
6 25 1590539 0 1788889042 223531 1563096
4 48 1632798 0 1788889042 303887 1581750
5 48 1610311 0 1788889042 304653 1586817
7 25 1661967 0 1788889042 304860 1580096
4 49 1659927 0 1788889042 383441 1605339
5 49 1613566 0 1788889042 383564 1589807
6 26 1685229 0 1788889042 383712 1605225
4 50 1628192 0 1788889042 457367 1576492
5 50 1598603 0 1788889042 457976 1572854
7 26 1646493 0 1788889042 458159 1571577
4 51 1678460 0 1788889042 542679 1617382
5 51 1678682 0 1788889042 543112 1645002
6 27 1683211 0 1788889042 543310 1595776
4 52 1722690 0 1788889042 633785 1659762
5 52 1719023 0 1788889042 633998 1685840
7 27 1741294 0 1788889042 634689 1648189
4 53 1753330 0 1788889042 720152 1702290
5 53 1688510 0 1788889042 720381 1663662
6 28 1754168 0 1788889042 720728 1667015
4 54 1737295 0 1788889042 798503 1688128
5 54 1720063 0 1788889042 798681 1696037
7 28 1755131 0 1788889042 799261 1675837
4 55 1786997 0 1788889042 882583 1735312
5 55 1786054 0 1788889042 882803 1762858
6 29 1796171 0 1788889042 882954 1711541
4 56 1851129 0 1788889042 978546 1784288
5 56 1804577 0 1788889042 978720 1774150
7 29 1884633 0 1788889042 981841 1785082
4 57 1887275 0 1788889043 70258 1828648
5 57 1879882 0 1788889043 70420 1848701
6 30 1888473 0 1788889043 70567 1796193
4 58 1909809 0 1788889043 168740 1838527
5 58 1842554 0 1788889043 168946 1809576
7 30 1971227 0 1788889043 169332 1871997
4 59 1866740 0 1788889043 260724 1806796
5 59 1859218 0 1788889043 260903 1825405
6 31 1888256 0 1788889043 261244 1795565
4 60 1917605 0 1788889043 359923 1852019
5 60 1895682 0 1788889043 360020 1863819
7 31 1941892 0 1788889043 360078 1842304
4 61 1854538 0 1788889043 465492 1787753
5 61 1852613 0 1788889043 465664 1818123
6 32 1915747 0 1788889043 465769 1809736
4 62 1912507 0 1788889043 549007 1858175
5 62 1905599 0 1788889043 549298 1874939
7 32 1914004 0 1788889043 549649 1829602
4 63 1954051 0 1788889043 641985 1896343
5 63 1921961 0 1788889043 642207 1892247
6 33 1967553 0 1788889043 642408 1873894
4 64 1944928 0 1788889043 725906 1891598
5 64 1943559 0 1788889043 726111 1915215
7 33 1988073 0 1788889043 726489 1903343
4 65 1986007 0 1788889043 802936 1933542
5 65 1975255 0 1788889043 803243 1946134
6 34 1988284 0 1788889043 803769 1910227
4 66 2054976 0 1788889043 901519 1995175
5 66 2043899 0 1788889043 901758 2013920
7 34 2059002 0 1788889043 901912 1959841
4 67 2123996 0 1788889044 7965 2054567
5 67 2077710 0 1788889044 9041 2039288
6 35 2151996 0 1788889044 10721 2042566
4 68 2160089 0 1788889044 141979 2070726
5 68 2142371 0 1788889044 142273 2097171
7 35 2198232 0 1788889044 142492 2062898
4 69 2249435 0 1788889044 261109 2184059
5 69 2222920 0 1788889044 261863 2192046
6 36 2262076 0 1788889044 262546 2141268
4 70 2297193 0 1788889044 342846 2245697
5 70 2276558 0 1788889044 343350 2250696
7 36 2303922 0 1788889044 343464 2221318
4 71 2302876 0 1788889044 434930 2244462
5 71 2291433 0 1788889044 435229 2262676
6 37 2336965 0 1788889044 435394 2243567
4 72 2349950 0 1788889044 531207 2287360
5 72 2333416 0 1788889044 531727 2304784
7 37 2353235 0 1788889044 531885 2254983
4 73 2364091 0 1788889044 620159 2306281
5 73 2358245 0 1788889044 620407 2324850
6 38 2405501 0 1788889044 622291 2314193
4 74 2393898 0 1788889044 712521 2336385
5 74 2384548 0 1788889044 712790 2355699
7 38 2412815 0 1788889044 713236 2319503
4 75 2398880 0 1788889044 789991 2350969
5 75 2385967 0 1788889044 790126 2361535
6 39 2424371 0 1788889044 790302 2346218
4 76 2376592 0 1788889044 867134 2328503
5 76 2342565 0 1788889044 867291 2318847
7 39 2429331 0 1788889044 867431 2351708
4 77 2412875 0 1788889044 946350 2364262
5 77 2394633 0 1788889044 946480 2370214
6 40 2421712 0 1788889044 947208 2341458
4 78 2385106 0 1788889045 15426 2339682
5 78 2346181 0 1788889045 15692 2322439
7 40 2461041 0 1788889045 15848 2391333
4 79 2321910 0 1788889045 85308 2276003
5 79 2318603 0 1788889045 85548 2295524
6 41 2357428 0 1788889045 85651 2286998
4 80 2352218 0 1788889045 156938 2304623
5 80 2347670 0 1788889045 157176 2323157
7 41 2366371 0 1788889045 157312 2294192
4 81 2345650 0 1788889045 225132 2302174
5 81 2342638 0 1788889045 225325 2320035
6 42 2369926 0 1788889045 225422 2301261
4 82 2339039 0 1788889045 297986 2290014
5 82 2294227 0 1788889045 298209 2267222
7 42 2389552 0 1788889045 298589 2315919
4 83 2352665 0 1788889045 398650 2293335
5 83 2347411 0 1788889045 399011 2318974
6 43 2380990 0 1788889045 400271 2278509
4 84 2361177 0 1788889045 485168 2306031
5 84 2352704 0 1788889045 485497 2323605
7 43 2416360 0 1788889045 485662 2328227
4 85 2403535 0 1788889045 556200 2355157
5 85 2397924 0 1788889045 556428 2372740
6 44 2415943 0 1788889045 556613 2344339
4 86 2445629 0 1788889045 642330 2389252
5 86 2390816 0 1788889045 642613 2361122
7 44 2457246 0 1788889045 646389 2366882
4 87 2374466 0 1788889045 727056 2317458
5 87 2371293 0 1788889045 727241 2343349
6 45 2464427 0 1788889045 727382 2379206
4 88 2351052 0 1788889045 805834 2298178
5 88 2345326 0 1788889045 805956 2315632
7 45 2427775 0 1788889045 809420 2345219
4 89 2392198 0 1788889045 878857 2346613
5 89 2388294 0 1788889045 879187 2365019
6 46 2392976 0 1788889045 879331 2319293
4 90 2472957 0 1788889045 968093 2409785
5 90 2451844 0 1788889045 968731 2421008
7 46 2475488 0 1788889045 968953 2384869
4 91 2441562 0 1788889046 39261 2396616
5 91 2435403 0 1788889046 39405 2413728
6 47 2498330 0 1788889046 39538 2426688
4 92 2465633 0 1788889046 104604 2422435
5 92 2411990 0 1788889046 104796 2388757
7 47 2476507 0 1788889046 104940 2410668
4 93 2417073 0 1788889046 186780 2359577
5 93 2356609 0 1788889046 186942 2325325
6 48 2464788 0 1788889046 187116 2382108
4 94 2431880 0 1788889046 278487 2367305
5 94 2420254 0 1788889046 279865 2385086
7 48 2441306 0 1788889046 279954 2347878
4 95 2483917 0 1788889046 366136 2427461
5 95 2469731 0 1788889046 366397 2440548
6 49 2485233 0 1788889046 366976 2396466
4 96 2506595 0 1788889046 450581 2451801
5 96 2505637 0 1788889046 450765 2478852
7 49 2547445 0 1788889046 450922 2462162
4 97 2562983 0 1788889046 534332 2511609
5 97 2540026 0 1788889046 534916 2512173
6 50 2575325 0 1788889046 535998 2489721
4 98 2598175 0 1788889046 623986 2535947
5 98 2594836 0 1788889046 624102 2557355
7 50 2620964 0 1788889046 624744 2530317
4 99 2662918 0 1788889046 702144 2614575
5 99 2651219 0 1788889046 702335 2624000
6 51 2668290 0 1788889046 702439 2586960
4 100 2686118 0 1788889046 784373 2635104
5 100 2681069 0 1788889046 784584 2656443
7 51 2713768 0 1788889046 784789 2630931
4 101 2706735 0 1788889046 861792 2653239
5 101 2704848 0 1788889046 862217 2675672
6 52 2749486 0 1788889046 862800 2670797
4 102 2774843 0 1788889046 961043 2701826
5 102 2741584 0 1788889046 961517 2697868
7 52 2795500 0 1788889046 962074 2694781
4 103 2776398 0 1788889047 54710 2717238
5 103 2775056 0 1788889047 54870 2750571
6 53 2823879 0 1788889047 55055 2729345
4 104 2813797 0 1788889047 138540 2758841
5 104 2747434 0 1788889047 138722 2718171
7 53 2855858 0 1788889047 138833 2771469
4 105 2812423 0 1788889047 223459 2761156
5 105 2810754 0 1788889047 223627 2784577
6 54 2825087 0 1788889047 223883 2739493
4 106 2880459 0 1788889047 315177 2821108
5 106 2877157 0 1788889047 315398 2844756
7 54 2883973 0 1788889047 316081 2791182
4 107 2978969 0 1788889047 438832 2908303
5 107 2963144 0 1788889047 439052 2928775
6 55 2992685 0 1788889047 439240 2868325
4 108 2996909 0 1788889047 538108 2931514
5 108 2996555 0 1788889047 538276 2965171
7 55 3059516 0 1788889047 538682 2959454
4 109 3000433 0 1788889047 620873 2945266
5 109 2961571 0 1788889047 621280 2934255
6 56 3028155 0 1788889047 621668 2944404
4 110 2998611 0 1788889047 710846 2937788
5 110 2997784 0 1788889047 710990 2969640
7 56 3007442 0 1788889047 711129 2916921
4 111 3048422 0 1788889047 790605 2995163
5 111 3035210 0 1788889047 790738 3006617
6 57 3058928 0 1788889047 790862 2978743
4 112 3110084 0 1788889047 882495 3045318
5 112 3097960 0 1788889047 882699 3064310
7 57 3117484 0 1788889047 882816 3025096
4 113 3184213 0 1788889048 2891 3127390
5 113 3154927 0 1788889048 3429 3126790
6 58 3207956 0 1788889048 3620 3086635
4 114 3182291 0 1788889048 72482 3150302
7 58 3217159 0 1788889048 72630 3147272
5 114 3162354 0 1788889048 79540 3154021
