0 1 150193 0 1788889068 839388 39700
1 1 139007 0 1788889068 844733 59604
2 1 138522 0 1788889068 844937 97523
0 2 233971 0 1788889068 960199 163449
1 2 206186 0 1788889068 960553 167544
3 1 238744 0 1788889068 961828 116151
0 3 259713 0 1788889069 71046 193584
1 3 239848 0 1788889069 71235 207142
2 2 303647 0 1788889069 71453 191632
0 4 322030 0 1788889069 171482 258366
1 4 313854 0 1788889069 171750 282314
3 2 327290 0 1788889069 171953 226190
0 5 402600 0 1788889069 283840 333661
1 5 396756 0 1788889069 284360 363943
2 3 420874 0 1788889069 286557 305480
0 6 510485 0 1788889069 439968 398110
1 6 486787 0 1788889069 440140 423783
3 3 546157 0 1788889069 440274 389276
0 7 484128 0 1788889069 557585 403916
1 7 477253 0 1788889069 557862 427750
2 4 587878 0 1788889069 558216 469396
0 8 572622 0 1788889069 679798 485095
1 8 528979 0 1788889069 679974 481335
3 4 574394 0 1788889069 680107 451525
0 9 646239 0 1788889069 814788 570951
1 9 634872 0 1788889069 814970 595924
2 5 648287 0 1788889069 815555 512221
0 10 703810 0 1788889069 939491 617791
1 10 683798 0 1788889069 941991 629498
3 5 737755 0 1788889069 942122 610145
0 11 765448 0 1788889070 64410 694323
1 11 760936 0 1788889070 64685 721450
2 6 770257 0 1788889070 65191 640606
0 12 848772 0 1788889070 170681 786292
1 12 800237 0 1788889070 171594 769079
3 6 864984 0 1788889070 171806 757305
0 13 800057 0 1788889070 273268 725747
1 13 767117 0 1788889070 273653 725888
2 7 829581 0 1788889070 273804 726028
0 14 836127 0 1788889070 374055 768923
1 14 835689 0 1788889070 374276 802828
3 7 853733 0 1788889070 374942 751717
0 15 834839 0 1788889070 478325 767993
1 15 834681 0 1788889070 479066 799912
2 8 879764 0 1788889070 479339 774288
0 16 954050 0 1788889070 645932 816822
1 16 945792 0 1788889070 646160 850224
3 8 976608 0 1788889070 646280 808400
0 17 1079931 0 1788889070 810402 992083
1 17 1069312 0 1788889070 810576 1022762
2 9 1106540 0 1788889070 810813 941270
0 18 1123138 0 1788889070 917309 1053584
1 18 1029316 0 1788889070 917602 995062
3 9 1153473 0 1788889070 917757 1045855
0 19 1094589 0 1788889071 20428 1030133
1 19 1088073 0 1788889071 20632 1057217
2 10 1132325 0 1788889071 22179 1027070
0 20 1142233 0 1788889071 112329 1085908
1 20 1122257 0 1788889071 112431 1093325
3 10 1176975 0 1788889071 112642 1084331
0 21 1179546 0 1788889071 214828 1113170
1 21 1147505 0 1788889071 214923 1117990
2 11 1191228 0 1788889071 214996 1088342
0 22 1180613 0 1788889071 310610 1113417
1 22 1147889 0 1788889071 311073 1116047
3 11 1223191 0 1788889071 311617 1126248
0 23 1243139 0 1788889071 430919 1164860
1 23 1232520 0 1788889071 431672 1197996
2 12 1263986 0 1788889071 431792 1142486
0 24 1296506 0 1788889071 546219 1223630
1 24 1266353 0 1788889071 546631 1227114
3 12 1333439 0 1788889071 546765 1217341
0 25 1335615 0 1788889071 677667 1251877
1 25 1333612 0 1788889071 677784 1295705
2 13 1361525 0 1788889071 677880 1229207
0 26 1411871 0 1788889071 785314 1337696
1 26 1407924 0 1788889071 785451 1369663
3 13 1426412 0 1788889071 785561 1318261
1 27 1422866 0 1788889071 882812 1419881
0 27 1541511 0 1788889071 985354 1393244
2 14 1572543 0 1788889071 990472 1366150
3 14 1503284 0 1788889071 991131 1441776
0 28 1607128 0 1788889072 119342 1521949
1 28 1611572 0 1788889072 119628 1477110
2 15 1607192 0 1788889072 119756 1569915
0 29 1720514 0 1788889072 242962 1639412
1 29 1641132 0 1788889072 243168 1599868
3 15 1725979 0 1788889072 243602 1601417
0 30 1690440 0 1788889072 331781 1630664
1 30 1687358 0 1788889072 331906 1659145
2 16 1706970 0 1788889072 332032 1617719
0 31 1752289 0 1788889072 432331 1689885
1 31 1746541 0 1788889072 433081 1715043
3 16 1763064 0 1788889072 433456 1661201
0 32 1735654 0 1788889072 525486 1673569
1 32 1734654 0 1788889072 525835 1704190
2 17 1796197 0 1788889072 525947 1702390
0 33 1779740 0 1788889072 608776 1720217
1 33 1774396 0 1788889072 608948 1747087
3 17 1809983 0 1788889072 609293 1725914
0 34 1807776 0 1788889072 709065 1742582
1 34 1800112 0 1788889072 709324 1771550
2 18 1831368 0 1788889072 709492 1730480
0 35 1837292 0 1788889072 831903 1749589
1 35 1832237 0 1788889072 832675 1783207
3 18 1900307 0 1788889072 832843 1776173
0 36 1915965 0 1788889072 942458 1843447
1 36 1887776 0 1788889072 942692 1853403
2 19 1936946 0 1788889072 945956 1822641
0 37 2007139 0 1788889073 112843 1889946
1 37 1985058 0 1788889073 113341 1927871
3 19 2031989 0 1788889073 113931 1860264
0 38 2091605 0 1788889073 230860 2021009
1 38 2085865 0 1788889073 231049 2048485
2 20 2099663 0 1788889073 231210 1980925
0 39 2159252 0 1788889073 334251 2089512
1 39 2143857 0 1788889073 335029 2105635
3 20 2163337 0 1788889073 335242 2058707
0 40 2163262 0 1788889073 440944 2090587
1 40 2145901 0 1788889073 441262 2104417
2 21 2183480 0 1788889073 441398 2076112
0 41 2258242 0 1788889073 601552 2147725
1 41 2253813 0 1788889073 601697 2190892
3 21 2258848 0 1788889073 601806 2097714
0 42 2395647 0 1788889073 798933 2274521
1 42 2353702 0 1788889073 799135 2296938
2 22 2416793 0 1788889073 799268 2218495
0 43 2542099 0 1788889074 62679 2365908
1 43 2541140 0 1788889074 62903 2449053
3 22 2564603 0 1788889074 76788 2286433
0 44 2838091 0 1788889074 399065 2598284
1 44 2830841 0 1788889074 399200 2662819
2 23 2875934 0 1788889074 414468 2523397
0 45 3340922 0 1788889074 948121 3007203
1 45 3340773 0 1788889074 948311 3237545
3 23 3352261 0 1788889074 958409 2792764
0 46 3516253 0 1788889075 138424 3386045
1 46 3453495 0 1788889075 138574 3394736
2 24 3527852 0 1788889075 138952 3336669
0 47 3591810 0 1788889075 295943 3483913
1 47 3545280 0 1788889075 296153 3497821
3 24 3602235 0 1788889075 296362 3444019
0 48 3648627 0 1788889075 442615 3560809
1 48 3644181 0 1788889075 442850 3602611
2 25 3665044 0 1788889075 442962 3517725
0 49 3673837 0 1788889075 571824 3583684
1 49 3668640 0 1788889075 571978 3630433
3 25 3676285 0 1788889075 572600 3546046
0 50 3737380 0 1788889075 719277 3656941
1 50 3725353 0 1788889075 719683 3688031
2 26 3801591 0 1788889075 719906 3653271
0 51 3801734 0 1788889075 832472 3734891
1 51 3755369 0 1788889075 832639 3724390
3 26 3808409 0 1788889075 832916 3694090
0 52 3820522 0 1788889075 930746 3757548
1 52 3820218 0 1788889075 930894 3788991
2 27 3834297 0 1788889075 931054 3735451
0 53 3873876 0 1788889076 27641 3808435
1 53 3871315 0 1788889076 27896 3838101
3 27 3916651 0 1788889076 28073 3819056
0 54 3975812 0 1788889076 149232 3894313
1 54 3961975 0 1788889076 150104 3915962
2 28 3991528 0 1788889076 150403 3868495
0 55 4067709 0 1788889076 285807 3979463
1 55 4050642 0 1788889076 291600 3997867
3 28 4079108 0 1788889076 291893 3935767
3 29 4127720 0 1788889076 438155 4123236
0 56 4207277 0 1788889076 495287 4057363
1 56 4204908 0 1788889076 496722 4102410
2 29 4226712 0 1788889076 496962 4014096
0 57 4292312 0 1788889076 664539 4175016
1 57 4247429 0 1788889076 664788 4196459
3 30 4312022 0 1788889076 665131 4134759
0 58 4362331 0 1788889076 826652 4255425
1 58 4354467 0 1788889076 826869 4301007
2 30 4397689 0 1788889076 827046 4234385
0 59 4488182 0 1788889077 90199 4312295
1 59 4428650 0 1788889077 90480 4356164
3 31 4560798 0 1788889077 90815 4296372
0 60 4444160 0 1788889077 256423 4351516
1 60 4442757 0 1788889077 256564 4389071
2 31 4510874 0 1788889077 256956 4343832
0 61 4628098 0 1788889077 513484 4448053
1 61 4593792 0 1788889077 514201 4510711
3 32 4683092 0 1788889077 514683 4424531
0 62 4727298 0 1788889077 665771 4637250
1 62 4726826 0 1788889077 666328 4690227
2 32 4736204 0 1788889077 667033 4578864
0 63 4828375 0 1788889077 784858 4750498
1 63 4828307 0 1788889077 785035 4785780
3 33 4843564 0 1788889077 785212 4723913
0 64 4983010 0 1788889077 959058 4855621
1 64 4996515 0 1788889077 973220 4900750
2 33 5008112 0 1788889077 973416 4818540
0 65 5188345 0 1788889078 187582 5038684
1 65 5159857 0 1788889078 187852 5091002
3 34 5192079 0 1788889078 188206 4962690
0 66 5328630 0 1788889078 399766 5185595
1 66 5308656 0 1788889078 400010 5235275
2 34 5338850 0 1788889078 400156 5125946
0 67 5514044 0 1788889078 622349 5372115
1 67 5502311 0 1788889078 622477 5425345
3 35 5525600 0 1788889078 622574 5302563
2 35 5571106 0 1788889078 698606 5494617
0 68 5573508 0 1788889078 703933 5567816
