0 1 121783 0 1788889017 993906 42106
1 1 107851 0 1788889017 996505 52350
2 1 107338 0 1788889017 996682 78415
0 2 171346 0 1788889018 80503 118128
1 2 143445 0 1788889018 80741 114356
3 1 174838 0 1788889018 80851 87697
0 3 173011 0 1788889018 167273 118963
1 3 153349 0 1788889018 167665 123296
2 2 217175 0 1788889018 167910 129283
0 4 223085 0 1788889018 255467 161373
1 4 215234 0 1788889018 256058 184458
3 2 228828 0 1788889018 256420 139330
0 5 284374 0 1788889018 348542 223310
1 5 278228 0 1788889018 348761 242808
2 3 301081 0 1788889018 349692 206641
0 6 324453 0 1788889018 436865 266381
1 6 300726 0 1788889018 437008 272022
3 3 360277 0 1788889018 437323 271063
0 7 263602 0 1788889018 519988 211946
1 7 256579 0 1788889018 520117 231459
2 4 367001 0 1788889018 520268 283330
0 8 317110 0 1788889018 607214 261203
1 8 273388 0 1788889018 607312 247906
3 4 318817 0 1788889018 607459 231147
0 9 352425 0 1788889018 703903 285286
1 9 341012 0 1788889018 704040 309955
2 5 354146 0 1788889018 704343 256870
0 10 385549 0 1788889018 804158 318304
1 10 363990 0 1788889018 805111 329016
3 5 417927 0 1788889018 805224 316127
0 11 413830 0 1788889018 895722 348649
1 11 409216 0 1788889018 895893 371311
2 6 418233 0 1788889018 896096 326083
0 12 479274 0 1788889018 984111 426400
1 12 429968 0 1788889018 984255 405706
3 6 494652 0 1788889018 984404 399831
0 13 414972 0 1788889019 71111 357974
1 13 382292 0 1788889019 71756 352085
2 7 444993 0 1788889019 72146 356731
0 14 433910 0 1788889019 154768 378974
1 14 433480 0 1788889019 154996 402923
3 7 451479 0 1788889019 155618 366764
0 15 413706 0 1788889019 240122 353574
1 15 413005 0 1788889019 240320 379158
2 8 458005 0 1788889019 240510 371946
0 16 512115 0 1788889019 386926 398841
1 16 504211 0 1788889019 387508 435846
3 8 535225 0 1788889019 387826 387315
0 17 593871 0 1788889019 507270 525210
1 17 583202 0 1788889019 507394 548299
2 9 620317 0 1788889019 507519 497440
0 18 629037 0 1788889019 606137 567862
1 18 535313 0 1788889019 606528 503743
3 9 659773 0 1788889019 606986 559907
0 19 586490 0 1788889019 695258 530343
1 19 580110 0 1788889019 695598 549575
2 10 622969 0 1788889019 695752 532844
0 20 622082 0 1788889019 775107 568287
1 20 602174 0 1788889019 775278 574144
3 10 656831 0 1788889019 775427 576386
0 21 634115 0 1788889019 852326 581170
1 21 602151 0 1788889019 852499 578185
2 11 645992 0 1788889019 852689 568191
0 22 633344 0 1788889019 946272 571112
1 22 600575 0 1788889019 946689 568050
3 11 675601 0 1788889019 946955 580676
0 23 674390 0 1788889020 45098 607969
1 23 663722 0 1788889020 45804 627050
2 12 695181 0 1788889020 45916 595268
0 24 700561 0 1788889020 133204 644675
1 24 670143 0 1788889020 133350 639801
3 12 737243 0 1788889020 133498 648602
0 25 734770 0 1788889020 259752 651644
1 25 732898 0 1788889020 259999 687258
2 13 760915 0 1788889020 260199 633667
0 26 831161 0 1788889020 387533 752855
1 26 827330 0 1788889020 387786 789567
3 13 845840 0 1788889020 387918 716844
0 27 883648 0 1788889020 510420 801677
1 27 867759 0 1788889020 510634 828017
2 14 910006 0 1788889020 510864 786421
0 28 921120 0 1788889020 612106 851687
1 28 917132 0 1788889020 612274 887209
3 14 941683 0 1788889020 612458 839359
0 29 1010616 0 1788889020 711169 945363
1 29 1005992 0 1788889020 711369 972271
2 15 1015984 0 1788889020 711476 916401
0 30 986198 0 1788889020 794190 934040
1 30 970093 0 1788889020 794363 944575
3 15 1009975 0 1788889020 794940 926004
0 31 1061130 0 1788889020 914450 984334
1 31 1051713 0 1788889020 914684 1010719
2 16 1087591 0 1788889020 915067 966498
0 32 1094668 0 1788889021 7347 1037644
1 32 1034896 0 1788889021 7658 1007895
3 16 1139004 0 1788889021 8472 1044773
0 33 1113707 0 1788889021 95947 1058210
1 33 1084185 0 1788889021 96150 1055596
2 17 1122352 0 1788889021 96463 1032981
0 34 1133571 0 1788889021 194624 1072047
1 34 1110651 0 1788889021 194868 1081748
3 17 1177549 0 1788889021 195030 1078246
0 35 1188491 0 1788889021 303957 1115899
1 35 1126683 0 1788889021 304222 1089494
2 18 1212210 0 1788889021 304351 1102297
0 36 1221417 0 1788889021 413356 1148901
1 36 1204684 0 1788889021 414106 1163774
3 18 1230905 0 1788889021 414272 1120324
0 37 1312423 0 1788889021 577294 1192024
1 37 1288896 0 1788889021 577529 1233121
2 19 1339817 0 1788889021 577662 1175299
0 38 1410852 0 1788889021 725328 1322344
1 38 1403345 0 1788889021 725529 1359970
3 19 1414474 0 1788889021 725685 1265724
0 39 1505384 0 1788889021 860219 1415083
1 39 1502482 0 1788889021 860409 1449001
2 20 1532411 0 1788889021 860524 1397058
0 40 1564886 0 1788889022 5733 1460541
1 40 1545266 0 1788889022 5877 1489051
3 20 1632818 0 1788889022 6920 1485814
0 41 1572399 0 1788889022 98286 1517049
1 41 1572212 0 1788889022 98451 1543767
2 21 1620528 0 1788889022 98818 1527145
0 42 1623977 0 1788889022 189381 1564612
1 42 1603402 0 1788889022 189617 1572886
3 21 1658971 0 1788889022 189785 1567252
0 43 1590357 0 1788889022 285472 1526572
1 43 1582396 0 1788889022 285905 1550664
2 22 1658024 0 1788889022 286385 1560808
0 44 1656563 0 1788889022 378025 1597294
1 44 1634361 0 1788889022 378264 1604923
3 22 1674381 0 1788889022 379073 1580549
0 45 1703538 0 1788889022 492614 1631674
1 45 1702745 0 1788889022 492874 1665720
2 23 1741802 0 1788889022 493090 1626539
0 46 1800255 0 1788889022 594285 1738081
1 46 1789410 0 1788889022 594510 1762087
3 23 1804427 0 1788889022 594895 1701904
0 47 1802299 0 1788889022 679355 1745941
1 47 1792472 0 1788889022 679534 1762619
2 24 1811641 0 1788889022 679648 1726052
0 48 1802534 0 1788889022 763381 1750861
1 48 1786607 0 1788889022 763524 1760791
3 24 1829952 0 1788889022 763755 1745357
0 49 1771350 0 1788889022 850594 1712699
1 49 1769916 0 1788889022 850833 1736695
2 25 1869426 0 1788889022 851024 1781591
0 50 1881020 0 1788889022 982264 1777903
1 50 1825259 0 1788889022 990086 1749325
3 25 1903986 0 1788889022 990252 1764162
0 51 1920223 0 1788889023 127659 1849867
1 51 1914105 0 1788889023 127772 1881524
2 26 1953728 0 1788889023 130987 1804800
0 52 2013008 0 1788889023 292694 1892973
1 52 1999770 0 1788889023 292923 1928763
3 26 2032857 0 1788889023 293056 1867274
0 53 2112913 0 1788889023 407265 2056932
1 53 2070820 0 1788889023 407514 2044395
2 27 2114019 0 1788889023 407623 1998813
0 54 2153436 0 1788889023 495240 2094773
1 54 2139082 0 1788889023 495431 2109031
3 27 2156176 0 1788889023 495685 2067556
0 55 2194159 0 1788889023 589872 2127865
1 55 2192106 0 1788889023 593133 2151044
2 28 2222219 0 1788889023 593276 2123876
0 56 2294351 0 1788889023 747530 2182543
1 56 2276790 0 1788889023 747728 2219898
3 28 2324007 0 1788889023 747893 2165772
0 57 2372338 0 1788889023 865701 2307636
1 57 2330482 0 1788889023 866519 2300694
2 29 2391906 0 1788889023 866649 2272513
0 58 2403954 0 1788889024 4242 2301050
1 58 2400155 0 1788889024 12442 2329622
3 29 2457505 0 1788889024 12661 2310260
0 59 2626178 0 1788889024 281510 2459024
1 59 2568828 0 1788889024 281773 2489533
2 30 2634900 0 1788889024 282150 2356120
0 60 2556259 0 1788889024 401019 2541424
1 60 2690477 0 1788889024 619487 2551258
2 31 2626211 0 1788889024 621403 2557910
3 30 2836647 0 1788889024 621594 2496225
0 61 2848115 0 1788889024 844850 2622004
1 61 2831538 0 1788889024 846058 2671989
2 32 2778225 0 1788889024 846540 2676481
0 62 2917909 0 1788889025 31667 2786621
1 62 2910401 0 1788889025 31803 2837437
3 31 2928956 0 1788889025 32294 2739768
0 63 3153524 0 1788889025 278101 2998887
1 63 3141095 0 1788889025 280507 3044984
2 33 3165470 0 1788889025 287900 2908990
1 64 3326749 0 1788889025 485727 3321053
0 64 3470116 0 1788889025 618350 3236512
2 34 3461461 0 1788889025 621096 3396081
3 32 3492962 0 1788889025 632620 3136258
0 65 3613358 0 1788889025 795523 3538204
1 65 3616689 0 1788889025 795745 3437013
2 35 3584941 0 1788889025 795865 3549124
0 66 3705057 0 1788889025 959122 3592374
1 66 3685092 0 1788889025 959376 3628796
3 33 3715265 0 1788889025 959500 3551047
0 67 3940378 0 1788889026 231612 3775174
1 67 3928776 0 1788889026 231872 3853245
2 36 3952224 0 1788889026 232127 3678929
0 68 4211507 0 1788889026 524861 4041318
1 68 4210476 0 1788889026 525081 4114498
3 34 4226179 0 1788889026 536608 3920866
0 69 4406164 0 1788889026 731360 4316905
1 69 4385865 0 1788889026 731555 4357165
2 37 4414644 0 1788889026 731684 4207626
0 70 4492506 0 1788889026 865204 4400199
1 70 4481017 0 1788889026 865957 4440803
3 35 4505552 0 1788889026 867508 4369129
0 71 4584219 0 1788889026 987083 4504289
1 71 4578781 0 1788889026 987453 4539943
2 38 4595062 0 1788889026 987685 4471346
0 72 4740096 0 1788889027 170279 4606838
1 72 4735989 0 1788889027 170544 4655493
3 36 4743618 0 1788889027 170730 4559755
0 73 4774000 0 1788889027 223507 4768498
1 73 4927387 0 1788889027 380916 4817949
2 39 4940340 0 1788889027 381075 4729287
3 37 4890792 0 1788889027 381202 4825931
0 74 4957251 0 1788889027 485020 4852847
1 74 4920601 0 1788889027 485307 4858374
2 40 4869194 0 1788889027 485433 4837061
0 75 4949596 0 1788889027 583773 4884437
1 75 4924082 0 1788889027 584044 4892091
3 38 4967353 0 1788889027 584221 4867899
0 76 4979572 0 1788889027 677586 4918783
1 76 4955210 0 1788889027 677772 4923279
2 41 5001915 0 1788889027 677891 4907591
0 77 5048332 0 1788889027 790407 4980117
1 77 5035900 0 1788889027 790843 5003666
3 39 5064127 0 1788889027 791166 4950398
2 42 5029128 0 1788889027 823420 4995846
0 78 5024354 0 1788889027 826488 5021034
