4 1 178911 0 1788889058 651104 34272
5 1 171785 0 1788889058 654437 69612
6 1 171498 0 1788889058 654697 123481
4 2 308354 0 1788889058 814177 205821
5 2 304476 0 1788889058 814363 250536
7 1 330046 0 1788889058 814491 166413
4 3 435775 0 1788889058 978305 316628
5 3 432034 0 1788889058 978457 370386
6 2 441236 0 1788889058 978677 276527
4 4 569548 0 1788889059 128929 477079
5 4 564148 0 1788889059 129159 513944
7 2 580445 0 1788889059 129293 429218
4 5 687925 0 1788889059 265100 612574
5 5 669086 0 1788889059 265266 635232
6 3 692443 0 1788889059 266139 554954
4 6 740242 0 1788889059 363353 681513
5 6 720444 0 1788889059 363558 688842
7 3 742647 0 1788889059 363726 643816
4 7 772561 0 1788889059 457358 713444
5 7 752704 0 1788889059 457766 723925
6 4 788853 0 1788889059 458649 693360
4 8 822211 0 1788889059 555937 761011
5 8 757703 0 1788889059 556504 724441
7 4 824371 0 1788889059 556614 724919
4 9 843623 0 1788889059 653255 780713
5 9 839561 0 1788889059 653441 809988
6 5 846015 0 1788889059 653528 748174
4 10 897600 0 1788889059 746403 837592
5 10 875786 0 1788889059 748829 840095
7 5 911666 0 1788889059 748946 815854
4 11 945943 0 1788889059 864935 860248
5 11 924364 0 1788889059 865072 868424
6 6 957173 0 1788889059 865182 838138
4 12 1015364 0 1788889060 19002 933188
5 12 921145 0 1788889060 19153 880696
7 6 1023305 0 1788889060 19308 868772
4 13 1025251 0 1788889060 142899 947676
5 13 988088 0 1788889060 143129 949207
6 7 1038395 0 1788889060 143306 913886
4 14 1087227 0 1788889060 248772 1025534
5 14 1084559 0 1788889060 249001 1052190
7 7 1092773 0 1788889060 249648 985733
4 15 1163038 0 1788889060 336013 1106196
5 15 1157159 0 1788889060 336243 1128791
6 8 1166084 0 1788889060 336479 1078057
4 16 1186455 0 1788889060 426450 1127887
5 16 1159749 0 1788889060 426696 1129777
7 8 1228334 0 1788889060 428672 1135492
4 17 1222158 0 1788889060 523052 1160012
5 17 1204320 0 1788889060 523234 1175492
6 9 1234346 0 1788889060 523454 1136960
4 18 1268730 0 1788889060 629157 1199503
5 18 1214173 0 1788889060 629346 1181740
7 9 1274258 0 1788889060 630343 1166763
4 19 1238216 0 1788889060 726367 1177029
5 19 1236241 0 1788889060 726480 1205183
6 10 1287105 0 1788889060 726578 1189474
4 20 1364269 0 1788889060 882399 1259318
5 20 1333631 0 1788889060 882931 1278436
7 10 1387219 0 1788889060 883056 1230364
4 21 1390360 0 1788889060 985836 1328396
5 21 1375401 0 1788889060 986014 1344481
6 11 1421111 0 1788889060 986114 1316557
4 22 1439616 0 1788889061 79193 1376554
5 22 1430957 0 1788889061 79460 1397806
7 11 1452558 0 1788889061 79616 1358278
4 23 1470134 0 1788889061 178408 1405780
5 23 1465733 0 1788889061 178571 1436503
6 12 1521774 0 1788889061 178668 1422067
4 24 1547065 0 1788889061 279726 1474690
5 24 1502089 0 1788889061 279927 1462922
7 12 1560317 0 1788889061 280092 1458509
4 25 1611835 0 1788889061 402283 1524656
5 25 1599797 0 1788889061 402513 1558850
6 13 1613875 0 1788889061 402690 1490675
4 26 1685503 0 1788889061 522472 1602376
5 26 1657031 0 1788889061 522693 1612382
7 13 1718829 0 1788889061 523187 1597643
4 27 1727870 0 1788889061 643073 1649258
5 27 1706417 0 1788889061 643299 1666583
6 14 1781980 0 1788889061 648586 1655374
4 28 1810071 0 1788889061 756868 1734466
5 28 1794371 0 1788889061 757083 1756635
7 14 1817978 0 1788889061 757249 1703601
4 29 1838558 0 1788889061 869672 1767657
5 29 1828119 0 1788889061 869807 1794272
6 15 1844590 0 1788889061 871009 1730195
4 30 1950930 0 1788889062 247 1863907
5 30 1927500 0 1788889062 527 1890585
7 15 1952014 0 1788889062 633 1820726
4 31 1996948 0 1788889062 97955 1934857
5 31 1991887 0 1788889062 98778 1958592
6 16 2007057 0 1788889062 98920 1908184
4 32 2065144 0 1788889062 201921 1997340
5 32 2048074 0 1788889062 202194 2014456
7 16 2095425 0 1788889062 202387 1990753
4 33 2121404 0 1788889062 297658 2061396
5 33 2111233 0 1788889062 298339 2080626
6 17 2122682 0 1788889062 298891 2025494
4 34 2198909 0 1788889062 402007 2123992
5 34 2188389 0 1788889062 402144 2144534
7 17 2209663 0 1788889062 402551 2104235
4 35 2197073 0 1788889062 482499 2148821
5 35 2197173 0 1788889062 482745 2172589
6 18 2208934 0 1788889062 483601 2127137
4 36 2256282 0 1788889062 577396 2195928
5 36 2233713 0 1788889062 577597 2200183
7 18 2275761 0 1788889062 577693 2180321
4 37 2319189 0 1788889062 673909 2251379
5 37 2308231 0 1788889062 674122 2276669
6 19 2325636 0 1788889062 674431 2228372
4 38 2308142 0 1788889062 705116 2305768
5 38 2399584 0 1788889062 803058 2336032
6 20 2398587 0 1788889062 803264 2371582
7 19 2430780 0 1788889062 803378 2301118
4 39 2468031 0 1788889062 880559 2390317
5 39 2447691 0 1788889062 881200 2397138
6 21 2413035 0 1788889062 881418 2386670
4 40 2518577 0 1788889063 1719 2441865
5 40 2512044 0 1788889063 1850 2470289
7 20 2528571 0 1788889063 2005 2406860
4 41 2557058 0 1788889063 93852 2502364
5 41 2547886 0 1788889063 94067 2518060
6 22 2589491 0 1788889063 94190 2496835
4 42 2604936 0 1788889063 184621 2544611
5 42 2574822 0 1788889063 184819 2544223
7 21 2609235 0 1788889063 184923 2517934
4 43 2667190 0 1788889063 285196 2600038
5 43 2650542 0 1788889063 285329 2612470
6 23 2673957 0 1788889063 286009 2572398
4 44 2704248 0 1788889063 366290 2650991
5 44 2653685 0 1788889063 366530 2625825
7 22 2727448 0 1788889063 366957 2645441
4 45 2726593 0 1788889063 458895 2667719
5 45 2714758 0 1788889063 460682 2683948
6 24 2739013 0 1788889063 461035 2644022
4 46 2717349 0 1788889063 555082 2655253
5 46 2650738 0 1788889063 555315 2619040
7 23 2760023 0 1788889063 555653 2663086
4 47 2741119 0 1788889063 686680 2644783
5 47 2687322 0 1788889063 687016 2622378
6 25 2768767 0 1788889063 687981 2635359
4 48 2765151 0 1788889063 782391 2710122
5 48 2737133 0 1788889063 782569 2710342
7 24 2775341 0 1788889063 782680 2679107
4 49 2742225 0 1788889063 815056 2738369
5 49 2806308 0 1788889063 904168 2745716
6 26 2835814 0 1788889063 904502 2713317
7 25 2760327 0 1788889063 904673 2728920
4 50 2813722 0 1788889063 999735 2717976
5 50 2796451 0 1788889063 999974 2735791
6 27 2766484 0 1788889064 203 2732794
4 51 2908416 0 1788889064 146982 2803824
5 51 2908396 0 1788889064 147172 2856777
7 26 2913790 0 1788889064 148235 2763043
4 52 2996196 0 1788889064 281638 2910401
5 52 2992462 0 1788889064 281784 2949429
6 28 3014153 0 1788889064 281895 2879033
4 53 3056292 0 1788889064 397461 2986983
5 53 2991459 0 1788889064 397677 2951894
7 27 3056970 0 1788889064 397877 2940311
4 54 3089523 0 1788889064 525078 3000262
5 54 3072368 0 1788889064 525333 3019601
6 29 3107030 0 1788889064 525507 2976479
4 55 3153047 0 1788889064 622980 3089563
5 55 3152169 0 1788889064 623265 3116961
7 28 3162933 0 1788889064 624063 3063729
4 56 3222526 0 1788889064 724289 3161727
5 56 3176101 0 1788889064 724592 3144400
6 30 3253217 0 1788889064 724772 3150974
4 57 3258185 0 1788889064 815516 3196598
5 57 3250775 0 1788889064 815661 3221089
7 29 3259680 0 1788889064 816122 3167641
4 58 3284668 0 1788889064 917947 3212013
5 58 3224069 0 1788889064 924808 3176691
6 31 3352489 0 1788889064 924941 3242788
4 59 3252850 0 1788889065 21180 3189250
5 59 3245333 0 1788889065 21365 3213366
7 30 3274137 0 1788889065 21473 3170438
4 60 3282225 0 1788889065 98891 3232695
5 60 3260421 0 1788889065 99106 3235642
6 32 3306921 0 1788889065 99453 3228456
4 61 3193866 0 1788889065 179167 3146176
5 61 3191948 0 1788889065 179346 3169153
7 31 3255080 0 1788889065 179449 3174278
4 62 3245362 0 1788889065 256209 3199209
5 62 3238504 0 1788889065 256550 3215353
6 33 3246715 0 1788889065 256708 3168985
4 63 3303847 0 1788889065 366129 3224598
5 63 3271762 0 1788889065 366355 3230438
7 32 3317264 0 1788889065 366466 3206822
4 64 3328724 0 1788889065 484049 3250607
5 64 3327521 0 1788889065 484421 3284258
6 34 3371832 0 1788889065 484594 3253123
4 65 3484029 0 1788889065 675305 3376385
5 65 3473141 0 1788889065 675477 3424340
7 33 3485741 0 1788889065 675573 3293959
4 66 3553724 0 1788889065 774614 3489569
5 66 3542551 0 1788889065 774756 3514148
6 35 3557683 0 1788889065 774941 3457799
4 67 3610899 0 1788889065 869216 3552585
5 67 3563748 0 1788889065 869425 3533915
7 34 3636556 0 1788889065 869628 3541411
4 68 3628565 0 1788889065 984802 3547662
5 68 3614495 0 1788889065 988744 3562732
6 36 3672820 0 1788889065 991426 3550375
4 69 3736235 0 1788889066 122255 3653865
5 69 3709125 0 1788889066 122414 3665739
7 35 3747694 0 1788889066 122512 3609585
4 70 3812844 0 1788889066 232844 3748685
5 70 3791842 0 1788889066 232981 3759896
6 37 3819261 0 1788889066 233150 3708079
4 71 3832388 0 1788889066 338788 3759955
5 71 3821074 0 1788889066 339217 3786459
7 36 3866621 0 1788889066 339397 3759875
4 72 3880105 0 1788889066 435709 3820522
5 72 3865889 0 1788889066 438547 3837484
6 38 3885677 0 1788889066 438674 3785579
4 73 3891248 0 1788889066 521663 3834010
5 73 3885529 0 1788889066 522038 3851755
7 37 3931109 0 1788889066 522246 3844231
4 74 3930916 0 1788889066 623886 3874229
5 74 3921434 0 1788889066 624023 3892573
6 39 3949408 0 1788889066 624176 3846709
4 75 3945892 0 1788889066 711349 3894495
5 75 3933183 0 1788889066 711689 3907005
7 38 3971596 0 1788889066 711874 3883367
4 76 3930036 0 1788889066 794925 3870792
5 76 3896339 0 1788889066 795412 3863968
6 40 3983757 0 1788889066 796203 3898770
4 77 3969929 0 1788889066 877751 3917611
5 77 3951768 0 1788889066 877962 3924229
7 39 3978298 0 1788889066 878141 3894837
4 78 3963909 0 1788889066 968576 3900612
5 78 3929664 0 1788889066 973523 3886733
6 41 4044515 0 1788889066 973669 3948422
4 79 3964320 0 1788889067 102063 3882031
5 79 3960914 0 1788889067 102206 3922348
7 40 3999784 0 1788889067 102355 3865838
4 80 4091744 0 1788889067 270810 3990427
5 80 4088687 0 1788889067 272540 4035137
6 42 4110997 0 1788889067 276284 3936583
4 81 4149458 0 1788889067 403287 4081533
5 81 4146439 0 1788889067 403473 4114542
7 41 4173796 0 1788889067 403639 4040765
4 82 4216742 0 1788889067 550037 4131778
5 82 4172224 0 1788889067 550553 4138970
6 43 4267371 0 1788889067 550754 4119577
4 83 4232181 0 1788889067 652513 4169755
5 83 4227126 0 1788889067 653073 4195054
7 42 4259735 0 1788889067 653364 4155950
4 84 4253320 0 1788889067 751658 4189235
5 84 4245362 0 1788889067 752503 4213081
6 44 4311044 0 1788889067 754694 4208548
4 85 4353285 0 1788889067 880296 4275166
5 85 4348698 0 1788889067 881549 4305654
7 43 4366826 0 1788889067 881844 4236069
4 86 4418367 0 1788889067 989415 4355529
5 86 4363399 0 1788889067 989544 4331844
6 45 4426165 0 1788889067 989654 4316541
4 87 4370119 0 1788889068 97057 4291971
5 87 4367210 0 1788889068 97505 4323570
7 44 4460645 0 1788889068 97947 4351875
4 88 4489722 0 1788889068 318851 4344352
5 88 4484099 0 1788889068 319076 4397911
6 46 4563185 0 1788889068 319178 4340776
4 89 4570736 0 1788889068 431743 4521708
7 45 4571462 0 1788889068 432165 4457830
5 89 4569843 0 1788889068 435083 4566285
