0 1 200417 0 1788889058 678986 34964
1 1 184823 0 1788889058 679923 61264
2 1 184271 0 1788889058 680061 120162
0 2 344641 0 1788889058 860245 232360
1 2 316716 0 1788889058 860458 269358
3 1 348104 0 1788889058 860564 166235
0 3 415455 0 1788889059 16163 309718
1 3 395727 0 1788889059 16489 341429
2 2 459419 0 1788889059 16600 302861
0 4 523703 0 1788889059 162530 425750
1 4 515507 0 1788889059 162777 461731
3 2 528962 0 1788889059 163000 381093
0 5 609325 0 1788889059 279939 546041
1 5 603224 0 1788889059 280202 571053
2 3 626421 0 1788889059 281479 507220
0 6 649789 0 1788889059 368647 592837
1 6 626276 0 1788889059 369004 595520
3 3 685887 0 1788889059 369379 596151
0 7 598437 0 1788889059 461269 538342
1 7 591416 0 1788889059 461400 559931
2 4 701793 0 1788889059 461506 608576
0 8 660105 0 1788889059 556655 598543
1 8 616416 0 1788889059 556785 582982
3 4 661832 0 1788889059 556920 565671
0 9 693234 0 1788889059 651158 634049
1 9 681874 0 1788889059 651347 655203
2 5 694867 0 1788889059 651511 599770
0 10 718170 0 1788889059 743226 659583
1 10 696578 0 1788889059 744145 665026
3 5 750916 0 1788889059 744658 657223
0 11 771366 0 1788889059 859704 688936
1 11 766877 0 1788889059 860000 713647
2 6 775857 0 1788889059 860166 658526
0 12 903056 0 1788889060 14340 796601
1 12 853849 0 1788889060 14581 792300
3 6 918633 0 1788889060 14831 763257
0 13 905917 0 1788889060 168502 815029
1 13 872922 0 1788889060 168832 822649
2 7 935455 0 1788889060 169053 780430
0 14 934600 0 1788889060 261904 874167
1 14 934263 0 1788889060 262225 906909
3 7 952293 0 1788889060 262877 857502
0 15 912917 0 1788889060 345779 856203
1 15 912262 0 1788889060 346023 881641
2 8 957264 0 1788889060 346214 872459
0 16 953747 0 1788889060 435004 893655
1 16 945426 0 1788889060 435169 915650
3 8 976292 0 1788889060 435339 886473
0 17 1008736 0 1788889060 528581 947647
1 17 998113 0 1788889060 528751 970948
2 9 1038748 0 1788889060 532396 941156
0 18 1050877 0 1788889060 634424 982247
1 18 956911 0 1788889060 634571 922626
3 9 1081880 0 1788889060 635539 974770
0 19 1007637 0 1788889060 722851 951855
1 19 1002230 0 1788889060 724165 974105
2 10 1045350 0 1788889060 724579 954832
0 20 1098754 0 1788889060 858225 1019375
1 20 1078867 0 1788889060 858417 1039231
3 10 1133498 0 1788889060 858539 997535
0 21 1148184 0 1788889060 972841 1081447
1 21 1116232 0 1788889060 973026 1081301
2 11 1160027 0 1788889060 973170 1044850
0 22 1149336 0 1788889061 68708 1089259
1 22 1117387 0 1788889061 69946 1083509
3 11 1192501 0 1788889061 70301 1094841
0 23 1195575 0 1788889061 172729 1128029
1 23 1186884 0 1788889061 175412 1153327
2 12 1218467 0 1788889061 175648 1111108
0 24 1232083 0 1788889061 271172 1165688
1 24 1201687 0 1788889061 271340 1168858
3 12 1268821 0 1788889061 271522 1169826
0 25 1259209 0 1788889061 390636 1174374
1 25 1257371 0 1788889061 390919 1213502
2 13 1285368 0 1788889061 391098 1165225
2 14 1296124 0 1788889061 503428 1292715
0 26 1378532 0 1788889061 541351 1260523
1 26 1374629 0 1788889061 541531 1292846
3 13 1393115 0 1788889061 541639 1241826
0 27 1419573 0 1788889061 668894 1349720
1 27 1391857 0 1788889061 669078 1352182
2 15 1436030 0 1788889061 669247 1307914
0 28 1486308 0 1788889061 787897 1407009
1 28 1486150 0 1788889061 788088 1441316
3 14 1490831 0 1788889061 788263 1371305
0 29 1603135 0 1788889061 914958 1514043
1 29 1523673 0 1788889061 915085 1472110
2 16 1608249 0 1788889061 915247 1477723
0 30 1596184 0 1788889062 26901 1527434
1 30 1593185 0 1788889062 27107 1562062
3 15 1612837 0 1788889062 27274 1500292
0 31 1661270 0 1788889062 130687 1585751
1 31 1655775 0 1788889062 131690 1611038
2 17 1672104 0 1788889062 131869 1566939
0 32 1648801 0 1788889062 228008 1589374
1 32 1647935 0 1788889062 228491 1614990
3 16 1709508 0 1788889062 228632 1611223
0 33 1704647 0 1788889062 323058 1641795
1 33 1699384 0 1788889062 323312 1667482
2 18 1734793 0 1788889062 323478 1638413
0 34 1735759 0 1788889062 426422 1666357
1 34 1729060 0 1788889062 427648 1697402
3 17 1761152 0 1788889062 428651 1655239
0 35 1733784 0 1788889062 517769 1671819
1 35 1728573 0 1788889062 518386 1690668
2 19 1796605 0 1788889062 518516 1704358
0 36 1801892 0 1788889062 617760 1738083
1 36 1773667 0 1788889062 617959 1741428
3 18 1819735 0 1788889062 618120 1719168
0 37 1816178 0 1788889062 711257 1757400
1 37 1795615 0 1788889062 713273 1767899
2 20 1842175 0 1788889062 713492 1746232
0 38 1881534 0 1788889062 810164 1817306
1 38 1875806 0 1788889062 810365 1846161
3 19 1889615 0 1788889062 810538 1790126
0 39 1926901 0 1788889062 891274 1873219
1 39 1910905 0 1788889062 891453 1881605
2 21 1933230 0 1788889062 894510 1848704
0 40 1925854 0 1788889062 992911 1862943
1 40 1908583 0 1788889062 993318 1875645
3 20 1946426 0 1788889062 993719 1843745
0 41 1949219 0 1788889063 81904 1893616
1 41 1944912 0 1788889063 82171 1916444
2 22 1949999 0 1788889063 82332 1860379
0 42 1981659 0 1788889063 174320 1917102
1 42 1939712 0 1788889063 174519 1911394
3 21 2002776 0 1788889063 174626 1909815
0 43 1958600 0 1788889063 268555 1900523
1 43 1957647 0 1788889063 268785 1928304
2 23 1967951 0 1788889063 269511 1872581
0 44 2004463 0 1788889063 354811 1951367
1 44 1997220 0 1788889063 354953 1968531
3 22 2027200 0 1788889063 355108 1940247
0 45 2059399 0 1788889063 455974 1994700
1 45 2059261 0 1788889063 456174 2026765
2 24 2060873 0 1788889063 456395 1959086
0 46 2143093 0 1788889063 554640 2079875
1 46 2081808 0 1788889063 556262 2048427
3 23 2157261 0 1788889063 557736 2055301
0 47 2181566 0 1788889063 675075 2096699
1 47 2135023 0 1788889063 675271 2088041
2 25 2191886 0 1788889063 675388 2070898
3 24 2108952 0 1788889063 676245 2104591
0 48 2227398 0 1788889063 810761 2137105
1 48 2222901 0 1788889063 810945 2162736
2 26 2125406 0 1788889063 811096 2093947
0 49 2203251 0 1788889063 895966 2145562
1 49 2188528 0 1788889063 896218 2160295
3 25 2209602 0 1788889063 896965 2123148
0 50 2207837 0 1788889063 991543 2148069
1 50 2178522 0 1788889063 992404 2147337
2 27 2221387 0 1788889063 992659 2124469
0 51 2267718 0 1788889064 134363 2175745
1 51 2248954 0 1788889064 135086 2201154
3 26 2318410 0 1788889064 138523 2169722
0 52 2382935 0 1788889064 282985 2300390
1 52 2382377 0 1788889064 283174 2336776
2 28 2383736 0 1788889064 283336 2234596
0 53 2448665 0 1788889064 394621 2382777
1 53 2448446 0 1788889064 396696 2413437
3 27 2453673 0 1788889064 396813 2334225
0 54 2550969 0 1788889064 528472 2460694
1 54 2526772 0 1788889064 528931 2484596
2 29 2566305 0 1788889064 529099 2431616
0 55 2602100 0 1788889064 632432 2534929
1 55 2573083 0 1788889064 632708 2533820
3 28 2625538 0 1788889064 633011 2520733
0 56 2653830 0 1788889064 735019 2587215
1 56 2635411 0 1788889064 735220 2597126
2 30 2657959 0 1788889064 735343 2554765
0 57 2670931 0 1788889064 832533 2606675
1 57 2626027 0 1788889064 832761 2595257
3 29 2690448 0 1788889064 832931 2592320
0 58 2681563 0 1788889064 935259 2612922
1 58 2677821 0 1788889064 939598 2636102
2 31 2721151 0 1788889064 939883 2613527
0 59 2637097 0 1788889065 28489 2578429
1 59 2577525 0 1788889065 28730 2547957
3 30 2709454 0 1788889065 28845 2615655
0 60 2513307 0 1788889065 114945 2461225
1 60 2511901 0 1788889065 115082 2485267
2 32 2579825 0 1788889065 115282 2492743
0 61 2517273 0 1788889065 192034 2470167
1 61 2482460 0 1788889065 192244 2458931
3 31 2571556 0 1788889065 192522 2493785
0 62 2541282 0 1788889065 269131 2493302
1 62 2540422 0 1788889065 269298 2515652
2 33 2549272 0 1788889065 269477 2471660
0 63 2628090 0 1788889065 373949 2557200
1 63 2628045 0 1788889065 374149 2595985
3 32 2643292 0 1788889065 374316 2537918
0 64 2752433 0 1788889065 517856 2649423
1 64 2762704 0 1788889065 528785 2688482
2 34 2774236 0 1788889065 528915 2619051
0 65 2919525 0 1788889065 708137 2821362
1 65 2890903 0 1788889065 708273 2854181
3 33 2922915 0 1788889065 708417 2732126
0 66 2951724 0 1788889065 812235 2882687
1 66 2935800 0 1788889065 816530 2893658
2 35 2966075 0 1788889065 816757 2857239
0 67 3009818 0 1788889065 907498 2955084
1 67 2998281 0 1788889065 907822 2972456
3 34 3021822 0 1788889065 908171 2925697
0 68 3118968 0 1788889066 38768 3017856
1 68 3121153 0 1788889066 42204 3063938
2 36 3125552 0 1788889066 42427 2990439
0 69 3241221 0 1788889066 172863 3150565
1 69 3220886 0 1788889066 173022 3173361
3 35 3249623 0 1788889066 173108 3113844
0 70 3287188 0 1788889066 266332 3225677
1 70 3275108 0 1788889066 266493 3244059
2 37 3298287 0 1788889066 266689 3204310
0 71 3359524 0 1788889066 368834 3292650
1 71 3353842 0 1788889066 368960 3319346
3 36 3370042 0 1788889066 369111 3266795
0 72 3414814 0 1788889066 451443 3359470
1 72 3410663 0 1788889066 451665 3382916
2 38 3420696 0 1788889066 454254 3335043
0 73 3496711 0 1788889066 552664 3425876
1 73 3492940 0 1788889066 552915 3452311
3 37 3505901 0 1788889066 553083 3403949
0 74 3513757 0 1788889066 647972 3452341
1 74 3476945 0 1788889066 648096 3442631
2 39 3551752 0 1788889066 648609 3455592
0 75 3512697 0 1788889066 736011 3456091
1 75 3495531 0 1788889066 736154 3465493
3 38 3513570 0 1788889066 736255 3425083
0 76 3530626 0 1788889066 813048 3478892
1 76 3508797 0 1788889066 813257 3482133
2 40 3550079 0 1788889066 816488 3469302
0 77 3561561 0 1788889066 895046 3508353
1 77 3546701 0 1788889066 895222 3521857
3 39 3566363 0 1788889066 895372 3483828
0 78 3608614 0 1788889067 9352 3523005
1 78 3600996 0 1788889067 9576 3547693
2 41 3648301 0 1788889067 9690 3533487
0 79 3727768 0 1788889067 148048 3631072
1 79 3673807 0 1788889067 148274 3620726
3 40 3734606 0 1788889067 148701 3595032
0 80 3762038 0 1788889067 307803 3654741
1 80 3757138 0 1788889067 307947 3698569
2 42 3765761 0 1788889067 308065 3605478
0 81 3873953 0 1788889067 430205 3798653
1 81 3873449 0 1788889067 430409 3835008
3 41 3877867 0 1788889067 430582 3754775
0 82 3984023 0 1788889067 566093 3904499
1 82 3973667 0 1788889067 567086 3934509
2 43 4000125 0 1788889067 567660 3862176
0 83 3963442 0 1788889067 654726 3911576
1 83 3905614 0 1788889067 654954 3877749
3 42 4026646 0 1788889067 655062 3937199
0 84 3931024 0 1788889067 731424 3881113
1 84 3904506 0 1788889067 731663 3879459
2 44 3942393 0 1788889067 731890 3865012
0 85 4021743 0 1788889067 855107 3944427
1 85 3993935 0 1788889067 855289 3959223
3 43 4025801 0 1788889067 855453 3901597
0 86 4034083 0 1788889067 973033 3967505
1 86 4029024 0 1788889067 973263 3998563
2 45 4042221 0 1788889067 973374 3923528
0 87 4109992 0 1788889068 66324 4050264
1 87 4091560 0 1788889068 66553 4062567
3 44 4113403 0 1788889068 66685 4019513
0 88 4133222 0 1788889068 217403 4035486
1 88 4119384 0 1788889068 217579 4070370
2 46 4215176 0 1788889068 217825 4063415
0 89 4287600 0 1788889068 412948 4157031
1 89 4261689 0 1788889068 413990 4210213
3 45 4300707 0 1788889068 414105 4103678
2 47 4302518 0 1788889068 460663 4254560
0 90 4284202 0 1788889068 463706 4280640
