4 1 134621 0 1788888987 203594 30499
5 1 125018 0 1788888987 204451 51610
6 1 124643 0 1788888987 204623 83949
4 2 183510 0 1788888987 286115 130762
5 2 179859 0 1788888987 286528 153195
7 1 205454 0 1788888987 286680 122130
4 3 238691 0 1788888987 378002 173396
5 3 234984 0 1788888987 378188 202636
6 2 244123 0 1788888987 378344 151670
4 4 308375 0 1788888987 464537 251366
5 4 302955 0 1788888987 464746 270615
7 2 319229 0 1788888987 464858 232187
4 5 366386 0 1788888987 540343 317412
5 5 348771 0 1788888987 541731 323019
6 3 372552 0 1788888987 543029 293865
4 6 411862 0 1788888987 631754 356692
5 6 393695 0 1788888987 633589 362826
7 3 415921 0 1788888987 633781 322306
4 7 437910 0 1788888987 719488 386219
5 7 417824 0 1788888987 719668 394549
6 4 453237 0 1788888987 719813 364895
4 8 464814 0 1788888987 795290 414619
5 8 399913 0 1788888987 795494 375901
7 4 466650 0 1788888987 795674 390284
4 9 484760 0 1788888987 891172 426330
5 9 480678 0 1788888987 891339 451784
6 5 487248 0 1788888987 891542 390805
4 10 537299 0 1788888987 982882 478534
5 10 513776 0 1788888987 983600 482676
7 5 549856 0 1788888987 983917 456923
4 11 552283 0 1788888988 68056 498831
5 11 530694 0 1788888988 68183 505016
6 6 563567 0 1788888988 68357 477893
4 12 608322 0 1788888988 208740 515048
5 12 514178 0 1788888988 208968 462140
7 6 616348 0 1788888988 209132 475083
4 13 691728 0 1788888988 406157 561017
5 13 654591 0 1788888988 406413 578984
6 7 705250 0 1788888988 406942 506679
4 14 754051 0 1788888988 512377 699583
5 14 751373 0 1788888988 512596 727261
7 7 759693 0 1788888988 513348 652276
4 15 843468 0 1788888988 613223 782780
5 15 837575 0 1788888988 613439 807481
6 8 846547 0 1788888988 613723 744966
4 16 877206 0 1788888988 713981 816400
5 16 850455 0 1788888988 714184 823616
7 8 917211 0 1788888988 714329 815893
4 17 894966 0 1788888988 792642 843898
5 17 877199 0 1788888988 792894 848672
6 9 907181 0 1788888988 793070 827915
4 18 931834 0 1788888988 889041 867496
5 18 877277 0 1788888988 889230 842709
7 9 936495 0 1788888988 889361 839551
4 19 891525 0 1788888988 976457 838801
5 19 889930 0 1788888988 976949 864110
6 10 940869 0 1788888988 977123 852542
4 20 951509 0 1788888989 66420 892589
5 20 920463 0 1788888989 66544 887985
7 10 974243 0 1788888989 66860 883655
4 21 966796 0 1788888989 159054 909102
5 21 951891 0 1788888989 159285 921234
6 11 997709 0 1788888989 159493 904180
4 22 1013577 0 1788888989 249934 952899
5 22 1004805 0 1788888989 250088 977012
7 11 1029832 0 1788888989 253672 934992
4 23 1031824 0 1788888989 336880 975667
5 23 1028186 0 1788888989 337805 998925
6 12 1084307 0 1788888989 337982 996093
4 24 1096361 0 1788888989 425803 1038261
5 24 1051408 0 1788888989 426027 1024712
7 12 1109579 0 1788888989 426136 1020022
4 25 1128429 0 1788888989 515657 1069812
5 25 1116560 0 1788888989 516057 1086424
6 13 1130947 0 1788888989 516543 1039905
4 26 1171751 0 1788888989 605502 1108691
5 26 1143251 0 1788888989 605695 1111331
7 13 1204667 0 1788888989 605806 1114340
4 27 1194726 0 1788888989 706711 1121546
5 27 1173220 0 1788888989 706883 1141599
6 14 1245749 0 1788888989 709136 1141749
4 28 1238105 0 1788888989 781684 1190218
5 28 1222549 0 1788888989 782043 1198418
7 14 1246112 0 1788888989 782164 1170489
4 29 1235080 0 1788888989 862976 1182771
5 29 1224679 0 1788888989 863148 1196196
6 15 1240143 0 1788888989 863343 1158148
4 30 1304378 0 1788888989 950476 1248433
5 30 1280857 0 1788888989 950664 1252044
7 15 1305373 0 1788888989 950772 1217401
4 31 1332972 0 1788888990 30759 1282789
5 31 1327216 0 1788888990 30888 1300848
6 16 1342913 0 1788888990 31557 1261532
4 32 1391367 0 1788888990 124926 1333097
5 32 1374305 0 1788888990 125207 1345957
7 16 1421568 0 1788888990 125310 1326834
4 33 1445498 0 1788888990 218532 1381829
5 33 1435304 0 1788888990 219191 1407561
6 17 1446507 0 1788888990 219653 1351747
4 34 1512041 0 1788888990 311921 1454117
5 34 1501573 0 1788888990 312109 1470327
7 17 1522653 0 1788888990 312321 1428690
4 35 1521539 0 1788888990 403745 1464026
5 35 1521588 0 1788888990 403941 1491465
6 18 1532695 0 1788888990 404143 1440270
4 36 1624182 0 1788888990 542077 1523874
5 36 1601846 0 1788888990 542511 1557335
7 18 1644309 0 1788888990 543022 1504838
4 37 1693767 0 1788888990 645269 1624516
5 37 1682871 0 1788888990 645543 1648035
6 19 1700082 0 1788888990 645658 1596126
4 38 1750699 0 1788888990 744454 1686677
5 38 1744397 0 1788888990 744652 1709871
7 19 1775945 0 1788888990 745324 1675687
4 39 1814357 0 1788888990 823666 1761761
5 39 1793503 0 1788888990 823793 1767534
6 20 1822523 0 1788888990 823981 1742678
4 40 1831725 0 1788888990 901940 1781824
5 40 1822323 0 1788888990 902245 1796731
7 20 1837256 0 1788888990 902420 1758338
4 41 1878026 0 1788888990 979506 1827972
5 41 1846111 0 1788888990 979686 1821987
6 21 1893289 0 1788888990 979876 1815143
4 42 1884745 0 1788888991 57214 1831254
5 42 1881004 0 1788888991 57470 1852254
7 21 1914673 0 1788888991 57635 1836384
4 43 1926356 0 1788888991 135189 1874830
5 43 1920508 0 1788888991 135295 1894217
6 22 1928599 0 1788888991 135377 1850156
4 44 1971927 0 1788888991 208217 1924042
5 44 1950095 0 1788888991 208917 1924836
7 22 1977463 0 1788888991 209031 1903375
4 45 1981945 0 1788888991 300747 1928259
5 45 1971918 0 1788888991 301001 1943617
6 23 1991537 0 1788888991 301164 1898421
4 46 1998931 0 1788888991 391343 1938420
5 46 1957150 0 1788888991 391664 1926218
7 23 2049409 0 1788888991 392115 1957834
4 47 1967667 0 1788888991 483661 1907671
5 47 1941484 0 1788888991 483826 1912141
6 24 1982632 0 1788888991 483990 1889791
4 48 2199386 0 1788888991 803505 1913544
5 48 2190739 0 1788888991 804760 2132635
7 24 2209669 0 1788888991 806144 1887033
4 49 2289547 0 1788888991 955016 2181671
5 49 2285591 0 1788888991 955202 2230531
6 25 2313072 0 1788888991 955289 2160725
4 50 2442965 0 1788888992 184091 2291625
5 50 2401518 0 1788888992 184312 2327183
7 25 2489782 0 1788888992 184423 2259922
4 51 2476060 0 1788888992 306560 2401953
5 51 2475621 0 1788888992 306847 2442831
6 26 2506748 0 1788888992 307051 2383560
4 52 2579350 0 1788888992 414907 2515678
5 52 2550594 0 1788888992 415117 2519281
7 26 2580515 0 1788888992 415863 2470972
4 53 2623871 0 1788888992 509975 2560522
5 53 2572608 0 1788888992 510297 2539157
6 27 2628489 0 1788888992 510712 2532473
4 54 2602687 0 1788888992 605686 2537463
5 54 2590638 0 1788888992 605896 2556615
7 27 2669183 0 1788888992 607133 2571723
4 55 2731981 0 1788888992 781726 2620357
5 55 2724035 0 1788888992 781946 2664315
6 28 2754233 0 1788888992 786570 2573195
5 56 2822281 0 1788888992 890617 2816769
4 56 2927939 0 1788888992 995816 2767501
6 29 2898241 0 1788888992 996785 2845471
7 28 2930511 0 1788888992 997225 2714856
4 57 2964385 0 1788888993 117607 2881545
5 57 2972881 0 1788888993 118153 2850282
6 30 2964275 0 1788888993 118387 2923050
4 58 3085525 0 1788888993 254758 3003724
5 58 3024975 0 1788888993 255034 2985467
7 29 3093487 0 1788888993 255153 2955085
4 59 3012984 0 1788888993 357101 2948110
5 59 2992183 0 1788888993 357294 2954582
6 31 3060051 0 1788888993 357572 2956924
4 60 3098722 0 1788888993 488035 3002460
5 60 3074964 0 1788888993 488411 3035156
7 30 3119080 0 1788888993 491894 2984105
4 61 3064906 0 1788888993 586056 3002075
5 61 3004454 0 1788888993 586536 2970694
6 32 3151673 0 1788888993 587139 3052195
4 62 3084589 0 1788888993 691363 3025926
5 62 3084337 0 1788888993 691965 3055055
7 31 3108116 0 1788888993 692295 3001614
4 63 3139747 0 1788888993 785730 3076527
5 63 3126883 0 1788888993 785946 3096113
6 33 3171244 0 1788888993 786072 3076252
4 64 3193333 0 1788888993 902876 3118396
5 64 3151098 0 1788888993 903204 3111694
7 32 3212617 0 1788888993 903990 3094158
4 65 3336444 0 1788888994 123058 3166385
5 65 3335141 0 1788888994 123197 3242097
6 34 3383542 0 1788888994 137223 3148766
4 66 3533762 0 1788888994 347801 3410491
5 66 3530693 0 1788888994 348365 3462214
7 33 3549480 0 1788888994 348596 3323778
4 67 3644871 0 1788888994 474724 3566290
5 67 3620635 0 1788888994 475733 3582192
6 35 3646938 0 1788888994 475924 3518133
4 68 3661263 0 1788888994 576651 3599112
5 68 3623885 0 1788888994 576903 3591799
7 34 3674574 0 1788888994 577032 3571420
4 69 3703897 0 1788888994 675496 3637654
5 69 3692945 0 1788888994 675746 3660295
6 36 3705031 0 1788888994 676061 3605378
4 70 3753930 0 1788888994 764601 3695562
5 70 3748668 0 1788888994 765449 3717311
7 35 3755876 0 1788888994 765946 3665201
4 71 3845609 0 1788888994 915167 3742737
5 71 3812325 0 1788888994 915506 3757247
6 37 3877724 0 1788888994 915644 3726355
4 72 3879654 0 1788888995 29432 3819708
5 72 3881086 0 1788888995 33470 3847487
7 36 3918765 0 1788888995 33689 3798400
4 73 3945605 0 1788888995 133523 3879538
5 73 3906510 0 1788888995 133706 3875783
6 38 3964375 0 1788888995 133815 3859553
4 74 3956950 0 1788888995 228500 3893372
5 74 3938976 0 1788888995 228726 3906408
7 37 3995592 0 1788888995 228882 3899969
4 75 3983739 0 1788888995 320798 3919885
5 75 3958745 0 1788888995 320984 3926832
6 39 4022072 0 1788888995 321442 3928894
4 76 4008308 0 1788888995 417536 3940148
5 76 3956072 0 1788888995 417743 3925312
7 38 4042625 0 1788888995 417912 3945300
4 77 4028001 0 1788888995 524625 3954039
5 77 4020838 0 1788888995 525441 3982955
6 40 4029797 0 1788888995 525651 3921373
4 78 4095887 0 1788888995 621822 4031058
5 78 4023061 0 1788888995 624509 3989140
7 39 4102016 0 1788888995 624991 4001408
4 79 4023693 0 1788888995 723045 3960048
5 79 3988734 0 1788888995 723259 3956981
6 41 4082852 0 1788888995 723491 3980954
4 80 4055871 0 1788888995 817939 3989702
5 80 4042293 0 1788888995 818140 4009176
7 40 4080226 0 1788888995 818299 3984744
4 81 4089684 0 1788888995 916308 4024113
5 81 4067527 0 1788888995 918138 4030689
6 42 4137723 0 1788888995 918358 4037100
4 82 4163364 0 1788888996 43529 4081678
5 82 4113614 0 1788888996 43689 4070596
7 41 4190089 0 1788888996 43904 4062277
4 83 4192956 0 1788888996 183366 4100518
5 83 4166492 0 1788888996 183605 4118469
6 43 4214537 0 1788888996 189647 4068160
4 84 4260363 0 1788888996 300793 4188859
5 84 4205874 0 1788888996 300994 4167689
7 42 4278483 0 1788888996 301211 4160439
4 85 4306598 0 1788888996 418396 4230531
5 85 4294860 0 1788888996 418652 4256959
6 44 4315442 0 1788888996 419363 4196373
4 86 4374908 0 1788888996 535179 4304868
5 86 4367497 0 1788888996 535326 4332836
7 43 4405862 0 1788888996 535494 4288423
4 87 4429367 0 1788888996 663451 4351792
5 87 4339942 0 1788888996 663660 4299261
6 45 4440991 0 1788888996 663917 4312022
4 88 4414773 0 1788888996 767547 4348722
5 88 4341874 0 1788888996 767784 4313111
7 44 4440899 0 1788888996 767975 4336093
4 89 4393484 0 1788888996 850968 4342938
5 89 4393381 0 1788888996 851168 4367737
6 46 4420281 0 1788888996 852039 4335581
4 90 4475384 0 1788888996 939978 4415827
5 90 4473879 0 1788888996 940143 4441015
7 45 4478230 0 1788888996 940251 4388764
4 91 4535116 0 1788888997 47453 4460748
5 91 4478873 0 1788888997 47700 4440297
6 47 4559857 0 1788888997 47872 4451776
7 46 4476958 0 1788888997 52088 4472031
