4 1 104502 0 1788889048 349795 25091
5 1 100953 0 1788889048 356706 41580
6 1 100557 0 1788889048 356857 67051
4 2 155608 0 1788889048 434533 105273
5 2 151742 0 1788889048 434730 124242
7 1 177346 0 1788889048 434892 91976
4 3 219372 0 1788889048 535003 152909
5 3 215680 0 1788889048 535205 179443
6 2 224852 0 1788889048 535393 123337
4 4 311793 0 1788889048 644276 250269
5 4 306686 0 1788889048 644797 272074
7 2 322995 0 1788889048 644945 212833
4 5 381900 0 1788889048 732175 323536
5 5 363365 0 1788889048 732646 333998
6 3 387260 0 1788889048 734058 297016
4 6 416645 0 1788889048 812857 366257
5 6 396871 0 1788889048 813085 371811
7 3 419007 0 1788889048 813187 337809
4 7 439491 0 1788889048 897390 387639
5 7 419449 0 1788889048 897612 391488
6 4 454877 0 1788889048 897774 369770
4 8 489076 0 1788889048 995873 428249
5 8 424215 0 1788889048 996116 393727
7 4 490957 0 1788889048 996301 391820
4 9 510298 0 1788889049 93031 442625
5 9 506214 0 1788889049 93195 470824
6 5 512685 0 1788889049 93299 415072
4 10 550879 0 1788889049 172782 499603
5 10 527295 0 1788889049 173439 500158
7 5 563152 0 1788889049 173534 482400
4 11 556886 0 1788889049 248979 506228
5 11 535317 0 1788889049 249126 510032
6 6 568245 0 1788889049 249355 491488
4 12 549822 0 1788889049 326560 501649
5 12 455627 0 1788889049 326736 432035
7 6 557896 0 1788889049 327000 479669
4 13 510970 0 1788889049 401719 464793
5 13 473781 0 1788889049 401923 450795
6 7 524139 0 1788889049 402152 448396
4 14 554387 0 1788889049 489032 498490
5 14 551656 0 1788889049 489199 524112
7 7 559991 0 1788889049 489966 471516
4 15 639531 0 1788889049 585606 570657
5 15 633597 0 1788889049 585781 591784
6 8 642433 0 1788889049 585929 545352
4 16 734055 0 1788889049 747150 615265
5 16 707597 0 1788889049 747646 661754
7 8 774378 0 1788889049 747816 611758
4 17 780280 0 1788889049 854275 730619
5 17 762395 0 1788889049 854411 736089
6 9 792331 0 1788889049 854540 675937
4 18 806212 0 1788889049 939739 749659
5 18 751685 0 1788889049 939958 718612
7 9 810882 0 1788889049 940068 724983
4 19 761307 0 1788889050 22560 711034
5 19 759431 0 1788889050 22770 733318
6 10 810307 0 1788889050 22882 726814
4 20 827497 0 1788889050 118727 772284
5 20 796516 0 1788889050 118917 768173
7 10 850147 0 1788889050 119084 753384
4 21 871119 0 1788889050 239696 781174
5 21 856179 0 1788889050 239893 810994
6 11 901929 0 1788889050 240033 780382
4 22 950324 0 1788889050 363001 879042
5 22 941633 0 1788889050 363236 907863
7 11 963255 0 1788889050 363414 838151
4 23 990307 0 1788889050 471682 917092
5 23 988424 0 1788889050 474362 951807
6 12 1044596 0 1788889050 474591 932823
4 24 1076937 0 1788889050 582699 1003536
5 24 1032247 0 1788889050 583186 995380
7 12 1090659 0 1788889050 583535 978569
4 25 1111605 0 1788889050 675154 1055539
5 25 1099474 0 1788889050 675291 1069889
6 13 1114094 0 1788889050 676010 1020314
4 26 1162887 0 1788889050 772958 1099361
5 26 1134722 0 1788889050 773486 1103909
7 13 1196418 0 1788889050 773877 1097501
4 27 1182722 0 1788889050 871026 1125017
5 27 1161263 0 1788889050 871247 1134905
6 14 1232392 0 1788889050 872099 1132527
4 28 1240078 0 1788889050 959976 1181654
5 28 1224450 0 1788889050 960263 1196370
7 14 1248262 0 1788889050 960634 1158333
4 29 1241683 0 1788889051 45898 1184502
5 29 1231307 0 1788889051 46096 1200457
6 15 1246993 0 1788889051 46513 1160257
4 30 1308544 0 1788889051 130962 1253186
5 30 1285068 0 1788889051 131195 1256026
7 15 1309631 0 1788889051 131350 1223990
4 31 1352031 0 1788889051 226138 1291904
5 31 1346351 0 1788889051 226343 1312031
6 16 1361498 0 1788889051 226461 1265796
4 32 1417081 0 1788889051 326959 1347619
5 32 1399980 0 1788889051 327202 1361261
7 16 1447250 0 1788889051 327312 1345843
4 33 1485630 0 1788889051 434984 1409806
5 33 1475270 0 1788889051 435479 1437715
6 17 1486379 0 1788889051 435689 1377439
4 34 1587997 0 1788889051 564197 1497458
5 34 1577636 0 1788889051 564491 1525658
7 17 1598782 0 1788889051 564770 1468702
4 35 1637208 0 1788889051 695735 1562620
5 35 1637164 0 1788889051 695837 1600981
6 18 1648165 0 1788889051 695934 1515183
4 36 1875452 0 1788889051 969667 1726849
5 36 1852816 0 1788889051 969801 1765001
7 18 1894927 0 1788889051 969960 1619649
4 37 2105386 0 1788889052 233207 1934094
5 37 2094412 0 1788889052 233405 2011585
6 19 2111669 0 1788889052 233565 1847539
4 38 2261114 0 1788889052 431190 2124201
5 38 2254835 0 1788889052 431410 2184498
7 19 2286001 0 1788889052 431701 2087298
4 39 2484865 0 1788889052 670494 2369215
5 39 2464088 0 1788889052 670698 2415795
6 20 2493088 0 1788889052 670866 2253164
4 40 2535091 0 1788889052 781627 2469035
5 40 2525588 0 1788889052 781830 2491399
7 20 2540462 0 1788889052 781946 2428716
4 41 2618103 0 1788889052 895903 2535883
5 41 2586164 0 1788889052 896059 2544346
6 21 2633613 0 1788889052 896519 2518478
4 42 2690123 0 1788889053 38912 2596292
5 42 2686839 0 1788889053 39626 2642386
7 21 2721291 0 1788889053 40572 2576249
4 43 2827897 0 1788889053 213050 2712264
5 43 2822342 0 1788889053 213449 2773962
6 22 2830509 0 1788889053 213607 2655180
4 44 2931274 0 1788889053 343884 2838177
5 44 2909789 0 1788889053 344931 2862884
7 22 2937169 0 1788889053 345057 2804883
4 45 2970223 0 1788889053 465346 2886037
5 45 2960080 0 1788889053 465483 2914513
6 23 2980127 0 1788889053 466073 2857658
4 46 2960163 0 1788889053 528894 2956336
5 46 3190143 0 1788889053 800977 3018307
6 24 3127400 0 1788889053 805078 3049802
7 23 3286228 0 1788889053 805253 2946076
4 47 3265301 0 1788889053 957616 3108535
5 47 3239105 0 1788889053 957767 3143817
6 25 3185168 0 1788889053 957962 3141611
4 48 3368356 0 1788889054 158697 3212291
5 48 3341183 0 1788889054 159721 3256540
7 24 3388603 0 1788889054 169042 3176928
4 49 3517758 0 1788889054 363689 3403509
5 49 3492948 0 1788889054 363909 3434605
6 26 3522928 0 1788889054 364717 3316411
4 50 3590224 0 1788889054 549339 3462395
5 50 3572916 0 1788889054 549539 3500409
7 25 3632253 0 1788889054 549699 3445838
4 51 3717346 0 1788889054 724892 3625780
5 51 3713546 0 1788889054 725214 3667898
6 27 3718578 0 1788889054 725398 3542334
4 52 3824937 0 1788889054 865781 3731300
5 52 3808777 0 1788889054 867320 3766080
7 26 3855683 0 1788889054 867560 3712820
4 53 3852917 0 1788889054 966980 3785529
5 53 3852958 0 1788889054 967228 3815757
6 28 3904951 0 1788889054 967375 3803157
4 54 3864726 0 1788889055 56304 3807410
5 54 3847880 0 1788889055 56536 3819909
7 27 3877329 0 1788889055 56649 3787050
4 55 3921583 0 1788889055 155815 3854327
5 55 3912958 0 1788889055 155992 3878761
6 29 3930084 0 1788889055 156149 3830064
4 56 4014157 0 1788889055 258814 3942239
5 56 3984385 0 1788889055 259249 3943183
7 28 4018486 0 1788889055 262684 3911381
4 57 4062301 0 1788889055 391843 3970089
5 57 4061608 0 1788889055 392039 4007405
6 30 4070624 0 1788889055 392215 3936739
4 58 4177079 0 1788889055 522632 4100304
5 58 4116426 0 1788889055 522805 4078704
7 29 4184961 0 1788889055 522948 4053561
4 59 4110905 0 1788889055 631341 4039889
5 59 4090150 0 1788889055 631581 4052204
6 31 4157907 0 1788889055 631747 4048499
4 60 4204846 0 1788889055 770479 4112523
5 60 4181057 0 1788889055 770824 4132451
7 30 4228832 0 1788889055 777965 4081896
4 61 4207365 0 1788889055 904835 4128875
5 61 4146922 0 1788889055 905324 4104197
6 32 4293924 0 1788889055 905710 4158533
4 62 4296157 0 1788889056 79250 4184544
5 62 4295460 0 1788889056 79409 4243345
7 31 4319141 0 1788889056 79640 4143738
4 63 4405004 0 1788889056 227307 4323348
5 63 4392158 0 1788889056 227541 4351385
6 33 4436608 0 1788889056 227755 4287866
4 64 4452947 0 1788889056 338810 4381115
5 64 4410585 0 1788889056 339011 4374389
7 32 4471415 0 1788889056 339108 4359076
4 65 4472106 0 1788889056 435039 4410850
5 65 4470868 0 1788889056 435244 4442968
6 34 4505747 0 1788889056 435747 4408562
4 66 4543434 0 1788889056 533792 4481934
5 66 4539924 0 1788889056 533915 4507518
7 33 4558627 0 1788889056 534063 4459427
4 67 4636441 0 1788889056 642615 4562078
5 67 4611384 0 1788889056 642801 4576328
6 35 4637686 0 1788889056 642992 4528252
4 68 4724462 0 1788889056 816169 4595428
5 68 4687165 0 1788889056 816503 4618558
7 34 4737841 0 1788889056 816619 4563625
4 69 4798687 0 1788889056 946606 4720599
5 69 4787620 0 1788889056 946741 4750234
6 36 4799552 0 1788889056 946902 4668550
4 70 4867445 0 1788889057 54435 4800823
5 70 4861590 0 1788889057 54691 4829444
7 35 4868559 0 1788889057 54950 4759917
4 71 4897353 0 1788889057 143230 4836503
5 71 4864083 0 1788889057 143584 4831519
6 37 4929593 0 1788889057 143834 4839996
4 72 4916008 0 1788889057 242106 4856487
5 72 4913575 0 1788889057 242280 4882683
7 36 4951219 0 1788889057 242463 4851732
4 73 4992427 0 1788889057 356665 4911571
5 73 4953910 0 1788889057 357426 4917179
6 38 5011841 0 1788889057 357600 4896087
4 74 5015931 0 1788889057 463802 4943995
5 74 4997940 0 1788889057 464010 4966797
7 37 5059048 0 1788889057 468658 4946639
4 75 5043701 0 1788889057 557081 4983702
5 75 5018650 0 1788889057 557208 4987098
6 39 5081705 0 1788889057 557395 4987877
4 76 5076864 0 1788889057 662411 5001875
5 76 5024590 0 1788889057 662580 4985632
7 38 5111078 0 1788889057 662685 5005306
4 77 5091603 0 1788889057 764547 5023064
5 77 5084585 0 1788889057 765509 5043754
6 40 5093502 0 1788889057 765676 4989579
4 78 5151857 0 1788889057 854112 5091813
5 78 5076518 0 1788889057 854286 5043491
7 39 5155175 0 1788889057 854471 5064935
4 79 5100465 0 1788889057 976136 5022187
5 79 5065666 0 1788889057 976510 5024997
6 41 5159732 0 1788889057 976691 5036927
4 80 5147855 0 1788889058 86243 5080762
5 80 5134529 0 1788889058 86696 5101943
7 40 5172511 0 1788889058 86904 5061451
4 81 5235125 0 1788889058 238070 5140067
5 81 5211291 0 1788889058 238221 5159211
6 42 5282299 0 1788889058 239253 5128952
7 41 5218219 0 1788889058 248354 5207600
