4 1 148785 0 1788888977 101745 34338
5 1 139889 0 1788888977 103309 72362
6 1 139460 0 1788888977 103427 106993
4 2 240551 0 1788888977 227142 158864
5 2 236681 0 1788888977 227337 198901
7 1 262323 0 1788888977 227536 136114
4 3 323282 0 1788888977 346580 244305
5 3 319814 0 1788888977 347006 288360
6 2 329779 0 1788888977 347988 208691
4 4 434976 0 1788888977 475125 340015
5 4 429507 0 1788888977 475285 392315
7 2 445831 0 1788888977 475448 316646
4 5 509038 0 1788888977 566981 451590
5 5 490209 0 1788888977 567156 463955
6 3 513695 0 1788888977 568159 420412
4 6 550217 0 1788888977 654097 493408
5 6 530447 0 1788888977 654329 497473
7 3 552608 0 1788888977 654455 464932
4 7 562766 0 1788888977 728331 513619
5 7 542719 0 1788888977 728549 518154
6 4 578507 0 1788888977 729071 503296
4 8 586521 0 1788888977 800985 540763
5 8 521662 0 1788888977 801230 497752
7 4 588474 0 1788888977 801485 515085
4 9 585099 0 1788888977 875498 537134
5 9 581524 0 1788888977 876172 555037
6 5 588480 0 1788888977 876761 512452
4 10 624575 0 1788888977 954145 576183
5 10 602504 0 1788888977 956315 576006
7 5 638372 0 1788888977 956420 557261
4 11 632003 0 1788888978 31763 582894
5 11 610490 0 1788888978 31966 583279
6 6 643341 0 1788888978 32118 565172
4 12 620188 0 1788888978 104595 573674
5 12 526062 0 1788888978 104838 502787
7 6 628182 0 1788888978 104953 554802
4 13 586739 0 1788888978 185155 536916
5 13 549513 0 1788888978 185322 524767
6 7 600365 0 1788888978 186044 518716
4 14 614436 0 1788888978 256748 569457
5 14 611710 0 1788888978 256920 588758
7 7 622203 0 1788888978 259845 547302
4 15 679391 0 1788888978 333134 631017
5 15 673443 0 1788888978 333294 649467
6 8 682280 0 1788888978 333443 605406
4 16 690091 0 1788888978 410853 640071
5 16 663319 0 1788888978 411035 638233
7 8 730157 0 1788888978 411263 651825
4 17 718734 0 1788888978 500396 662534
5 17 700932 0 1788888978 500614 674919
6 9 730898 0 1788888978 500774 640772
4 18 755246 0 1788888978 596440 697357
5 18 700804 0 1788888978 596744 671972
7 9 760212 0 1788888978 597066 663377
4 19 716101 0 1788888978 685020 657798
5 19 714144 0 1788888978 685151 685960
6 10 769349 0 1788888978 689590 675937
4 20 773539 0 1788888978 772436 717664
5 20 742552 0 1788888978 772620 710091
7 10 796172 0 1788888978 772776 708235
4 21 785414 0 1788888978 861658 727407
5 21 770512 0 1788888978 861893 739657
6 11 816300 0 1788888978 862071 726432
4 22 833511 0 1788888978 953856 777179
5 22 824985 0 1788888978 954255 798519
7 11 846554 0 1788888978 954380 753598
4 23 842595 0 1788888979 31638 791490
5 23 838814 0 1788888979 32419 813317
6 12 894870 0 1788888979 32532 816010
4 24 904548 0 1788888979 117977 849058
5 24 859544 0 1788888979 118150 832729
7 12 917774 0 1788888979 118317 830917
4 25 938454 0 1788888979 209669 879196
5 25 926376 0 1788888979 209861 892514
6 13 940571 0 1788888979 210154 848177
4 26 1008996 0 1788888979 326733 920470
5 26 980521 0 1788888979 326951 922228
7 13 1041983 0 1788888979 327108 924107
4 27 1017639 0 1788888979 413610 961721
5 27 996258 0 1788888979 413908 967903
6 14 1067366 0 1788888979 414741 978321
4 28 1078698 0 1788888979 506264 1023215
5 28 1062964 0 1788888979 506445 1035203
7 14 1086567 0 1788888979 506605 993326
4 29 1106377 0 1788888979 618260 1024163
5 29 1096036 0 1788888979 618492 1049619
6 15 1113329 0 1788888979 620517 998899
4 30 1189538 0 1788888979 719623 1132986
5 30 1165952 0 1788888979 719746 1141417
7 15 1190560 0 1788888979 719946 1088667
4 31 1231042 0 1788888979 812817 1167254
5 31 1225360 0 1788888979 813019 1192636
6 16 1240553 0 1788888979 813184 1146802
4 32 1300625 0 1788888979 918171 1230314
5 32 1283520 0 1788888979 918409 1244984
7 16 1330798 0 1788888979 918527 1224861
4 33 1395399 0 1788888980 52420 1308916
5 33 1384718 0 1788888980 52592 1345756
6 17 1395780 0 1788888980 52757 1260750
4 34 1474097 0 1788888980 157963 1407390
5 34 1463628 0 1788888980 158151 1428284
7 17 1484926 0 1788888980 158581 1378589
4 35 1484814 0 1788888980 251008 1426061
5 35 1484952 0 1788888980 251292 1454154
6 18 1496029 0 1788888980 251464 1402236
4 36 1562746 0 1788888980 364629 1494302
5 36 1540174 0 1788888980 364826 1503492
7 18 1582242 0 1788888980 364942 1467786
4 37 1639393 0 1788888980 474882 1566485
5 37 1628410 0 1788888980 475070 1584362
6 19 1645633 0 1788888980 475196 1534568
4 38 1715097 0 1788888980 592840 1640022
5 38 1708784 0 1788888980 593026 1669006
7 19 1739778 0 1788888980 593144 1621351
4 39 1825372 0 1788888980 718668 1734366
5 39 1804550 0 1788888980 718828 1755468
6 20 1833545 0 1788888980 718990 1707097
4 40 1880255 0 1788888980 834458 1802582
5 40 1872507 0 1788888980 836417 1818879
7 20 1887406 0 1788888980 836557 1769219
4 41 1980361 0 1788888980 965829 1893664
5 41 1954610 0 1788888980 972172 1904628
6 21 2002426 0 1788888980 973000 1862958
4 42 2048889 0 1788888981 105345 1969363
5 42 2045258 0 1788888981 105711 2009649
7 21 2078929 0 1788888981 105877 1937349
4 43 2162016 0 1788888981 254836 2053413
5 43 2156209 0 1788888981 254982 2104091
6 22 2177359 0 1788888981 268124 2014336
4 44 2359528 0 1788888981 479806 2223969
5 44 2341609 0 1788888981 484419 2278274
7 22 2374243 0 1788888981 489798 2139035
4 45 2492221 0 1788888981 695012 2350808
5 45 2489360 0 1788888981 702431 2408917
6 23 2509034 0 1788888981 702648 2285992
4 46 2696017 0 1788888981 972416 2508825
5 46 2654130 0 1788888981 972631 2547930
7 23 2746079 0 1788888981 972771 2462371
4 47 2732448 0 1788888982 132429 2622996
5 47 2706397 0 1788888982 132726 2660076
6 24 2747613 0 1788888982 132958 2585930
4 48 2804729 0 1788888982 292835 2694462
5 48 2795051 0 1788888982 293059 2730446
7 24 2814289 0 1788888982 294750 2651773
4 49 3003708 0 1788888982 553165 2817640
5 49 3004119 0 1788888982 557718 2941330
6 25 3031654 0 1788888982 557858 2766303
5 50 3020672 0 1788888982 687453 3016166
6 26 3074587 0 1788888982 758877 3069480
4 50 3229427 0 1788888982 854540 2977108
5 51 3140202 0 1788888982 854689 3095960
7 25 3276457 0 1788888982 855085 2974270
4 51 3278597 0 1788888982 997931 3188376
5 52 3278646 0 1788888982 998190 3233205
6 27 3283156 0 1788888982 998369 3138887
4 52 3347826 0 1788888983 114037 3283078
5 53 3344237 0 1788888983 114327 3313421
7 26 3371251 0 1788888983 119761 3249150
4 53 3461305 0 1788888983 283243 3335288
5 54 3396425 0 1788888983 283411 3342167
6 28 3461847 0 1788888983 283522 3292081
4 54 3495283 0 1788888983 411607 3415272
5 55 3478103 0 1788888983 411835 3425042
7 27 3512740 0 1788888983 411986 3383854
4 55 3547324 0 1788888983 498025 3543747
5 56 3676552 0 1788888983 628417 3589407
6 29 3686780 0 1788888983 628678 3469067
7 28 3676543 0 1788888983 628867 3631410
4 56 3764655 0 1788888983 747186 3645736
5 57 3723059 0 1788888983 752318 3642499
6 30 3715362 0 1788888983 752571 3669296
4 57 3796773 0 1788888983 842426 3731647
5 58 3789401 0 1788888983 842622 3758529
7 29 3804630 0 1788888983 842728 3708878
4 58 3755992 0 1788888983 937499 3696053
5 59 3709637 0 1788888983 937740 3674485
6 31 3823811 0 1788888983 937857 3728011
4 59 3807892 0 1788888984 64693 3725256
5 60 3791591 0 1788888984 64891 3749597
7 30 3815911 0 1788888984 65009 3688026
4 60 3843537 0 1788888984 162990 3785505
5 61 3758026 0 1788888984 163163 3728818
6 32 3865992 0 1788888984 163426 3767066
4 61 3790724 0 1788888984 258891 3732148
5 62 3768256 0 1788888984 259016 3742396
7 31 3793089 0 1788888984 259158 3696676
4 62 3853628 0 1788888984 352442 3792654
5 63 3822676 0 1788888984 352646 3797139
6 33 3861203 0 1788888984 352818 3767059
4 63 3856423 0 1788888984 431783 3804216
5 64 3838435 0 1788888984 431965 3811663
7 32 3889261 0 1788888984 432310 3809212
4 64 3874687 0 1788888984 512355 3819360
5 65 3842451 0 1788888984 513051 3813363
6 34 3877132 0 1788888984 513225 3795442
4 65 3963627 0 1788888984 646731 3871692
5 66 3948875 0 1788888984 646900 3901009
7 33 3975021 0 1788888984 647065 3840130
4 66 4038346 0 1788888984 751320 3974097
5 67 4037688 0 1788888984 751528 4006658
6 35 4050081 0 1788888984 751740 3944883
4 67 4049178 0 1788888984 835624 3994611
5 68 4036532 0 1788888984 835906 4008154
7 34 4096991 0 1788888984 836075 4012034
4 68 4059828 0 1788888984 914846 4006711
5 69 4060653 0 1788888984 916238 4031733
6 36 4079344 0 1788888984 916349 3998419
4 69 4101875 0 1788888984 995932 4049269
5 70 4101445 0 1788888984 996103 4072224
7 35 4129551 0 1788888984 996339 4047820
4 70 4150811 0 1788888985 72719 4100272
5 71 4119337 0 1788888985 72881 4093773
6 37 4172258 0 1788888985 73026 4094993
4 71 4161860 0 1788888985 160771 4104219
5 72 4127232 0 1788888985 160997 4094849
7 36 4173969 0 1788888985 161137 4085323
4 72 4195819 0 1788888985 249245 4136161
5 73 4177702 0 1788888985 249607 4150806
6 38 4213915 0 1788888985 250286 4124171
4 73 4209068 0 1788888985 326345 4158636
5 74 4173963 0 1788888985 329499 4142425
7 37 4218498 0 1788888985 329681 4137860
4 74 4234011 0 1788888985 417368 4177694
5 75 4196710 0 1788888985 417756 4168681
6 39 4244389 0 1788888985 418127 4152355
4 75 4258600 0 1788888985 517874 4186441
5 76 4226665 0 1788888985 519879 4189429
7 38 4274332 0 1788888985 520558 4170901
4 76 4229223 0 1788888985 609065 4169855
5 77 4228657 0 1788888985 609268 4194163
6 40 4264309 0 1788888985 609966 4171968
4 77 4291340 0 1788888985 698302 4233202
5 78 4288586 0 1788888985 698509 4257465
7 39 4310076 0 1788888985 698667 4220259
4 78 4258955 0 1788888985 783581 4209862
5 79 4200470 0 1788888985 783808 4174408
6 41 4298540 0 1788888985 783976 4212632
4 79 4239933 0 1788888985 861994 4187459
5 80 4216076 0 1788888985 862131 4189190
7 40 4243960 0 1788888985 862471 4164763
4 80 4278775 0 1788888985 943396 4226650
5 81 4232980 0 1788888985 943592 4206216
6 42 4284130 0 1788888985 943964 4201885
4 81 4289552 0 1788888986 27354 4235920
5 82 4263424 0 1788888986 27575 4236544
7 41 4293129 0 1788888986 27727 4208623
4 82 4265740 0 1788888986 124836 4198454
5 83 4250904 0 1788888986 125300 4210117
6 43 4311449 0 1788888986 125511 4213121
4 83 4334839 0 1788888986 241554 4267430
5 84 4317342 0 1788888986 241759 4286769
7 42 4340807 0 1788888986 241907 4222423
4 84 4346123 0 1788888986 334032 4290670
5 85 4338423 0 1788888986 334208 4312370
6 44 4358046 0 1788888986 337153 4262205
4 85 4399828 0 1788888986 413447 4349659
5 86 4370109 0 1788888986 414366 4343607
7 43 4406895 0 1788888986 414675 4326113
4 86 4387717 0 1788888986 494629 4333562
5 87 4377483 0 1788888986 495554 4348947
6 45 4443903 0 1788888986 495719 4361463
4 87 4366024 0 1788888986 577086 4312760
5 88 4340518 0 1788888986 577278 4312319
7 44 4369978 0 1788888986 577683 4286778
4 88 4337568 0 1788888986 653314 4288573
5 89 4312108 0 1788888986 653578 4286152
6 46 4343856 0 1788888986 653753 4267037
4 89 4384399 0 1788888986 730408 4332174
5 90 4388793 0 1788888986 737373 4353061
7 45 4395847 0 1788888986 737621 4311337
4 90 4446004 0 1788888986 818007 4391759
5 91 4421815 0 1788888986 818138 4392927
6 47 4468058 0 1788888986 818310 4379956
4 91 4437772 0 1788888986 896890 4386170
5 92 4413530 0 1788888986 897077 4386339
7 46 4444382 0 1788888986 897196 4364865
6 48 4428065 0 1788888986 922152 4402636
4 92 4376359 0 1788888986 924280 4374023
