0 1 139341 0 1788888987 214687 30578
1 1 123599 0 1788888987 215476 44108
2 1 123093 0 1788888987 215660 86140
0 2 185671 0 1788888987 298051 132524
1 2 157662 0 1788888987 298181 129713
3 1 189092 0 1788888987 298328 105276
0 3 192167 0 1788888987 389651 129730
1 3 172291 0 1788888987 389830 141961
2 2 236027 0 1788888987 389985 143904
0 4 240390 0 1788888987 475994 180395
1 4 232117 0 1788888987 476164 198928
3 2 245503 0 1788888987 476318 158645
0 5 301214 0 1788888987 568604 239862
1 5 295030 0 1788888987 568786 261490
2 3 318151 0 1788888987 569985 223982
0 6 342590 0 1788888987 658225 282529
1 6 318840 0 1788888987 658346 286273
3 3 378170 0 1788888987 658439 288101
0 7 290299 0 1788888987 749909 232769
1 7 283273 0 1788888987 750034 258290
2 4 393772 0 1788888987 750262 301398
0 8 334185 0 1788888987 827513 287080
1 8 290505 0 1788888987 827652 268126
3 4 335941 0 1788888987 827806 257833
0 9 359709 0 1788888987 914410 305027
1 9 348352 0 1788888987 914602 319300
2 5 361349 0 1788888987 914769 273916
0 10 384433 0 1788888988 6265 320072
1 10 362674 0 1788888988 7018 330198
3 5 416586 0 1788888988 7105 323643
0 11 424326 0 1788888988 109441 352368
1 11 419806 0 1788888988 109706 373077
2 6 433725 0 1788888988 114812 323432
0 12 547920 0 1788888988 255981 462706
1 12 498830 0 1788888988 256339 447826
3 6 563527 0 1788888988 256502 415486
0 13 579350 0 1788888988 438712 466329
1 13 546232 0 1788888988 438919 480641
2 7 608659 0 1788888988 439034 425351
0 14 608764 0 1788888988 532844 555077
1 14 608261 0 1788888988 533001 579010
3 7 626557 0 1788888988 533918 531091
0 15 597657 0 1788888988 627296 538548
1 15 596998 0 1788888988 627535 565890
2 8 641932 0 1788888988 627659 546861
0 16 646872 0 1788888988 724906 591729
1 16 638596 0 1788888988 725116 611891
3 8 669461 0 1788888988 725285 571169
0 17 692041 0 1788888988 808663 636509
1 17 681440 0 1788888988 808855 651275
2 9 718657 0 1788888988 809082 634243
0 18 730163 0 1788888988 910486 666291
1 18 636296 0 1788888988 910733 604655
3 9 760502 0 1788888988 910938 657920
0 19 684075 0 1788888988 996067 632095
1 19 677620 0 1788888988 996332 649889
2 10 720504 0 1788888988 996510 634227
0 20 734173 0 1788888989 90421 670725
1 20 714333 0 1788888989 90659 679545
3 10 769411 0 1788888989 91229 674040
0 21 762635 0 1788888989 184069 699639
1 21 730730 0 1788888989 184300 695524
2 11 774552 0 1788888989 184472 680146
0 22 758274 0 1788888989 274424 701552
1 22 725272 0 1788888989 274609 698467
3 11 804365 0 1788888989 278942 709246
0 23 793853 0 1788888989 367785 735951
1 23 783890 0 1788888989 369195 755807
2 12 815368 0 1788888989 369327 720275
0 24 817731 0 1788888989 453596 761092
1 24 787832 0 1788888989 454263 757226
3 12 854975 0 1788888989 454453 768111
0 25 814957 0 1788888989 543161 756787
1 25 813079 0 1788888989 543403 780064
2 13 841001 0 1788888989 543508 750760
0 26 876781 0 1788888989 636376 819397
1 26 872925 0 1788888989 636604 841458
3 13 891410 0 1788888989 636711 797609
0 27 895377 0 1788888989 725372 835611
1 27 879722 0 1788888989 725820 852222
2 14 921944 0 1788888989 726025 832112
0 28 905108 0 1788888989 799316 855790
1 28 901146 0 1788888989 799511 874995
3 14 925649 0 1788888989 799648 851170
0 29 986899 0 1788888989 890674 927693
1 29 982252 0 1788888989 890852 947793
2 15 992410 0 1788888989 891125 900350
0 30 962524 0 1788888989 973739 906730
1 30 946487 0 1788888989 973980 918668
3 15 986080 0 1788888989 974268 902256
0 31 1004262 0 1788888990 60804 948675
1 31 994831 0 1788888990 61024 963311
2 16 1030470 0 1788888990 61170 942770
0 32 1037075 0 1788888990 152976 976817
1 32 980208 0 1788888990 156192 943793
3 16 1083704 0 1788888990 156396 987462
0 33 1063785 0 1788888990 249248 1005418
1 33 1034590 0 1788888990 249778 1001368
2 17 1072561 0 1788888990 249894 975370
0 34 1087929 0 1788888990 352205 1016702
1 34 1064958 0 1788888990 352398 1030978
3 17 1131881 0 1788888990 352586 1028339
0 35 1122888 0 1788888990 441576 1060442
1 35 1061016 0 1788888990 441778 1024288
2 18 1146611 0 1788888990 441975 1056606
0 36 1183149 0 1788888990 578311 1102877
1 36 1167865 0 1788888990 580510 1123145
3 18 1194049 0 1788888990 580639 1054748
0 37 1209788 0 1788888990 677881 1144856
1 37 1186234 0 1788888990 678090 1149792
2 19 1237525 0 1788888990 678594 1137061
0 38 1253251 0 1788888990 770950 1190592
1 38 1245735 0 1788888990 771143 1218729
3 19 1257066 0 1788888990 771500 1163237
0 39 1291099 0 1788888990 849157 1240305
1 39 1288172 0 1788888990 849322 1261168
2 20 1318397 0 1788888990 849733 1239427
0 40 1283436 0 1788888990 927507 1230256
1 40 1263891 0 1788888990 927725 1236833
3 20 1351130 0 1788888990 928455 1271697
0 41 1276152 0 1788888991 5262 1223822
1 41 1276183 0 1788888991 5645 1247916
2 21 1324288 0 1788888991 5800 1245749
0 42 1316327 0 1788888991 84954 1262669
1 42 1295689 0 1788888991 85127 1272041
3 21 1351187 0 1788888991 85224 1271018
0 43 1261741 0 1788888991 160077 1210840
1 43 1253582 0 1788888991 160314 1227433
2 22 1328891 0 1788888991 160475 1253105
0 44 1318629 0 1788888991 243314 1262172
1 44 1296432 0 1788888991 243557 1264520
3 22 1336569 0 1788888991 244484 1251976
0 45 1334559 0 1788888991 326858 1279050
1 45 1333727 0 1788888991 327078 1306818
2 23 1372676 0 1788888991 327186 1288518
0 46 1418996 0 1788888991 416249 1360521
1 46 1408040 0 1788888991 416363 1378266
3 23 1423022 0 1788888991 416713 1332971
0 47 1432486 0 1788888991 512766 1368855
1 47 1422619 0 1788888991 512904 1389782
2 24 1441784 0 1788888991 513014 1344748
0 48 1688148 0 1788888991 852218 1582002
1 48 1673121 0 1788888991 853261 1627050
3 24 1718190 0 1788888991 855216 1375071
0 49 1736094 0 1788888992 18561 1619161
1 49 1734530 0 1788888992 18670 1668236
2 25 1833929 0 1788888992 18751 1666978
0 50 1919890 0 1788888992 224357 1792911
1 50 1856493 0 1788888992 224542 1798825
3 25 1935226 0 1788888992 224715 1728139
0 51 1937557 0 1788888992 348216 1860475
1 51 1931645 0 1788888992 348535 1890382
2 26 1968226 0 1788888992 348708 1843632
0 52 1968604 0 1788888992 451514 1906832
1 52 1955555 0 1788888992 451931 1922404
3 26 1988730 0 1788888992 452152 1884580
0 53 2046930 0 1788888992 544504 1985264
1 53 2005351 0 1788888992 545269 1974908
2 27 2048677 0 1788888992 545504 1954483
0 54 2133806 0 1788888992 678833 2030126
1 54 2119453 0 1788888992 679024 2053977
3 27 2136419 0 1788888992 679151 2001542
0 55 2148217 0 1788888992 747154 2139345
1 55 2320644 0 1788888992 924894 2209272
2 28 2350975 0 1788888992 925256 2104289
3 28 2298234 0 1788888992 925343 2249227
0 56 2393442 0 1788888993 49845 2268334
1 56 2375916 0 1788888993 50077 2289861
2 29 2372338 0 1788888993 50304 2333946
0 57 2433473 0 1788888993 172734 2349744
1 57 2414586 0 1788888993 172965 2370219
3 29 2476518 0 1788888993 173104 2352990
0 58 2466584 0 1788888993 282094 2404022
1 58 2431852 0 1788888993 282325 2399518
2 30 2479279 0 1788888993 282790 2368949
0 59 2466695 0 1788888993 382863 2399811
1 59 2395075 0 1788888993 383244 2362523
3 30 2525156 0 1788888993 383710 2423329
0 60 2370954 0 1788888993 503187 2300857
1 60 2304915 0 1788888993 503330 2275116
2 31 2457385 0 1788888993 505368 2334660
0 61 2385269 0 1788888993 603013 2316156
1 61 2332603 0 1788888993 604141 2294869
3 31 2404380 0 1788888993 604338 2302975
0 62 2385240 0 1788888993 702221 2326401
1 62 2377800 0 1788888993 702425 2345761
2 32 2396353 0 1788888993 702915 2296174
0 63 2480036 0 1788888993 807836 2409979
1 63 2465379 0 1788888993 808014 2436991
3 32 2487264 0 1788888993 812917 2376299
1 64 2523223 0 1788888993 885424 2519901
0 64 2713419 0 1788888994 64875 2489904
2 33 2741037 0 1788888994 83918 2464742
3 33 2721471 0 1788888994 84328 2598477
0 65 2912450 0 1788888994 297839 2775024
1 65 2915974 0 1788888994 298254 2682095
2 34 2884363 0 1788888994 298510 2809694
0 66 2980299 0 1788888994 437586 2898064
1 66 2960406 0 1788888994 437913 2921644
3 34 2990928 0 1788888994 438386 2846489
0 67 3042332 0 1788888994 536790 2980083
1 67 3030677 0 1788888994 536996 3000379
2 35 3054003 0 1788888994 537129 2954137
0 68 3113102 0 1788888994 629680 3051672
1 68 3112261 0 1788888994 630089 3082878
3 35 3116626 0 1788888994 630278 3022902
0 69 3192394 0 1788888994 720812 3135634
1 69 3172695 0 1788888994 721608 3146061
2 36 3201516 0 1788888994 721778 3109046
0 70 3260300 0 1788888994 836221 3174302
1 70 3248303 0 1788888994 836466 3202485
3 36 3271542 0 1788888994 836721 3155421
0 71 3375518 0 1788888994 981606 3276339
1 71 3370057 0 1788888994 981952 3331245
2 37 3386530 0 1788888994 982375 3240069
0 72 3440920 0 1788888995 74326 3379343
1 72 3436772 0 1788888995 74550 3404931
3 37 3444401 0 1788888995 74736 3351006
0 73 3525244 0 1788888995 177974 3457493
1 73 3522006 0 1788888995 178757 3489009
2 38 3535065 0 1788888995 179023 3430111
0 74 3536577 0 1788888995 267569 3480522
1 74 3499837 0 1788888995 267766 3470653
3 38 3574248 0 1788888995 267881 3481926
0 75 3548060 0 1788888995 368151 3482332
1 75 3530888 0 1788888995 368288 3498468
2 39 3548984 0 1788888995 368446 3447767
0 76 3596667 0 1788888995 475866 3528551
1 76 3574875 0 1788888995 476112 3540981
3 39 3613095 0 1788888995 476280 3504723
0 77 3643649 0 1788888995 573911 3585152
1 77 3628865 0 1788888995 574163 3603227
2 40 3651851 0 1788888995 577637 3549801
0 78 3678856 0 1788888995 676370 3614662
1 78 3671147 0 1788888995 676504 3636750
3 40 3718501 0 1788888995 676667 3615546
0 79 3746972 0 1788888995 764028 3687504
1 79 3692980 0 1788888995 764224 3662921
2 41 3753536 0 1788888995 764408 3665301
0 80 3710092 0 1788888995 852634 3649233
1 80 3705225 0 1788888995 852811 3673680
3 41 3714003 0 1788888995 853084 3624707
0 81 3804722 0 1788888995 957751 3730055
1 81 3804282 0 1788888995 958020 3758986
2 42 3812086 0 1788888995 961578 3702866
0 82 3904010 0 1788888996 82858 3821988
1 82 3893409 0 1788888996 83605 3845089
3 42 3920608 0 1788888996 84921 3793201
0 83 3930923 0 1788888996 218983 3852041
1 83 3873072 0 1788888996 219189 3837000
2 43 3994107 0 1788888996 219300 3857349
0 84 3943918 0 1788888996 341095 3860067
1 84 3917413 0 1788888996 341348 3876399
3 43 3955577 0 1788888996 341851 3832424
0 85 4032745 0 1788888996 462887 3950515
1 85 4005099 0 1788888996 463230 3958727
2 44 4036922 0 1788888996 463350 3914453
0 86 4039135 0 1788888996 574862 3969274
1 86 4034233 0 1788888996 575248 3993473
3 44 4047722 0 1788888996 575652 3934717
0 87 4135993 0 1788888996 689102 4061646
1 87 4117560 0 1788888996 689330 4080486
2 45 4139750 0 1788888996 689809 4024586
0 88 4106712 0 1788888996 787670 4050504
1 88 4092889 0 1788888996 787861 4062511
3 45 4188730 0 1788888996 788156 4089461
0 89 4146513 0 1788888996 868638 4092489
1 89 4119729 0 1788888996 868807 4091165
2 46 4158802 0 1788888996 868977 4077290
0 90 4174859 0 1788888996 951139 4119394
1 90 4143843 0 1788888996 951356 4115035
3 46 4196621 0 1788888996 951543 4113519
0 91 4154608 0 1788888997 26997 4117654
2 47 4168566 0 1788888997 27192 4092277
1 91 4152064 0 1788888997 36221 4142590
