4 1 91673 0 1788888895 617040 28795
5 1 81741 0 1788888895 617568 41972
6 1 81334 0 1788888895 617708 61300
4 2 123608 0 1788888895 682606 82557
5 2 119749 0 1788888895 682811 100114
7 1 145315 0 1788888895 682935 79262
4 3 157675 0 1788888895 753380 108046
5 3 153947 0 1788888895 753545 129935
6 2 163084 0 1788888895 753700 91845
4 4 204373 0 1788888895 816929 162976
5 4 198899 0 1788888895 817084 176754
7 2 215148 0 1788888895 817171 151144
4 5 248486 0 1788888895 878835 207454
5 5 229663 0 1788888895 879017 208109
6 3 253079 0 1788888895 879951 189954
4 6 272332 0 1788888895 948619 225614
5 6 252513 0 1788888895 948801 230183
7 3 274724 0 1788888895 948979 204325
4 7 283086 0 1788888896 21058 237842
5 7 262974 0 1788888896 21211 238648
6 4 298375 0 1788888896 21345 225478
4 8 308029 0 1788888896 94899 261155
5 8 243134 0 1788888896 95109 218439
7 4 310086 0 1788888896 95504 235482
4 9 319088 0 1788888896 181894 262907
5 9 314962 0 1788888896 182017 286904
6 5 321509 0 1788888896 182197 233994
4 10 359238 0 1788888896 261215 307842
5 10 337455 0 1788888896 263673 306964
7 5 373347 0 1788888896 263802 291233
4 11 356940 0 1788888896 329108 315176
5 11 335319 0 1788888896 329202 314684
6 6 368138 0 1788888896 329322 299818
4 12 347599 0 1788888896 404411 297994
5 12 253501 0 1788888896 404684 230319
7 6 355814 0 1788888896 404992 279752
4 13 313428 0 1788888896 484251 262271
5 13 276234 0 1788888896 484451 249162
6 7 326567 0 1788888896 484653 246106
4 14 342274 0 1788888896 556993 295468
5 14 339528 0 1788888896 557146 315303
7 7 347705 0 1788888896 557754 274041
4 15 409360 0 1788888896 635510 356949
5 15 403349 0 1788888896 635607 377327
6 8 412114 0 1788888896 635684 333217
4 16 450500 0 1788888896 743669 378516
5 16 423803 0 1788888896 743926 386218
7 8 490715 0 1788888896 744227 381818
4 17 466038 0 1788888896 820108 416628
5 17 448201 0 1788888896 820290 420279
6 9 478422 0 1788888896 820705 401154
4 18 488614 0 1788888896 902215 436487
5 18 434144 0 1788888896 902492 408271
7 9 493341 0 1788888896 902601 410673
4 19 442135 0 1788888896 983461 387925
5 19 440224 0 1788888896 983637 416205
6 10 491130 0 1788888896 983779 409340
4 20 488819 0 1788888897 60123 435420
5 20 457885 0 1788888897 60360 427188
7 10 511683 0 1788888897 60694 434288
4 21 489314 0 1788888897 137965 439881
5 21 474427 0 1788888897 138215 449035
6 11 520145 0 1788888897 138323 441708
4 22 523238 0 1788888897 215989 472799
5 22 514488 0 1788888897 216165 489462
7 11 536174 0 1788888897 216407 457511
4 23 531884 0 1788888897 293333 485002
5 23 527518 0 1788888897 293530 503222
6 12 584246 0 1788888897 294315 505762
4 24 586849 0 1788888897 372685 533986
5 24 542075 0 1788888897 373088 516916
7 12 600273 0 1788888897 373223 520179
4 25 609477 0 1788888897 453099 560834
5 25 597362 0 1788888897 453253 575925
6 13 611423 0 1788888897 453414 530512
4 26 643559 0 1788888897 533703 589332
5 26 615072 0 1788888897 533909 581114
7 13 676470 0 1788888897 534002 595343
4 27 639492 0 1788888897 607871 590442
5 27 618218 0 1788888897 608275 591787
6 14 688965 0 1788888897 608746 613738
4 28 684006 0 1788888897 683978 636071
5 28 668252 0 1788888897 684139 643725
7 14 691980 0 1788888897 684425 615251
4 29 678132 0 1788888897 762422 625312
5 29 667756 0 1788888897 762619 640375
6 15 683365 0 1788888897 762959 604194
4 30 741764 0 1788888897 844257 686802
5 30 718402 0 1788888897 844603 690779
7 15 743242 0 1788888897 845035 660404
4 31 778552 0 1788888897 932733 720950
5 31 774744 0 1788888897 934811 742903
6 16 790066 0 1788888897 935103 699025
4 32 839829 0 1788888898 29782 775273
5 32 823444 0 1788888898 30739 786056
7 16 871114 0 1788888898 31250 771038
4 33 887294 0 1788888898 116721 829413
5 33 876601 0 1788888898 116882 847955
6 17 887684 0 1788888898 117068 800066
4 34 958046 0 1788888898 214320 886319
5 34 947513 0 1788888898 214442 912359
7 17 968857 0 1788888898 214920 870265
4 35 985084 0 1788888898 323684 919270
5 35 985299 0 1788888898 324046 955353
6 18 996315 0 1788888898 324157 886176
4 36 1066101 0 1788888898 440391 988878
5 36 1043750 0 1788888898 440809 1005532
7 18 1089011 0 1788888898 444119 968322
4 37 1140683 0 1788888898 548578 1071103
5 37 1129625 0 1788888898 548691 1092166
6 19 1147504 0 1788888898 549474 1037902
4 38 1193088 0 1788888898 643237 1133286
5 38 1186854 0 1788888898 643503 1154439
7 19 1217834 0 1788888898 643607 1122685
4 39 1265446 0 1788888898 731149 1209898
5 39 1244638 0 1788888898 731322 1213622
6 20 1273626 0 1788888898 731478 1185269
4 40 1328223 0 1788888898 854833 1235721
5 40 1318638 0 1788888898 854955 1278848
7 20 1334952 0 1788888898 856510 1209449
4 41 1452990 0 1788888899 10864 1355051
5 41 1424356 0 1788888899 14325 1375748
6 21 1471527 0 1788888899 14507 1311648
4 42 1493098 0 1788888899 121961 1428563
5 42 1489326 0 1788888899 122186 1453772
7 21 1523043 0 1788888899 122398 1411330
4 43 1616653 0 1788888899 281880 1502618
5 43 1610819 0 1788888899 281999 1547526
6 22 1619249 0 1788888899 282421 1458585
4 44 1708190 0 1788888899 400874 1627520
5 44 1685878 0 1788888899 401095 1642509
7 22 1713298 0 1788888899 401260 1593701
4 45 1718745 0 1788888899 493941 1658778
5 45 1708754 0 1788888899 494231 1678838
6 23 1728373 0 1788888899 494393 1634618
4 46 1732983 0 1788888899 581788 1680553
5 46 1691047 0 1788888899 581955 1664163
7 23 1783127 0 1788888899 582227 1694526
4 47 1692199 0 1788888899 664588 1637891
5 47 1666104 0 1788888899 664841 1638846
6 24 1707663 0 1788888899 665415 1623833
4 48 1686957 0 1788888899 747470 1633977
5 48 1677210 0 1788888899 747625 1650979
7 24 1694856 0 1788888899 747724 1611244
4 49 1711607 0 1788888899 833470 1651973
5 49 1708233 0 1788888899 834238 1674848
6 25 1735734 0 1788888899 834345 1648703
4 50 1714914 0 1788888899 912435 1663420
5 50 1673373 0 1788888899 912561 1645790
7 25 1763314 0 1788888899 914350 1682239
4 51 1745483 0 1788888900 32377 1669280
5 51 1745122 0 1788888900 32743 1703461
6 26 1776197 0 1788888900 32895 1655503
4 52 1822840 0 1788888900 114791 1774670
5 52 1794199 0 1788888900 115117 1768183
7 26 1823863 0 1788888900 115604 1740401
4 53 1850349 0 1788888900 192846 1797664
5 53 1799416 0 1788888900 193498 1773462
6 27 1855024 0 1788888900 193641 1775961
4 54 1808669 0 1788888900 268062 1760757
5 54 1796536 0 1788888900 268188 1772378
7 27 1874027 0 1788888900 268371 1798328
4 55 1850103 0 1788888900 356242 1788549
5 55 1842065 0 1788888900 356370 1810949
6 28 1867732 0 1788888900 356462 1779110
4 56 1916440 0 1788888900 440712 1863744
5 56 1916108 0 1788888900 440838 1889101
7 28 1917908 0 1788888900 441016 1832969
4 57 1969333 0 1788888900 570999 1870258
5 57 1961570 0 1788888900 571186 1908718
6 29 2016985 0 1788888900 571923 1885627
4 58 2113069 0 1788888900 731129 2030420
5 58 2105664 0 1788888900 731291 2068754
7 29 2120887 0 1788888900 731392 1958661
4 59 2118046 0 1788888900 871961 2021454
5 59 2071633 0 1788888900 872143 2014073
6 30 2185875 0 1788888900 872328 2044443
4 60 2219874 0 1788888901 49081 2083718
5 60 2203703 0 1788888901 49410 2144255
7 30 2228189 0 1788888901 49694 2050185
4 61 2305200 0 1788888901 197060 2218386
5 61 2219701 0 1788888901 197246 2181435
6 31 2332554 0 1788888901 202394 2177771
4 62 2369280 0 1788888901 409854 2246248
5 62 2346827 0 1788888901 409995 2290332
7 31 2376362 0 1788888901 414838 2158331
4 63 2560522 0 1788888901 631744 2405581
5 63 2529825 0 1788888901 632226 2454360
6 32 2568716 0 1788888901 632738 2343814
4 64 2718313 0 1788888901 866080 2564007
5 64 2700311 0 1788888901 866248 2625188
7 32 2750936 0 1788888901 866393 2515650
4 65 2824679 0 1788888902 34753 2720454
5 65 2792859 0 1788888902 35867 2746036
6 33 2827600 0 1788888902 36101 2657408
6 34 2970778 0 1788888902 244844 2961041
4 66 3043574 0 1788888902 299084 2821621
5 66 3029725 0 1788888902 300157 2877478
7 33 3055883 0 1788888902 300333 2790016
4 67 3147732 0 1788888902 433979 3056940
5 67 3122983 0 1788888902 434475 3090306
6 35 3149236 0 1788888902 434616 3013118
4 68 3162844 0 1788888902 534625 3099688
5 68 3125427 0 1788888902 534839 3093817
7 34 3176130 0 1788888902 534982 3074936
4 69 3227993 0 1788888902 655985 3142201
5 69 3217636 0 1788888902 656831 3183346
6 36 3230248 0 1788888902 657673 3106977
4 70 3311828 0 1788888902 778892 3244316
5 70 3305843 0 1788888902 779018 3271647
7 35 3312659 0 1788888902 779123 3188823
4 71 3427780 0 1788888902 953731 3294856
5 71 3398338 0 1788888902 957913 3298035
6 37 3464654 0 1788888902 958969 3284398
4 72 3577423 0 1788888903 183595 3416741
5 72 3575079 0 1788888903 183858 3492336
7 36 3612719 0 1788888903 184037 3382201
4 73 3676996 0 1788888903 321308 3593528
5 73 3637936 0 1788888903 321526 3604140
6 38 3695890 0 1788888903 321723 3557478
4 74 3693764 0 1788888903 421707 3629813
5 74 3678098 0 1788888903 424243 3641404
7 37 3734974 0 1788888903 424658 3631383
4 75 3760226 0 1788888903 553680 3683870
5 75 3735237 0 1788888903 553869 3703805
6 39 3798203 0 1788888903 553967 3664099
4 76 3809052 0 1788888903 674674 3721951
5 76 3757088 0 1788888903 675153 3707958
7 38 3843576 0 1788888903 675257 3721772
4 77 3836183 0 1788888903 789201 3767352
5 77 3828318 0 1788888903 789316 3794523
6 40 3837170 0 1788888903 789418 3722248
4 78 3925504 0 1788888903 907833 3852915
5 78 3850165 0 1788888903 908007 3812289
7 39 3928791 0 1788888903 908160 3809703
4 79 3863590 0 1788888904 19335 3787792
5 79 3830491 0 1788888904 21409 3794833
6 41 3924731 0 1788888904 21764 3810590
4 80 3904337 0 1788888904 122799 3838433
5 80 3890727 0 1788888904 122968 3857431
7 40 3928641 0 1788888904 123108 3824346
4 81 3968113 0 1788888904 251131 3878837
5 81 3944457 0 1788888904 251462 3898304
6 42 4014698 0 1788888904 251726 3885553
4 82 4001866 0 1788888904 338425 3949766
5 82 3952615 0 1788888904 339085 3928249
7 41 4029057 0 1788888904 339266 3940668
4 83 3973650 0 1788888904 420454 3917212
5 83 3947111 0 1788888904 420618 3917697
6 43 3989972 0 1788888904 421476 3906741
4 84 4002962 0 1788888904 499786 3948174
5 84 3948463 0 1788888904 499976 3918706
7 42 4023899 0 1788888904 503021 3940854
4 85 4008680 0 1788888904 576873 3963657
5 85 3996819 0 1788888904 577005 3975991
6 44 4016854 0 1788888904 577169 3939286
4 86 4024999 0 1788888904 641664 3982915
5 86 4018319 0 1788888904 642542 3996534
7 43 4056699 0 1788888904 642724 3990682
4 87 4014152 0 1788888904 704629 3974285
5 87 3924726 0 1788888904 704838 3905468
6 45 4025641 0 1788888904 704960 3962134
4 88 3955116 0 1788888904 764283 3915445
5 88 3882165 0 1788888904 764469 3863050
7 44 3981263 0 1788888904 764732 3921006
4 89 3919483 0 1788888904 833360 3878963
5 89 3919471 0 1788888904 833652 3898314
6 46 3945725 0 1788888904 833877 3875967
4 90 3976304 0 1788888904 897292 3934522
5 90 3974732 0 1788888904 897390 3953825
7 45 3979577 0 1788888904 897993 3914799
4 91 3987987 0 1788888904 956718 3948113
5 91 3931651 0 1788888904 956872 3912509
6 47 4012626 0 1788888904 957035 3952719
4 92 3962189 0 1788888905 18143 3922572
5 92 3951800 0 1788888905 18293 3932477
7 46 3986934 0 1788888905 18459 3925042
4 93 3926572 0 1788888905 76422 3887733
5 93 3879364 0 1788888905 76594 3860156
6 48 3956386 0 1788888905 76713 3897612
4 94 3873907 0 1788888905 140077 3830251
5 94 3866090 0 1788888905 140219 3842153
7 47 3883079 0 1788888905 140933 3818424
4 95 3895121 0 1788888905 204386 3854346
5 95 3895236 0 1788888905 204976 3874094
6 49 3918465 0 1788888905 205598 3852785
4 96 3934760 0 1788888905 265759 3895560
5 96 3894394 0 1788888905 265903 3874769
7 48 3941871 0 1788888905 266058 3879539
4 97 3954077 0 1788888905 342271 3900528
5 97 3943647 0 1788888905 342517 3915732
6 50 3970007 0 1788888905 342657 3892958
4 98 3982577 0 1788888905 413880 3938621
5 98 3960785 0 1788888905 414117 3940424
7 49 3991839 0 1788888905 414251 3919551
4 99 4014553 0 1788888905 476224 3973325
5 99 4009636 0 1788888905 476385 3989056
6 51 4019681 0 1788888905 476468 3956923
7 50 4018852 0 1788888905 497491 3997452
4 100 4001446 0 1788888905 499990 3998764
