0 1 91291 0 1788888895 623003 31268
1 1 75380 0 1788888895 623623 35471
2 1 74883 0 1788888895 623816 52360
0 2 114900 0 1788888895 683646 74875
1 2 87026 0 1788888895 683911 67941
3 1 119147 0 1788888895 684749 57271
0 3 94603 0 1788888895 748453 53158
1 3 74700 0 1788888895 748606 51423
2 2 138362 0 1788888895 748687 73016
0 4 120398 0 1788888895 812369 79034
1 4 112136 0 1788888895 812550 90445
3 2 125500 0 1788888895 812681 61114
0 5 155075 0 1788888895 878831 112098
1 5 149117 0 1788888895 879238 126399
2 3 175290 0 1788888895 883490 104021
0 6 185494 0 1788888895 957495 132174
1 6 163043 0 1788888895 958914 133469
3 3 222645 0 1788888895 959280 141944
0 7 112439 0 1788888896 28414 67639
1 7 105475 0 1788888896 28602 80870
2 4 215842 0 1788888896 28698 144402
0 8 154453 0 1788888896 104146 105026
1 8 110869 0 1788888896 104381 84097
3 4 156314 0 1788888896 104546 79980
0 9 174005 0 1788888896 185072 119876
1 9 163650 0 1788888896 186266 135691
2 5 176616 0 1788888896 186402 94147
0 10 178359 0 1788888896 256557 131565
1 10 156525 0 1788888896 257235 132485
3 5 210457 0 1788888896 257342 138039
0 11 192185 0 1788888896 333665 142070
1 11 187587 0 1788888896 333854 158425
2 6 196626 0 1788888896 334078 118955
0 12 243930 0 1788888896 408356 193881
1 12 194617 0 1788888896 408492 170052
3 6 259227 0 1788888896 408567 184155
0 13 173902 0 1788888896 489630 118182
1 13 140874 0 1788888896 489928 110516
2 7 203397 0 1788888896 490139 121460
0 14 182359 0 1788888896 562805 134176
1 14 181996 0 1788888896 563101 156564
3 7 200110 0 1788888896 563837 125726
0 15 145210 0 1788888896 631215 102459
1 15 144506 0 1788888896 631409 121579
2 8 189430 0 1788888896 631523 120576
0 16 191854 0 1788888896 726255 133048
1 16 183667 0 1788888896 726553 153957
3 8 215746 0 1788888896 727936 118826
0 17 233250 0 1788888896 806239 189356
1 17 222627 0 1788888896 806408 199815
2 9 259759 0 1788888896 806550 179176
0 18 245943 0 1788888896 882632 195714
1 18 151970 0 1788888896 882773 127810
3 9 276112 0 1788888896 882915 199123
0 19 197269 0 1788888896 965626 141244
1 19 191281 0 1788888896 966358 164634
2 10 234125 0 1788888896 966498 150092
0 20 224906 0 1788888897 37521 177230
1 20 205070 0 1788888897 37762 179934
3 10 259722 0 1788888897 37906 187305
0 21 246235 0 1788888897 124035 192469
1 21 214307 0 1788888897 124244 185816
2 11 258063 0 1788888897 124349 171050
0 22 228852 0 1788888897 201367 177888
1 22 195968 0 1788888897 201670 167972
3 11 270888 0 1788888897 201831 192884
0 23 245329 0 1788888897 275626 202354
1 23 234133 0 1788888897 275803 213729
2 12 266155 0 1788888897 276480 190853
0 24 269225 0 1788888897 361457 219566
1 24 239042 0 1788888897 361838 214564
3 12 306321 0 1788888897 362165 219622
0 25 251946 0 1788888897 436517 205167
1 25 250004 0 1788888897 436694 228474
2 13 277950 0 1788888897 436823 202297
0 26 292022 0 1788888897 507983 244409
1 26 288032 0 1788888897 508077 266680
3 13 306541 0 1788888897 508209 234703
0 27 299200 0 1788888897 585560 251617
1 27 283231 0 1788888897 585695 257790
2 14 325336 0 1788888897 585783 247336
0 28 313272 0 1788888897 663847 263933
1 28 309232 0 1788888897 663963 286817
3 14 333883 0 1788888897 664247 255017
0 29 378299 0 1788888897 738440 329215
1 29 373637 0 1788888897 738603 345943
2 15 384153 0 1788888897 739235 308597
0 30 352026 0 1788888897 819606 298337
1 30 335952 0 1788888897 819811 306243
3 15 375395 0 1788888897 819949 293056
0 31 389876 0 1788888897 902785 329934
1 31 380419 0 1788888897 902978 353717
2 16 416147 0 1788888897 903213 332387
0 32 420548 0 1788888897 992815 358967
1 32 361340 0 1788888897 993690 330086
3 16 464838 0 1788888897 993895 373477
0 33 443228 0 1788888898 85057 385095
1 33 413689 0 1788888898 85243 385297
2 17 451695 0 1788888898 85394 358928
0 34 463159 0 1788888898 183801 395685
1 34 443071 0 1788888898 186878 407610
3 17 510230 0 1788888898 187300 407812
0 35 525189 0 1788888898 300243 453540
1 35 463248 0 1788888898 300377 424007
2 18 549375 0 1788888898 301105 431823
0 36 579372 0 1788888898 430900 491429
1 36 565308 0 1788888898 434319 523391
3 18 592772 0 1788888898 435728 457001
0 37 619502 0 1788888898 543962 549310
1 37 595940 0 1788888898 544162 560063
2 19 647011 0 1788888898 544445 533241
0 38 668941 0 1788888898 643006 609370
1 38 661404 0 1788888898 643177 629377
3 19 672481 0 1788888898 643281 572832
0 39 710329 0 1788888898 724752 657188
1 39 707473 0 1788888898 724989 678692
2 20 737395 0 1788888898 725097 655138
0 40 756473 0 1788888898 856909 661476
1 40 736978 0 1788888898 857179 687278
3 20 824062 0 1788888898 857753 690896
0 41 837692 0 1788888899 23169 723828
1 41 837466 0 1788888899 23294 792971
2 21 885932 0 1788888899 23810 713504
0 42 905706 0 1788888899 130699 838544
1 42 885168 0 1788888899 130972 848146
3 21 943787 0 1788888899 134190 832637
0 43 931007 0 1788888899 285709 816621
1 43 923136 0 1788888899 286235 865758
2 22 1001946 0 1788888899 289897 841624
0 44 1026125 0 1788888899 407176 940753
1 44 1004099 0 1788888899 407590 957442
3 22 1043487 0 1788888899 407769 920537
0 45 1052932 0 1788888899 501597 996025
1 45 1054079 0 1788888899 503796 1027603
2 23 1093042 0 1788888899 503918 995274
0 46 1145906 0 1788888899 599525 1085853
1 46 1135001 0 1788888899 599690 1106558
3 23 1149749 0 1788888899 599805 1051021
0 47 1151285 0 1788888899 687930 1096927
1 47 1141568 0 1788888899 688219 1114591
2 24 1160747 0 1788888899 688343 1071684
0 48 1148151 0 1788888899 768587 1096816
1 48 1132311 0 1788888899 768817 1104922
3 24 1175818 0 1788888899 769209 1094307
0 49 1103974 0 1788888899 842808 1055444
1 49 1102511 0 1788888899 843017 1077462
2 25 1202513 0 1788888899 843701 1127197
0 50 1180654 0 1788888899 941488 1117655
1 50 1117202 0 1788888899 941618 1084009
3 25 1195916 0 1788888899 941771 1096786
0 51 1191758 0 1788888900 58783 1116274
1 51 1185730 0 1788888900 58986 1142155
2 26 1222301 0 1788888900 59150 1104238
0 52 1206100 0 1788888900 145375 1149745
1 52 1192837 0 1788888900 145579 1165962
3 26 1227066 0 1788888900 146855 1138787
0 53 1269462 0 1788888900 223402 1219465
1 53 1227366 0 1788888900 223649 1202300
2 27 1272413 0 1788888900 225607 1191976
0 54 1298382 0 1788888900 299775 1247771
1 54 1284005 0 1788888900 299942 1258614
3 27 1300988 0 1788888900 300086 1224143
0 55 1323889 0 1788888900 379191 1271401
1 55 1318732 0 1788888900 379348 1294795
2 28 1348972 0 1788888900 379618 1268931
0 56 1360320 0 1788888900 473088 1299661
1 56 1342741 0 1788888900 473268 1304985
3 28 1390154 0 1788888900 473629 1295540
0 57 1493270 0 1788888900 646222 1365388
1 57 1453014 0 1788888900 648640 1375870
2 29 1514440 0 1788888900 648773 1338254
0 58 1527905 0 1788888900 787782 1445516
1 58 1516533 0 1788888900 788408 1479944
3 29 1574145 0 1788888900 788890 1431008
0 59 1598265 0 1788888900 913185 1520919
1 59 1540861 0 1788888900 913396 1501465
2 30 1612129 0 1788888900 918968 1480244
0 60 1581138 0 1788888901 85487 1476672
1 60 1498541 0 1788888901 87141 1434462
3 30 1642803 0 1788888901 87338 1468369
0 61 1566640 0 1788888901 222965 1486236
1 61 1549042 0 1788888901 223151 1505469
2 31 1568489 0 1788888901 223271 1430375
0 62 1626544 0 1788888901 389471 1519209
1 62 1618481 0 1788888901 391828 1561376
3 31 1664021 0 1788888901 391925 1494513
0 63 1822851 0 1788888901 604870 1675824
1 63 1820853 0 1788888901 605019 1752234
2 32 1824880 0 1788888901 605871 1608197
0 64 2062545 0 1788888901 861791 1869624
1 64 2058450 0 1788888901 866272 1927376
3 32 2067427 0 1788888901 866428 1805536
0 65 2196595 0 1788888902 15818 2102907
1 65 2177404 0 1788888902 16049 2128602
2 33 2197591 0 1788888902 16157 2043057
0 66 2339827 0 1788888902 210340 2203625
1 66 2309676 0 1788888902 213500 2237803
3 33 2371909 0 1788888902 213663 2173848
0 67 2443966 0 1788888902 377838 2343675
1 67 2438511 0 1788888902 378003 2381668
2 34 2464493 0 1788888902 378146 2295884
0 68 2519562 0 1788888902 482246 2452685
1 68 2512437 0 1788888902 482456 2478926
3 34 2532035 0 1788888902 482859 2426769
0 69 2621360 0 1788888902 595555 2540887
1 69 2619158 0 1788888902 595786 2573329
2 35 2622956 0 1788888902 595899 2509121
0 70 2720275 0 1788888902 725554 2626792
1 70 2707525 0 1788888902 729070 2670774
3 35 2749813 0 1788888902 734598 2610476
0 71 2794148 0 1788888902 838676 2724603
1 71 2786671 0 1788888902 838882 2755324
2 36 2806744 0 1788888902 839031 2691947
0 72 2969339 0 1788888903 37600 2834267
1 72 2951364 0 1788888903 38066 2876042
3 36 2976195 0 1788888903 38648 2776028
0 73 3140963 0 1788888903 235107 3008132
1 73 3134957 0 1788888903 235281 3088476
2 37 3145617 0 1788888903 235389 2947630
0 74 3256292 0 1788888903 369410 3185440
1 74 3219976 0 1788888903 369975 3185266
3 37 3262639 0 1788888903 371735 3125779
0 75 3269011 0 1788888903 493306 3178623
1 75 3217649 0 1788888903 493477 3171275
2 38 3306460 0 1788888903 493817 3180759
0 76 3306675 0 1788888903 600441 3238203
1 76 3281054 0 1788888903 600605 3255945
3 38 3324304 0 1788888903 600761 3216605
0 77 3390487 0 1788888903 748091 3294052
1 77 3366107 0 1788888903 748258 3332306
2 39 3412845 0 1788888903 748411 3264672
0 78 3458882 0 1788888903 860545 3380664
1 78 3446455 0 1788888903 860987 3410421
3 39 3475255 0 1788888903 861884 3361242
0 79 3517580 0 1788888903 979303 3443756
1 79 3512346 0 1788888903 979584 3474958
2 40 3525858 0 1788888903 979738 3406529
0 80 3555753 0 1788888904 83362 3488530
1 80 3488208 0 1788888904 83656 3452490
3 40 3610355 0 1788888904 83777 3505447
0 81 3597320 0 1788888904 201272 3512816
1 81 3596453 0 1788888904 202311 3555005
2 41 3603562 0 1788888904 202469 3484312
0 82 3692171 0 1788888904 302274 3637932
1 82 3681806 0 1788888904 302485 3658891
3 41 3693287 0 1788888904 302682 3591582
0 83 3735296 0 1788888904 381858 3684422
1 83 3700546 0 1788888904 382105 3674733
2 42 3747111 0 1788888904 382324 3666700
0 84 3654377 0 1788888904 456861 3608510
1 84 3614339 0 1788888904 456980 3593550
3 42 3712694 0 1788888904 457120 3637256
0 85 3661004 0 1788888904 541305 3610484
1 85 3658735 0 1788888904 541529 3634834
2 43 3688248 0 1788888904 541790 3603151
0 86 3692481 0 1788888904 606978 3650063
1 86 3622859 0 1788888904 607155 3601331
3 43 3720785 0 1788888904 607292 3654629
0 87 3674762 0 1788888904 672143 3630186
1 87 3666484 0 1788888904 672910 3642964
2 44 3680919 0 1788888904 673012 3614731
0 88 3705795 0 1788888904 733931 3665777
1 88 3678406 0 1788888904 734199 3659171
3 44 3724971 0 1788888904 734446 3662451
0 89 3647746 0 1788888904 799084 3603263
1 89 3632723 0 1788888904 799264 3607362
2 45 3662084 0 1788888904 799409 3596461
0 90 3655883 0 1788888904 861328 3613810
1 90 3650218 0 1788888904 861507 3630859
3 45 3683145 0 1788888904 861637 3620456
0 91 3659850 0 1788888904 923729 3620299
1 91 3609292 0 1788888904 924284 3589890
2 46 3691825 0 1788888904 924472 3628538
0 92 3644157 0 1788888904 984680 3603249
1 92 3627893 0 1788888904 984805 3606962
3 46 3656156 0 1788888904 984911 3594811
0 93 3640828 0 1788888905 43904 3602303
1 93 3636001 0 1788888905 44070 3617427
2 47 3654527 0 1788888905 44156 3594910
0 94 3658098 0 1788888905 103791 3617034
1 94 3576558 0 1788888905 104028 3558248
3 47 3695472 0 1788888905 104357 3634865
0 95 3579454 0 1788888905 171293 3535531
1 95 3570461 0 1788888905 171863 3549901
2 48 3615079 0 1788888905 172769 3545958
0 96 3608542 0 1788888905 233254 3567879
1 96 3607698 0 1788888905 233380 3588909
3 48 3621087 0 1788888905 233600 3558607
0 97 3655345 0 1788888905 296300 3611694
1 97 3651067 0 1788888905 296472 3627249
2 49 3668051 0 1788888905 296636 3604511
0 98 3662581 0 1788888905 383376 3602358
1 98 3644459 0 1788888905 383565 3613050
3 49 3676553 0 1788888905 383731 3588981
0 99 3674876 0 1788888905 452606 3631919
1 99 3671965 0 1788888905 452756 3650891
2 50 3696687 0 1788888905 453372 3626473
0 100 3652337 0 1788888905 497250 3630378
3 50 3712036 0 1788888905 497411 3667074
1 100 3639132 0 1788888905 499343 3636870
