0 1 116679 0 1788888905 743382 56268
1 1 100790 0 1788888905 744024 59737
2 1 100261 0 1788888905 744186 78568
0 2 146028 0 1788888905 809765 105704
1 2 118043 0 1788888905 809920 98125
3 1 149522 0 1788888905 810115 82610
0 3 117988 0 1788888905 866829 81421
1 3 98090 0 1788888905 866987 78854
2 2 161804 0 1788888905 867119 104314
0 4 157214 0 1788888905 944175 108294
1 4 148945 0 1788888905 944349 127820
3 2 162264 0 1788888905 944436 84503
0 5 199573 0 1788888906 18320 149360
1 5 193364 0 1788888906 18476 171156
2 3 217606 0 1788888906 20798 140817
0 6 221262 0 1788888906 88255 176637
1 6 197612 0 1788888906 88474 176677
3 3 256941 0 1788888906 88567 186514
0 7 147911 0 1788888906 158877 99179
1 7 140937 0 1788888906 159055 114735
2 4 251295 0 1788888906 159142 180237
0 8 192229 0 1788888906 236913 139086
1 8 148507 0 1788888906 237011 124674
3 4 193922 0 1788888906 237144 115494
0 9 200102 0 1788888906 306161 152571
1 9 188705 0 1788888906 306312 161948
2 5 201667 0 1788888906 306445 131995
0 10 213287 0 1788888906 386476 158642
1 10 191615 0 1788888906 387316 165808
3 5 245625 0 1788888906 387502 164001
0 11 224595 0 1788888906 461067 176115
1 11 219963 0 1788888906 461220 195455
2 6 228876 0 1788888906 461319 153700
0 12 277156 0 1788888906 536573 225491
1 12 227905 0 1788888906 536771 201423
3 6 292593 0 1788888906 536924 216557
0 13 211105 0 1788888906 621825 159093
1 13 178079 0 1788888906 622123 152017
2 7 240540 0 1788888906 622272 154532
0 14 238218 0 1788888906 713656 174548
1 14 237793 0 1788888906 713889 206838
3 7 255909 0 1788888906 714627 162965
0 15 222472 0 1788888906 803467 159925
1 15 221762 0 1788888906 803656 184989
2 8 271635 0 1788888906 808720 176357
0 16 256630 0 1788888906 886021 204580
1 16 248426 0 1788888906 886303 223009
3 8 279275 0 1788888906 886457 195866
0 17 309635 0 1788888906 977615 247437
1 17 299188 0 1788888906 977960 270248
2 9 336686 0 1788888906 978468 244054
0 18 343359 0 1788888907 75040 277131
1 18 249475 0 1788888907 75269 213027
3 9 373595 0 1788888907 75388 275614
0 19 296807 0 1788888907 160156 239272
1 19 290192 0 1788888907 160261 261300
2 10 333340 0 1788888907 160703 247452
0 20 338802 0 1788888907 246408 286184
1 20 318958 0 1788888907 246641 291012
3 10 373788 0 1788888907 246963 286849
0 21 346162 0 1788888907 318953 299474
1 21 314255 0 1788888907 319182 292264
2 11 358061 0 1788888907 319338 284640
0 22 321502 0 1788888907 389008 274819
1 22 288429 0 1788888907 389122 266745
3 11 363319 0 1788888907 389254 292856
0 23 346620 0 1788888907 471908 288154
1 23 335457 0 1788888907 472118 305746
2 12 368612 0 1788888907 473927 283533
0 24 362425 0 1788888907 549648 314798
1 24 332003 0 1788888907 549790 309007
3 12 399050 0 1788888907 549886 320881
0 25 342197 0 1788888907 621758 294948
1 25 340428 0 1788888907 622109 316851
2 13 368391 0 1788888907 622256 295608
0 26 386687 0 1788888907 697640 337695
1 26 382804 0 1788888907 697840 357553
3 13 401324 0 1788888907 697982 324870
0 27 396893 0 1788888907 778245 345238
1 27 380987 0 1788888907 778442 357112
2 14 423112 0 1788888907 778550 342001
0 28 407169 0 1788888907 852734 359878
1 28 403324 0 1788888907 853046 381300
3 14 427955 0 1788888907 853310 352569
0 29 478432 0 1788888907 933565 422611
1 29 473815 0 1788888907 933772 449443
2 15 483994 0 1788888907 934066 402501
0 30 445645 0 1788888908 8216 396083
1 30 429566 0 1788888908 8416 403899
3 15 469039 0 1788888908 8585 393739
0 31 477788 0 1788888908 85687 426470
1 31 468294 0 1788888908 85844 442923
2 16 503890 0 1788888908 85946 425889
0 32 499497 0 1788888908 166755 443479
1 32 440204 0 1788888908 167545 411792
3 16 543611 0 1788888908 167660 461472
0 33 511510 0 1788888908 248330 459900
1 33 482273 0 1788888908 248819 455192
2 17 520323 0 1788888908 249013 437889
0 34 530688 0 1788888908 346325 459831
1 34 507648 0 1788888908 346445 470096
3 17 574520 0 1788888908 346581 476084
0 35 578063 0 1788888908 448108 512170
1 35 516230 0 1788888908 448349 484489
2 18 601733 0 1788888908 448455 499380
0 36 610418 0 1788888908 556937 538785
1 36 593054 0 1788888908 557056 549494
3 18 619791 0 1788888908 557738 509947
0 37 632883 0 1788888908 652333 574671
1 37 609250 0 1788888908 652464 582069
2 19 664773 0 1788888908 657199 564313
0 38 699014 0 1788888908 768070 624394
1 38 691531 0 1788888908 768295 658556
3 19 702914 0 1788888908 768705 586348
0 39 756677 0 1788888908 866091 694865
1 39 753702 0 1788888908 866209 724475
2 20 783617 0 1788888908 866310 685182
0 40 752230 0 1788888908 947658 699498
1 40 732857 0 1788888908 948048 707122
3 20 819676 0 1788888908 948357 737168
0 41 758848 0 1788888909 39315 700417
1 41 758801 0 1788888909 39621 733739
2 21 806848 0 1788888909 39717 714588
0 42 796782 0 1788888909 116766 743644
1 42 776095 0 1788888909 116890 750231
3 21 831598 0 1788888909 116991 753785
0 43 749310 0 1788888909 199004 701044
1 43 741127 0 1788888909 199216 718155
2 22 816427 0 1788888909 199368 733630
0 44 807227 0 1788888909 283270 754735
1 44 784983 0 1788888909 283465 757627
3 22 824336 0 1788888909 283609 739563
0 45 824429 0 1788888909 368086 767356
1 45 823549 0 1788888909 368257 797519
2 23 862998 0 1788888909 368865 777126
0 46 901285 0 1788888909 449894 848056
1 46 890442 0 1788888909 450122 860427
3 23 905175 0 1788888909 450222 822873
0 47 899951 0 1788888909 531587 842734
1 47 890149 0 1788888909 531791 858022
2 24 909425 0 1788888909 532012 827138
0 48 949845 0 1788888909 665273 870177
1 48 933915 0 1788888909 665412 895921
3 24 977134 0 1788888909 665516 842998
0 49 926229 0 1788888909 760053 866340
1 49 924718 0 1788888909 760214 890984
2 25 1024189 0 1788888909 760367 928493
0 50 998727 0 1788888909 854551 944115
1 50 935318 0 1788888909 854724 905168
3 25 1014079 0 1788888909 854925 918972
0 51 975019 0 1788888909 937036 923993
1 51 968880 0 1788888909 937127 944946
2 26 1005397 0 1788888909 937236 922533
0 52 988085 0 1788888910 22351 931929
1 52 974836 0 1788888910 22570 948809
3 26 1007894 0 1788888910 22673 922118
0 53 1056270 0 1788888910 105201 1004935
1 53 1014072 0 1788888910 105347 989115
2 27 1057467 0 1788888910 105651 973970
0 54 1101592 0 1788888910 197976 1044368
1 54 1087716 0 1788888910 198644 1060417
3 27 1104662 0 1788888910 198751 1010940
0 55 1129369 0 1788888910 279663 1077389
1 55 1124262 0 1788888910 279870 1098269
2 28 1154742 0 1788888910 280379 1072167
0 56 1151166 0 1788888910 358925 1097330
1 56 1133596 0 1788888910 359114 1109615
3 28 1180852 0 1788888910 359319 1101017
0 57 1181298 0 1788888910 429241 1136819
1 57 1138839 0 1788888910 429456 1116229
2 29 1200335 0 1788888910 429658 1129417
0 58 1143562 0 1788888910 498431 1101177
1 58 1132184 0 1788888910 499050 1109676
3 29 1189451 0 1788888910 499187 1119302
0 59 1163394 0 1788888910 573306 1111730
1 59 1105931 0 1788888910 573456 1083666
2 30 1171793 0 1788888910 573623 1096450
0 60 1054223 0 1788888910 653563 1004593
1 60 970154 0 1788888910 653745 944881
3 30 1114388 0 1788888910 653914 1033610
0 61 996954 0 1788888910 748269 938173
1 61 981909 0 1788888910 751010 951706
2 31 1001404 0 1788888910 751176 903584
0 62 986371 0 1788888910 844290 926228
1 62 976116 0 1788888910 844454 947323
3 31 1023297 0 1788888910 846193 925209
0 63 1051352 0 1788888910 928363 997226
1 63 1049363 0 1788888910 928520 1026282
2 32 1052633 0 1788888910 928615 968134
0 64 1111297 0 1788888911 5534 1063485
1 64 1102876 0 1788888911 5689 1077493
3 32 1111868 0 1788888911 5860 1034188
0 65 1165001 0 1788888911 79216 1118069
1 65 1145695 0 1788888911 79331 1122046
2 33 1165872 0 1788888911 79429 1091812
0 66 1189492 0 1788888911 154996 1137717
1 66 1156695 0 1788888911 155510 1131982
3 33 1220177 0 1788888911 156922 1142184
0 67 1227524 0 1788888911 256388 1154073
1 67 1222616 0 1788888911 257100 1187073
2 34 1248691 0 1788888911 257336 1145827
0 68 1286103 0 1788888911 343778 1228779
1 68 1279164 0 1788888911 344173 1250451
3 34 1298462 0 1788888911 344276 1210414
0 69 1390698 0 1788888911 459883 1311315
1 69 1388480 0 1788888911 460100 1352355
2 35 1392365 0 1788888911 460299 1275633
2 36 1440613 0 1788888911 567892 1437264
0 70 1507587 0 1788888911 607857 1401022
1 70 1491794 0 1788888911 608330 1415203
3 35 1532139 0 1788888911 611914 1379831
0 71 1603653 0 1788888911 750855 1501159
1 71 1593635 0 1788888911 751080 1533759
2 37 1611717 0 1788888911 751236 1467538
0 72 1690934 0 1788888911 872626 1619860
1 72 1688263 0 1788888911 873026 1661828
3 36 1709934 0 1788888911 873186 1587346
0 73 1767761 0 1788888911 963076 1712568
1 73 1759436 0 1788888911 963523 1731171
2 38 1774619 0 1788888911 963754 1683177
0 74 1806314 0 1788888912 51305 1750433
1 74 1769080 0 1788888912 51428 1744237
3 37 1844633 0 1788888912 52741 1754756
0 75 1762209 0 1788888912 133028 1706183
1 75 1762036 0 1788888912 133484 1732740
2 39 1814688 0 1788888912 133973 1731806
0 76 1794578 0 1788888912 209120 1746850
1 76 1778727 0 1788888912 209283 1755329
3 38 1820687 0 1788888912 209444 1744079
0 77 1802962 0 1788888912 280105 1756355
1 77 1798688 0 1788888912 280307 1775006
2 40 1827901 0 1788888912 280495 1756393
0 78 1844094 0 1788888912 353618 1796808
1 78 1804911 0 1788888912 353782 1781282
3 39 1857264 0 1788888912 353919 1783250
0 79 1865697 0 1788888912 427926 1819254
1 79 1859716 0 1788888912 428130 1837925
2 41 1871615 0 1788888912 428329 1796772
0 80 1807944 0 1788888912 498382 1762119
1 80 1804754 0 1788888912 498653 1781984
3 40 1876157 0 1788888912 498757 1805126
0 81 1868039 0 1788888912 568888 1819159
1 81 1864657 0 1788888912 569043 1837455
2 42 1870191 0 1788888912 569134 1799254
0 82 1926555 0 1788888912 642224 1875863
1 82 1912247 0 1788888912 642451 1887142
3 41 1937497 0 1788888912 642591 1863571
0 83 1937814 0 1788888912 714365 1894857
1 83 1875566 0 1788888912 714983 1852685
2 43 1973546 0 1788888912 715098 1900414
0 84 1850111 0 1788888912 787743 1799717
1 84 1839347 0 1788888912 787880 1813800
3 42 1890492 0 1788888912 787966 1816692
0 85 1881829 0 1788888912 859614 1839958
1 85 1878303 0 1788888912 859802 1856992
2 44 1884673 0 1788888912 859964 1812294
0 86 1847119 0 1788888912 926407 1802380
1 86 1839485 0 1788888912 926569 1817224
3 43 1917215 0 1788888912 926703 1849945
0 87 1894499 0 1788888912 995916 1848401
1 87 1892396 0 1788888912 996862 1867665
2 45 1904675 0 1788888912 997047 1833894
0 88 1915535 0 1788888913 66318 1869863
1 88 1834117 0 1788888913 66432 1811285
3 44 1943399 0 1788888913 66525 1872574
0 89 1875918 0 1788888913 137450 1827083
1 89 1864265 0 1788888913 137747 1837960
2 46 1891581 0 1788888913 137910 1819687
0 90 1907136 0 1788888913 213416 1860141
1 90 1885941 0 1788888913 213579 1862096
3 45 1913285 0 1788888913 213720 1836855
0 91 1875432 0 1788888913 285415 1830009
1 91 1861850 0 1788888913 285596 1839799
2 47 1927381 0 1788888913 286252 1854132
0 92 1909659 0 1788888913 361561 1865378
1 92 1877161 0 1788888913 361780 1854588
3 46 1926457 0 1788888913 361971 1849745
0 93 1929595 0 1788888913 432655 1885493
1 93 1928942 0 1788888913 432817 1906285
2 48 1934887 0 1788888913 432954 1863319
0 94 1877671 0 1788888913 500131 1833122
1 94 1847606 0 1788888913 500288 1824306
3 47 1959760 0 1788888913 500444 1891816
0 95 1872311 0 1788888913 568704 1826575
1 95 1861604 0 1788888913 569108 1839285
2 49 1884749 0 1788888913 571579 1813122
0 96 1926755 0 1788888913 647429 1876498
1 96 1924039 0 1788888913 647615 1897531
3 48 1928078 0 1788888913 647780 1848808
0 97 1978049 0 1788888913 718444 1930073
1 97 1916528 0 1788888913 718697 1890121
2 50 1983121 0 1788888913 719067 1911291
0 98 1964839 0 1788888913 798937 1908868
1 98 1947660 0 1788888913 799357 1920224
3 49 1984180 0 1788888913 799967 1902472
0 99 2049129 0 1788888913 924911 1961621
1 99 2044659 0 1788888913 925024 2003962
2 51 2052440 0 1788888913 925160 1923895
0 100 2099083 0 1788888914 54284 2029035
1 100 2096604 0 1788888914 54488 2066386
3 50 2114770 0 1788888914 54674 1984738
0 101 2192602 0 1788888914 169315 2120359
1 101 2193042 0 1788888914 170150 2151252
2 52 2207537 0 1788888914 170688 2090875
0 102 2282557 0 1788888914 287140 2206209
1 102 2281860 0 1788888914 287365 2240058
3 51 2296693 0 1788888914 287576 2177152
0 103 2423199 0 1788888914 438861 2309907
1 103 2421449 0 1788888914 439362 2354015
2 53 2432690 0 1788888914 439597 2280000
0 104 2471405 0 1788888914 548259 2407360
1 104 2461663 0 1788888914 548439 2431430
3 52 2473750 0 1788888914 548588 2363415
0 105 2538470 0 1788888914 654511 2464826
1 105 2531659 0 1788888914 657789 2496005
2 54 2566521 0 1788888914 658118 2456389
0 106 2612459 0 1788888914 769029 2538192
1 106 2604138 0 1788888914 769355 2571973
3 53 2629672 0 1788888914 769484 2514420
0 107 2711532 0 1788888914 884329 2633827
1 107 2683392 0 1788888914 884555 2652151
2 55 2716666 0 1788888914 884713 2600553
0 108 2732172 0 1788888914 984178 2664624
1 108 2716148 0 1788888914 984370 2683248
3 54 2779019 0 1788888914 984465 2678589
0 109 2758404 0 1788888915 68714 2703013
1 109 2757256 0 1788888915 68869 2727602
2 56 2778578 0 1788888915 69239 2693297
0 110 2827784 0 1788888915 160952 2767663
1 110 2802782 0 1788888915 161122 2769275
3 55 2848710 0 1788888915 161349 2755891
0 111 2817057 0 1788888915 239047 2765018
1 111 2812289 0 1788888915 239206 2784421
2 57 2875552 0 1788888915 239309 2797006
0 112 2887160 0 1788888915 327734 2830442
1 112 2882434 0 1788888915 330282 2852665
3 56 2896108 0 1788888915 330487 2804492
0 113 2939048 0 1788888915 417256 2880992
1 113 2856463 0 1788888915 417462 2829292
2 58 2944549 0 1788888915 418209 2853895
0 114 2900580 0 1788888915 493962 2850159
1 114 2891479 0 1788888915 494367 2866962
3 57 2914848 0 1788888915 494614 2837308
0 115 2939993 0 1788888915 575176 2886824
1 115 2934139 0 1788888915 575510 2909063
2 59 2949887 0 1788888915 575638 2867824
3 58 2955896 0 1788888915 599146 2931674
0 116 2956692 0 1788888915 602390 2953194
