4 1 123842 0 1788888905 744216 56785
5 1 116816 0 1788888905 747651 68264
6 1 116405 0 1788888905 747785 92344
4 2 162260 0 1788888905 816265 118602
5 2 158365 0 1788888905 816434 138843
7 1 184039 0 1788888905 816666 111470
4 3 202959 0 1788888905 893672 145181
5 3 199256 0 1788888905 893861 169043
6 2 208324 0 1788888905 893946 130511
4 4 260955 0 1788888905 968519 215581
5 4 255440 0 1788888905 968633 232212
7 2 271970 0 1788888905 969000 196220
4 5 315369 0 1788888906 40725 270556
5 5 296509 0 1788888906 40870 273316
6 3 319929 0 1788888906 41807 246468
4 6 340359 0 1788888906 111652 293378
5 6 320491 0 1788888906 111786 298693
7 3 342639 0 1788888906 111900 271293
4 7 351078 0 1788888906 184058 304526
5 7 330966 0 1788888906 184211 307604
6 4 366326 0 1788888906 184303 293500
4 8 373956 0 1788888906 255833 330566
5 8 308996 0 1788888906 255978 286860
7 4 375655 0 1788888906 256081 303478
4 9 373539 0 1788888906 331352 322357
5 9 369475 0 1788888906 331537 346650
6 5 375947 0 1788888906 331642 299968
4 10 409859 0 1788888906 406844 361209
5 10 386314 0 1788888906 407539 361016
7 5 422164 0 1788888906 407626 345728
4 11 418132 0 1788888906 485307 365456
5 11 396625 0 1788888906 485515 369347
6 6 429461 0 1788888906 485652 350422
4 12 415487 0 1788888906 567306 358372
5 12 321292 0 1788888906 567483 287654
7 6 423439 0 1788888906 567625 340723
4 13 385870 0 1788888906 651700 330075
5 13 348626 0 1788888906 651849 318632
6 7 398945 0 1788888906 652038 314030
4 14 435076 0 1788888906 744802 375196
5 14 432829 0 1788888906 745454 403974
7 7 441395 0 1788888906 746451 346545
4 15 513120 0 1788888906 834277 454446
5 15 507127 0 1788888906 834392 480737
6 8 515953 0 1788888906 834530 425673
4 16 529542 0 1788888906 917719 472622
5 16 507605 0 1788888906 922735 471626
7 8 574368 0 1788888906 922887 485410
4 17 561172 0 1788888907 10248 504367
5 17 543320 0 1788888907 10416 517592
6 9 573219 0 1788888907 10509 480315
4 18 594175 0 1788888907 102784 533589
5 18 539578 0 1788888907 102932 511958
7 9 598978 0 1788888907 103245 505707
4 19 553532 0 1788888907 189866 494679
5 19 551684 0 1788888907 190105 521448
6 10 602687 0 1788888907 190342 514922
4 20 606022 0 1788888907 272333 552495
5 20 575050 0 1788888907 272532 548420
7 10 628715 0 1788888907 272733 545635
4 21 599083 0 1788888907 342741 553596
5 21 584109 0 1788888907 342904 560481
6 11 630020 0 1788888907 343205 558999
4 22 626383 0 1788888907 414142 579038
5 22 617572 0 1788888907 414256 591738
7 11 639147 0 1788888907 414387 567068
4 23 642621 0 1788888907 499077 586926
5 23 638674 0 1788888907 499693 609650
6 12 694799 0 1788888907 499875 608378
4 24 691941 0 1788888907 572785 643166
5 24 646918 0 1788888907 572938 622507
7 12 705116 0 1788888907 573073 630939
4 25 708137 0 1788888907 646766 658441
5 25 696057 0 1788888907 646956 669233
6 13 710060 0 1788888907 647057 635588
4 26 736167 0 1788888907 721318 684682
5 26 707712 0 1788888907 721556 680266
7 13 769561 0 1788888907 722100 694064
4 27 735790 0 1788888907 799176 688339
5 27 714351 0 1788888907 799416 689953
6 14 785285 0 1788888907 800073 706356
4 28 780106 0 1788888907 875086 730036
5 28 764357 0 1788888907 875251 737542
7 14 787951 0 1788888907 875403 711506
4 29 782118 0 1788888907 961414 727565
5 29 771742 0 1788888907 961612 744461
6 15 787115 0 1788888907 961716 700322
4 30 839692 0 1788888908 37191 789192
5 30 816145 0 1788888908 37353 792106
7 15 840680 0 1788888908 37480 764408
4 31 867816 0 1788888908 117005 815816
5 31 862126 0 1788888908 117199 835504
6 16 877337 0 1788888908 117381 796988
4 32 914527 0 1788888908 199487 859664
5 32 897898 0 1788888908 200200 868534
7 16 945209 0 1788888908 200352 861659
4 33 952153 0 1788888908 276588 900755
5 33 941501 0 1788888908 276789 915119
6 17 952510 0 1788888908 276901 874925
4 34 1030932 0 1788888908 382213 953088
5 34 1020973 0 1788888908 382909 978357
7 17 1042190 0 1788888908 383260 935314
4 35 1056231 0 1788888908 489838 983036
5 35 1056248 0 1788888908 490002 1018390
6 18 1067319 0 1788888908 490168 958999
4 36 1133328 0 1788888908 602624 1058688
5 36 1110731 0 1788888908 602797 1077609
7 18 1156585 0 1788888908 606700 1039505
4 37 1200768 0 1788888908 703670 1134234
5 37 1190278 0 1788888908 704352 1153632
6 19 1207588 0 1788888908 704565 1105467
4 38 1259473 0 1788888908 804629 1198825
5 38 1253149 0 1788888908 804805 1221275
7 19 1284342 0 1788888908 805122 1182675
4 39 1338271 0 1788888908 898981 1281666
5 39 1317497 0 1788888908 899188 1291131
6 20 1346438 0 1788888908 899297 1251582
4 40 1364400 0 1788888908 986016 1309612
5 40 1354922 0 1788888908 986246 1323857
7 20 1370319 0 1788888908 986885 1282253
4 41 1424217 0 1788888909 77099 1366518
5 41 1392461 0 1788888909 77436 1359211
6 21 1439599 0 1788888909 77586 1347860
4 42 1434935 0 1788888909 158805 1383366
5 42 1431147 0 1788888909 159015 1407127
7 21 1464929 0 1788888909 159291 1382508
4 43 1477875 0 1788888909 238109 1423130
5 43 1472130 0 1788888909 238318 1442825
6 22 1480296 0 1788888909 238476 1400444
4 44 1530740 0 1788888909 318431 1476712
5 44 1508389 0 1788888909 318613 1479466
7 22 1535751 0 1788888909 318720 1454883
4 45 1529577 0 1788888909 399780 1478352
5 45 1519505 0 1788888909 399989 1495012
6 23 1539134 0 1788888909 400161 1457089
4 46 1532720 0 1788888909 476533 1481805
5 46 1490858 0 1788888909 476774 1465359
7 23 1582810 0 1788888909 476916 1505500
4 47 1523212 0 1788888909 590608 1434205
5 47 1497447 0 1788888909 591190 1438530
6 24 1539270 0 1788888909 592029 1423575
4 48 1545503 0 1788888909 701026 1480591
5 48 1535762 0 1788888909 701185 1502391
7 24 1557258 0 1788888909 705134 1442519
4 49 1568653 0 1788888909 785523 1512524
5 49 1564714 0 1788888909 785727 1535967
6 25 1592213 0 1788888909 785831 1507122
4 50 1588100 0 1788888909 880627 1520383
5 50 1546616 0 1788888909 880811 1504135
7 25 1634917 0 1788888909 880959 1539293
4 51 1580604 0 1788888909 962506 1528010
5 51 1580036 0 1788888909 962664 1554318
6 26 1611191 0 1788888909 962896 1528755
4 52 1664907 0 1788888910 51865 1609533
5 52 1638763 0 1788888910 54688 1606038
7 26 1668297 0 1788888910 55045 1575440
4 53 1696235 0 1788888910 133739 1642787
5 53 1645515 0 1788888910 134604 1621714
6 27 1701531 0 1788888910 135155 1617617
4 54 1665268 0 1788888910 219668 1609593
5 54 1653123 0 1788888910 219782 1626039
7 27 1730606 0 1788888910 219957 1643960
4 55 1707627 0 1788888910 308773 1653953
5 55 1699642 0 1788888910 308955 1673126
6 28 1725429 0 1788888910 309166 1635681
4 56 1769362 0 1788888910 388641 1719478
5 56 1769052 0 1788888910 388789 1745518
7 28 1770760 0 1788888910 388875 1690489
4 57 1768578 0 1788888910 465251 1718033
5 57 1761247 0 1788888910 465871 1736516
6 29 1816069 0 1788888910 466015 1738352
4 58 1826121 0 1788888910 539188 1782789
5 58 1818676 0 1788888910 539310 1797384
7 29 1833938 0 1788888910 539451 1759564
4 59 1758614 0 1788888910 607536 1712076
5 59 1712178 0 1788888910 607696 1688938
6 30 1826384 0 1788888910 607844 1757521
4 60 1763168 0 1788888910 687382 1706304
5 60 1746871 0 1788888910 687585 1714470
7 30 1771214 0 1788888910 687726 1690869
4 61 1793709 0 1788888910 780577 1733908
5 61 1708211 0 1788888910 780763 1676722
6 31 1816669 0 1788888910 781516 1722327
4 62 1739114 0 1788888910 874694 1682603
5 62 1716822 0 1788888910 874996 1689386
7 31 1742229 0 1788888910 875712 1646855
4 63 1790564 0 1788888910 956792 1738014
5 63 1759591 0 1788888910 956976 1730636
6 32 1798089 0 1788888910 957118 1715567
4 64 1789732 0 1788888911 32507 1743985
5 64 1771766 0 1788888911 32710 1747446
7 32 1822396 0 1788888911 32860 1746120
4 65 1804289 0 1788888911 109370 1750662
5 65 1771553 0 1788888911 109567 1741424
6 33 1806861 0 1788888911 110368 1728802
4 66 1840075 0 1788888911 190592 1788945
5 66 1825387 0 1788888911 190827 1802463
7 33 1851503 0 1788888911 190960 1769757
4 67 1906291 0 1788888911 286679 1843669
5 67 1906204 0 1788888911 287458 1873854
6 34 1922380 0 1788888911 291453 1821342
4 68 1936391 0 1788888911 390250 1868264
5 68 1923734 0 1788888911 390522 1886030
7 34 1984465 0 1788888911 390963 1879366
4 69 1980443 0 1788888911 502875 1904412
5 69 1980076 0 1788888911 503075 1936893
6 35 1999105 0 1788888911 503524 1884149
4 70 2058234 0 1788888911 619706 1980715
5 70 2058079 0 1788888911 620150 2020049
7 35 2086365 0 1788888911 620567 1968410
4 71 2218848 0 1788888911 808170 2085608
5 71 2187677 0 1788888911 808635 2112685
6 36 2240561 0 1788888911 808743 2050578
4 72 2233394 0 1788888911 899720 2177461
5 72 2198669 0 1788888911 899848 2170051
7 36 2245427 0 1788888911 900010 2152933
4 73 2260460 0 1788888911 981301 2208858
5 73 2242156 0 1788888911 981476 2214536
6 37 2277839 0 1788888911 981624 2195719
4 74 2286739 0 1788888912 71430 2232687
5 74 2248938 0 1788888912 71889 2220048
7 37 2293531 0 1788888912 72129 2202476
4 75 2312422 0 1788888912 163194 2250060
5 75 2274849 0 1788888912 163310 2248128
6 38 2322303 0 1788888912 163454 2230076
4 76 2307067 0 1788888912 233755 2260064
5 76 2273306 0 1788888912 233934 2248286
7 38 2320640 0 1788888912 234279 2249348
4 77 2257968 0 1788888912 305223 2209398
5 77 2257370 0 1788888912 305395 2234511
6 39 2292538 0 1788888912 305609 2220494
4 78 2309725 0 1788888912 384101 2254586
5 78 2307498 0 1788888912 384835 2273507
7 39 2329178 0 1788888912 385182 2249062
4 79 2262567 0 1788888912 454608 2216363
5 79 2203974 0 1788888912 454726 2178777
6 40 2302126 0 1788888912 454975 2231089
4 80 2230998 0 1788888912 520472 2187807
5 80 2207108 0 1788888912 520577 2185091
7 40 2234797 0 1788888912 520722 2168522
4 81 2260268 0 1788888912 592303 2210533
5 81 2214443 0 1788888912 592468 2191544
6 41 2265387 0 1788888912 592636 2193015
4 82 2257746 0 1788888912 662962 2212647
5 82 2232070 0 1788888912 663635 2207573
7 41 2261792 0 1788888912 663803 2190113
4 83 2202189 0 1788888912 728699 2159457
5 83 2187037 0 1788888912 728848 2165347
6 42 2247462 0 1788888912 728938 2181324
4 84 2235014 0 1788888912 809144 2183013
5 84 2217574 0 1788888912 809406 2191794
7 42 2241305 0 1788888912 809819 2159986
4 85 2224174 0 1788888912 879496 2180681
5 85 2216469 0 1788888912 879668 2194086
6 43 2233257 0 1788888912 879778 2162460
4 86 2269165 0 1788888912 950198 2223276
5 86 2238761 0 1788888912 950432 2214307
7 43 2275826 0 1788888912 951019 2204138
4 87 2246260 0 1788888913 20586 2199388
5 87 2235390 0 1788888913 20875 2210853
6 44 2302181 0 1788888913 21411 2230715
4 88 2211845 0 1788888913 90321 2165130
5 88 2186351 0 1788888913 90525 2161530
7 44 2215570 0 1788888913 90689 2145259
4 89 2178077 0 1788888913 161237 2129484
5 89 2152626 0 1788888913 161510 2128689
6 45 2184485 0 1788888913 161796 2112830
4 90 2226633 0 1788888913 240055 2170984
5 90 2224211 0 1788888913 240205 2194438
7 45 2231861 0 1788888913 241120 2151717
4 91 2270517 0 1788888913 309934 2226431
5 91 2246881 0 1788888913 310618 2224741
6 46 2293491 0 1788888913 311156 2222162
4 92 2255698 0 1788888913 382229 2207783
5 92 2231432 0 1788888913 382394 2205168
7 46 2262390 0 1788888913 382619 2189510
4 93 2236039 0 1788888913 451373 2189841
5 93 2206638 0 1788888913 451496 2182432
6 47 2290103 0 1788888913 451603 2220510
4 94 2166029 0 1788888913 518891 2120395
5 94 2157832 0 1788888913 519009 2134673
7 47 2226952 0 1788888913 519188 2158945
4 95 2212565 0 1788888913 594705 2161714
5 95 2190617 0 1788888913 594888 2162470
6 48 2225850 0 1788888913 594987 2149521
4 96 2249607 0 1788888913 668802 2199084
5 96 2242986 0 1788888913 668992 2217645
7 48 2264388 0 1788888913 669135 2189790
4 97 2274694 0 1788888913 742352 2226281
5 97 2259338 0 1788888913 742540 2236101
6 49 2276199 0 1788888913 742714 2202120
4 98 2315211 0 1788888913 832630 2254719
5 98 2306455 0 1788888913 832764 2269160
7 49 2339049 0 1788888913 832926 2248296
4 99 2435199 0 1788888913 986993 2339167
5 99 2430482 0 1788888913 987160 2380665
6 50 2438978 0 1788888913 987318 2284058
4 100 2521740 0 1788888914 95386 2454833
5 100 2502128 0 1788888914 95678 2462632
7 50 2534120 0 1788888914 95875 2425056
4 101 2505965 0 1788888914 132010 2502338
5 101 2611937 0 1788888914 247781 2532157
6 51 2627164 0 1788888914 247948 2474376
7 51 2570516 0 1788888914 248102 2530453
4 102 2701465 0 1788888914 381364 2567666
5 102 2692409 0 1788888914 381513 2599903
6 52 2672899 0 1788888914 381628 2619285
4 103 2758954 0 1788888914 512659 2692866
5 103 2712134 0 1788888914 512976 2677587
7 52 2771273 0 1788888914 513734 2638660
4 104 2802391 0 1788888914 607895 2736358
5 104 2760851 0 1788888914 608124 2727960
6 53 2805964 0 1788888914 608307 2710090
4 105 2796462 0 1788888914 717787 2716492
5 105 2786552 0 1788888914 720118 2738252
7 53 2806998 0 1788888914 720815 2693818
4 106 2879509 0 1788888914 834147 2802390
5 106 2877087 0 1788888914 834333 2839557
6 54 2899044 0 1788888914 834447 2782206
4 107 2967869 0 1788888914 936954 2907979
5 107 2954791 0 1788888914 937182 2924536
7 54 2976531 0 1788888914 937300 2873113
4 108 3014876 0 1788888915 16571 2961331
5 108 2953077 0 1788888915 16805 2928621
6 55 3018516 0 1788888915 16953 2938198
4 109 2979252 0 1788888915 95294 2926108
5 109 2952488 0 1788888915 95458 2927856
7 55 3031353 0 1788888915 95602 2952138
4 110 2957948 0 1788888915 184165 2898997
5 110 2949874 0 1788888915 184638 2922389
6 56 3002671 0 1788888915 184909 2912851
4 111 3022023 0 1788888915 276487 2957725
5 111 3012009 0 1788888915 276722 2981143
7 56 3041183 0 1788888915 276919 2948234
4 112 3077721 0 1788888915 365582 3020244
5 112 3070807 0 1788888915 365747 3040491
6 57 3088101 0 1788888915 366158 2998266
4 113 3135021 0 1788888915 453215 3078868
5 113 3112109 0 1788888915 453316 3086505
7 57 3146197 0 1788888915 453464 3058067
4 114 3150434 0 1788888915 528434 3101766
5 114 3115852 0 1788888915 528571 3093459
6 58 3157706 0 1788888915 528737 3082015
4 115 3110965 0 1788888915 581242 3085178
7 58 3142246 0 1788888915 581960 3088553
5 115 3101070 0 1788888915 584322 3097780
