4 1 177843 0 1788888915 920819 39607
5 1 168233 0 1788888915 921669 83977
6 1 167840 0 1788888915 921822 136157
4 2 321782 0 1788888916 98389 181062
5 2 318178 0 1788888916 98849 237243
7 1 344082 0 1788888916 99311 165387
4 3 422461 0 1788888916 235776 343378
5 3 418699 0 1788888916 235906 378168
6 2 427818 0 1788888916 236042 289810
4 4 525970 0 1788888916 356135 465249
5 4 520543 0 1788888916 356338 491292
7 2 536862 0 1788888916 356494 415874
4 5 608331 0 1788888916 456289 541887
5 5 589600 0 1788888916 456563 557912
6 3 613628 0 1788888916 458109 511348
4 6 673462 0 1788888916 567357 602260
5 6 653656 0 1788888916 567553 617660
7 3 675846 0 1788888916 567709 564136
4 7 722888 0 1788888916 678469 651372
5 7 702799 0 1788888916 678645 666761
6 4 738242 0 1788888916 678822 626505
4 8 769214 0 1788888916 773693 704053
5 8 704278 0 1788888916 773862 671672
7 4 771299 0 1788888916 774326 675231
4 9 802689 0 1788888916 883104 738197
5 9 798615 0 1788888916 883280 768087
6 5 805133 0 1788888916 883430 694808
4 10 883796 0 1788888917 3382 813246
5 10 860477 0 1788888917 4304 827292
7 5 896381 0 1788888917 4445 774813
4 11 922946 0 1788888917 112723 844600
5 11 901381 0 1788888917 112874 855717
6 6 934251 0 1788888917 113044 824352
4 12 967426 0 1788888917 241847 892461
5 12 873294 0 1788888917 242086 835714
7 6 975602 0 1788888917 242389 845670
4 13 958442 0 1788888917 346874 888616
5 13 921312 0 1788888917 347138 884280
6 7 971632 0 1788888917 347327 865500
4 14 1012012 0 1788888917 444340 946350
5 14 1009647 0 1788888917 444874 976642
7 7 1022010 0 1788888917 449668 918990
4 15 1085809 0 1788888917 529568 1032873
5 15 1080016 0 1788888917 529883 1053851
6 8 1088821 0 1788888917 530000 1002919
4 16 1098074 0 1788888917 608852 1044875
5 16 1071299 0 1788888917 609030 1045363
7 8 1138066 0 1788888917 609188 1058222
4 17 1118688 0 1788888917 690366 1064536
5 17 1100844 0 1788888917 690542 1074234
6 9 1130814 0 1788888917 690706 1048778
4 18 1141346 0 1788888917 772556 1087009
5 18 1086797 0 1788888917 772753 1058973
7 9 1146046 0 1788888917 772916 1063298
4 19 1092291 0 1788888917 851227 1039511
5 19 1090387 0 1788888917 851409 1063183
6 10 1141312 0 1788888917 851569 1062099
4 20 1144245 0 1788888917 933159 1089958
5 20 1113278 0 1788888917 933362 1086754
7 10 1166940 0 1788888917 933560 1084341
4 21 1149616 0 1788888918 15876 1098571
5 21 1134651 0 1788888918 16048 1109739
6 11 1180350 0 1788888918 16137 1097157
4 22 1188274 0 1788888918 98635 1136008
5 22 1179590 0 1788888918 98876 1153427
7 11 1201246 0 1788888918 99089 1117813
4 23 1214932 0 1788888918 193990 1145261
5 23 1210971 0 1788888918 194593 1172928
6 12 1267223 0 1788888918 194902 1170764
4 24 1324376 0 1788888918 327821 1232418
5 24 1279408 0 1788888918 328031 1225993
7 12 1337653 0 1788888918 328212 1202375
4 25 1387218 0 1788888918 448450 1303881
5 25 1375188 0 1788888918 448688 1338553
6 13 1389586 0 1788888918 449185 1267973
4 26 1463477 0 1788888918 571230 1387704
5 26 1434977 0 1788888918 571423 1394831
7 13 1496443 0 1788888918 571584 1372995
4 27 1547383 0 1788888918 733370 1464255
5 27 1530304 0 1788888918 737971 1486541
6 14 1600718 0 1788888918 738109 1433579
4 28 1617565 0 1788888918 835146 1552841
5 28 1601846 0 1788888918 835342 1571178
7 14 1625860 0 1788888918 835914 1523069
4 29 1629607 0 1788888918 931505 1566327
5 29 1619321 0 1788888918 931793 1586500
6 15 1634713 0 1788888918 931916 1537746
4 30 1773394 0 1788888919 93495 1642279
5 30 1749881 0 1788888919 93691 1669252
7 15 1774470 0 1788888919 93872 1611911
4 31 1926427 0 1788888919 298218 1791785
5 31 1921798 0 1788888919 299473 1864598
6 16 1939020 0 1788888919 301666 1730599
4 32 2043434 0 1788888919 450995 1950064
5 32 2028353 0 1788888919 453258 1985154
7 16 2075694 0 1788888919 453439 1920238
4 33 2113344 0 1788888919 560380 2044071
5 33 2102753 0 1788888919 560643 2063138
6 17 2113772 0 1788888919 560765 2003853
4 34 2192828 0 1788888919 666710 2125437
5 34 2182347 0 1788888919 666885 2151607
7 17 2203326 0 1788888919 666998 2096498
4 35 2205170 0 1788888919 761379 2143887
5 35 2205213 0 1788888919 761569 2173961
6 18 2216840 0 1788888919 762291 2121076
4 36 2264875 0 1788888919 856774 2200993
5 36 2243196 0 1788888919 857864 2207453
7 18 2285297 0 1788888919 858013 2188445
4 37 2342200 0 1788888919 967704 2268459
5 37 2331384 0 1788888919 968060 2297196
6 19 2348882 0 1788888919 968461 2236772
4 38 2404067 0 1788888920 71826 2342024
5 38 2397711 0 1788888920 71969 2369673
7 19 2428689 0 1788888920 72072 2323737
4 39 2485034 0 1788888920 168347 2416903
5 39 2464183 0 1788888920 168476 2429389
6 20 2496587 0 1788888920 172049 2394922
5 40 2491630 0 1788888920 245556 2488823
4 40 2581715 0 1788888920 325934 2471834
6 21 2565483 0 1788888920 326072 2523754
7 20 2587094 0 1788888920 326261 2429035
4 41 2657326 0 1788888920 464904 2575636
5 41 2689862 0 1788888920 465345 2550164
6 22 2648594 0 1788888920 465558 2608564
4 42 2719514 0 1788888920 569984 2645327
5 42 2689339 0 1788888920 570120 2652861
7 21 2723751 0 1788888920 570223 2618215
4 43 2796525 0 1788888920 685315 2713185
5 43 2784390 0 1788888920 689962 2743170
6 23 2807860 0 1788888920 690697 2686915
4 44 2847355 0 1788888920 780181 2786877
5 44 2796890 0 1788888920 780519 2765298
7 22 2870343 0 1788888920 780636 2774797
4 45 2882293 0 1788888920 885380 2811065
5 45 2869169 0 1788888920 885878 2839284
6 24 2893205 0 1788888920 886010 2786721
5 46 2799162 0 1788888920 974524 2796286
4 46 2932074 0 1788888921 40592 2819591
6 25 2850763 0 1788888921 40760 2821061
7 23 2974500 0 1788888921 40914 2818722
6 26 2843956 0 1788888921 122082 2839654
4 47 2925888 0 1788888921 196365 2802558
5 47 2980300 0 1788888921 196645 2824125
7 24 2908746 0 1788888921 196771 2873006
4 48 2993642 0 1788888921 333115 2914510
5 48 2990550 0 1788888921 334164 2949907
6 27 3018397 0 1788888921 334617 2879613
4 49 3060047 0 1788888921 475177 2966120
5 49 3018514 0 1788888921 475312 2970839
7 25 3106761 0 1788888921 475405 2964210
4 50 3120663 0 1788888921 625167 3023844
5 50 3120065 0 1788888921 625295 3068093
6 28 3152184 0 1788888921 626490 3000504
4 51 3254229 0 1788888921 763790 3162059
5 51 3226497 0 1788888921 765023 3170781
7 26 3256821 0 1788888921 766171 3115235
4 52 3373000 0 1788888921 933106 3262460
5 52 3321656 0 1788888921 933347 3263996
6 29 3377288 0 1788888921 933514 3206757
4 53 3386656 0 1788888922 63658 3317414
5 53 3374641 0 1788888922 63902 3341337
7 27 3452489 0 1788888922 64442 3320894
4 54 3460444 0 1788888922 184193 3378956
5 54 3452517 0 1788888922 184431 3408443
6 30 3478237 0 1788888922 184577 3357104
4 55 3547015 0 1788888922 288896 3478246
5 55 3547350 0 1788888922 289689 3515016
7 28 3549196 0 1788888922 289913 3442965
4 56 3562029 0 1788888922 381304 3504623
5 56 3554311 0 1788888922 381536 3524951
6 31 3609231 0 1788888922 381778 3516095
4 57 3643022 0 1788888922 478692 3576686
5 57 3635592 0 1788888922 478828 3598698
7 29 3650861 0 1788888922 478976 3552967
4 58 3644592 0 1788888922 616116 3562194
5 58 3598802 0 1788888922 616921 3561657
6 32 3713302 0 1788888922 617364 3574345
4 59 3653877 0 1788888922 700694 3598912
5 59 3637642 0 1788888922 700958 3609827
7 30 3662826 0 1788888922 701940 3576489
4 60 3678339 0 1788888922 787808 3622629
5 60 3592854 0 1788888922 788007 3563786
6 33 3700679 0 1788888922 788128 3612898
4 61 3623814 0 1788888922 881996 3561823
5 61 3601439 0 1788888922 882216 3567017
7 31 3626311 0 1788888922 882396 3531485
4 62 3703161 0 1788888922 991991 3633494
5 62 3672229 0 1788888922 992215 3638626
6 34 3711039 0 1788888922 992670 3600081
4 63 3712541 0 1788888923 77918 3654772
5 63 3694591 0 1788888923 78137 3664559
7 32 3745819 0 1788888923 78884 3658737
4 64 3739413 0 1788888923 167097 3679083
5 64 3706691 0 1788888923 167307 3677135
6 35 3741306 0 1788888923 167415 3651622
4 65 3774857 0 1788888923 247976 3721454
5 65 3760124 0 1788888923 248165 3731906
7 33 3786260 0 1788888923 248319 3704843
4 66 3825875 0 1788888923 328864 3774459
5 66 3825226 0 1788888923 329083 3801879
6 36 3837619 0 1788888923 329293 3756098
4 67 3831117 0 1788888923 407578 3778670
5 67 3818398 0 1788888923 407788 3791489
7 34 3878894 0 1788888923 407994 3799583
4 68 3838940 0 1788888923 483974 3787531
5 68 3838642 0 1788888923 484244 3813030
6 37 3857340 0 1788888923 484361 3780370
4 69 3893954 0 1788888923 578028 3825161
5 69 3894250 0 1788888923 578923 3850555
7 35 3922831 0 1788888923 579635 3826994
4 70 3962636 0 1788888923 674559 3899648
5 70 3931238 0 1788888923 674798 3901776
6 38 3984358 0 1788888923 675142 3884465
4 71 3975114 0 1788888923 764041 3916146
5 71 3940454 0 1788888923 764235 3910433
7 36 3987198 0 1788888923 764382 3897173
4 72 4013831 0 1788888923 857273 3957314
5 72 3995584 0 1788888923 857505 3967877
6 39 4031345 0 1788888923 857733 3937453
4 73 4038915 0 1788888923 946208 3976153
5 73 4000875 0 1788888923 946427 3967637
7 37 4045383 0 1788888923 946583 3955881
4 74 4165457 0 1788888924 138831 4029479
5 74 4128321 0 1788888924 139383 4037992
6 40 4175828 0 1788888924 139581 3982201
4 75 4227434 0 1788888924 276724 4156419
5 75 4193755 0 1788888924 276985 4161679
7 38 4240928 0 1788888924 277169 4095547
4 76 4204264 0 1788888924 374121 4141235
5 76 4204270 0 1788888924 374898 4175943
6 41 4239440 0 1788888924 375113 4140824
4 77 4275459 0 1788888924 472437 4212759
5 77 4273017 0 1788888924 472955 4241786
7 39 4295108 0 1788888924 473715 4195314
4 78 4268071 0 1788888924 582713 4196209
5 78 4209547 0 1788888924 582901 4174174
6 42 4307657 0 1788888924 583108 4196267
4 79 4306177 0 1788888924 718253 4207981
5 79 4282392 0 1788888924 718463 4239606
7 40 4310151 0 1788888924 718679 4173828
4 80 4388653 0 1788888924 843290 4304983
5 80 4344262 0 1788888924 844889 4304142
6 43 4395179 0 1788888924 845030 4268121
4 81 4436107 0 1788888924 963925 4370067
5 81 4410034 0 1788888924 964201 4378089
7 41 4439924 0 1788888924 964537 4318374
4 82 4435235 0 1788888925 84348 4353893
5 82 4421488 0 1788888925 85900 4383145
6 44 4482176 0 1788888925 86254 4359615
4 83 4497425 0 1788888925 194157 4422298
5 83 4479910 0 1788888925 194343 4450711
7 42 4503347 0 1788888925 194463 4393028
4 84 4510418 0 1788888925 288342 4452251
5 84 4502727 0 1788888925 288528 4472856
6 45 4520412 0 1788888925 289534 4424827
4 85 4580962 0 1788888925 384597 4521911
5 85 4550641 0 1788888925 384914 4519260
7 43 4587290 0 1788888925 385085 4490331
4 86 4591129 0 1788888925 488058 4524286
5 86 4580206 0 1788888925 488292 4549183
6 46 4646670 0 1788888925 488502 4542196
4 87 4598285 0 1788888925 599364 4525102
5 87 4572745 0 1788888925 599522 4535264
7 44 4602142 0 1788888925 599863 4490002
4 88 4605591 0 1788888925 711353 4531412
5 88 4580114 0 1788888925 711600 4545949
6 47 4613864 0 1788888925 713777 4499227
7 45 4582914 0 1788888925 714704 4578676
