0 1 185452 0 1788888915 934808 62319
1 1 170019 0 1788888915 935905 92879
2 1 169653 0 1788888915 936229 134169
0 2 355406 0 1788888916 141795 205072
1 2 327849 0 1788888916 142377 255784
3 1 359667 0 1788888916 142913 151342
0 3 414982 0 1788888916 286475 316144
1 3 395130 0 1788888916 286678 336844
2 2 458946 0 1788888916 286914 313020
0 4 485419 0 1788888916 395032 411815
1 4 477186 0 1788888916 395242 437389
3 2 490724 0 1788888916 395548 381062
0 5 552360 0 1788888916 493759 486946
1 5 546229 0 1788888916 493993 508721
2 3 569386 0 1788888916 495229 468820
0 6 629170 0 1788888916 618814 546197
1 6 605765 0 1788888916 619280 561087
3 3 665164 0 1788888916 619442 539167
0 7 588248 0 1788888916 721866 524688
1 7 581278 0 1788888916 722048 549566
2 4 691648 0 1788888916 722148 588174
0 8 660577 0 1788888916 827914 588472
1 8 616955 0 1788888916 828110 581343
3 4 662403 0 1788888916 828277 555517
0 9 711876 0 1788888916 940586 640379
1 9 700471 0 1788888916 940731 665446
2 5 718416 0 1788888916 945846 600221
0 10 752981 0 1788888917 48823 684253
1 10 731881 0 1788888917 50234 695735
3 5 785862 0 1788888917 50390 675839
0 11 823391 0 1788888917 182515 732133
1 11 818853 0 1788888917 182762 780368
2 6 827819 0 1788888917 182915 693431
0 12 916539 0 1788888917 298609 848910
1 12 867348 0 1788888917 298866 834023
3 6 932294 0 1788888917 299277 815312
0 13 864441 0 1788888917 397813 801830
1 13 831412 0 1788888917 398108 800259
2 7 893903 0 1788888917 398288 793979
0 14 890115 0 1788888917 488204 836639
1 14 889653 0 1788888917 488402 863693
3 7 907821 0 1788888917 489191 816129
0 15 864428 0 1788888917 568075 812366
1 15 863830 0 1788888917 568376 838781
2 8 909011 0 1788888917 568747 828259
0 16 896564 0 1788888917 648608 842382
1 16 888257 0 1788888917 648786 861570
3 8 919114 0 1788888917 648947 838051
0 17 935251 0 1788888917 725882 885188
1 17 924700 0 1788888917 726124 899373
2 9 961855 0 1788888917 726289 883907
0 18 955502 0 1788888917 809834 900353
1 18 861607 0 1788888917 810053 835025
3 9 985772 0 1788888917 810217 901132
0 19 901525 0 1788888917 887526 850713
1 19 894977 0 1788888917 887698 871277
2 10 937961 0 1788888917 887977 859372
0 20 941129 0 1788888917 971386 882085
1 20 921255 0 1788888917 971590 891590
3 10 975924 0 1788888917 971751 891471
0 21 953401 0 1788888918 48845 901313
1 21 921449 0 1788888918 49028 894498
2 11 965253 0 1788888918 49183 887275
0 22 940010 0 1788888918 130169 886837
1 22 907047 0 1788888918 130393 882212
3 11 981920 0 1788888918 130506 899960
0 23 994169 0 1788888918 242109 914636
1 23 983743 0 1788888918 243057 947156
2 12 1015259 0 1788888918 243226 901983
0 24 1061870 0 1788888918 371745 979357
1 24 1031548 0 1788888918 371987 992481
3 12 1098683 0 1788888918 372170 968386
0 25 1109471 0 1788888918 511684 1026979
1 25 1107924 0 1788888918 512258 1063200
2 13 1136077 0 1788888918 512593 994952
0 26 1243835 0 1788888918 677439 1122161
1 26 1239989 0 1788888918 677678 1192953
3 13 1258546 0 1788888918 677857 1091115
0 27 1275150 0 1788888918 779153 1213562
1 27 1259189 0 1788888918 779296 1232730
2 14 1305997 0 1788888918 784087 1199095
0 28 1310277 0 1788888918 878494 1250325
1 28 1306334 0 1788888918 878709 1277568
3 14 1330998 0 1788888918 879006 1230872
0 29 1402272 0 1788888918 980057 1332593
1 29 1398524 0 1788888918 981133 1357562
2 15 1411739 0 1788888918 984463 1305541
0 30 1520204 0 1788888919 205427 1350359
1 30 1504238 0 1788888919 205740 1409254
3 15 1543736 0 1788888919 205934 1317443
0 31 1625785 0 1788888919 356336 1536714
1 31 1616365 0 1788888919 356567 1575886
2 16 1657810 0 1788888919 362519 1500459
0 32 1697898 0 1788888919 487811 1619881
1 32 1638062 0 1788888919 488056 1600519
3 16 1741479 0 1788888919 488179 1608795
0 33 1730040 0 1788888919 589511 1663047
1 33 1700626 0 1788888919 589824 1663990
2 17 1738667 0 1788888919 590009 1636217
0 34 1753613 0 1788888919 691898 1689838
1 34 1730637 0 1788888919 692086 1698868
3 17 1797706 0 1788888919 692419 1694591
0 35 1792489 0 1788888919 785186 1731663
1 35 1730635 0 1788888919 785406 1700161
2 18 1816160 0 1788888919 785533 1722325
0 36 1839147 0 1788888919 908319 1760537
1 36 1821980 0 1788888919 908634 1782800
3 18 1848637 0 1788888919 909236 1724333
0 37 1882907 0 1788888920 25010 1805844
1 37 1859338 0 1788888920 25203 1818124
2 19 1910288 0 1788888920 25366 1792965
0 38 1920595 0 1788888920 112303 1864695
1 38 1913108 0 1788888920 112524 1886309
3 19 1924353 0 1788888920 112796 1836353
1 39 1959034 0 1788888920 194194 1955998
0 39 2028919 0 1788888920 260985 1919115
2 20 2056727 0 1788888920 262072 1906732
3 20 2011983 0 1788888920 263316 1974594
0 40 2060995 0 1788888920 398838 1961283
1 40 2081011 0 1788888920 399090 1942666
2 21 2043704 0 1788888920 399225 1996984
0 41 2128073 0 1788888920 531544 2040627
1 41 2123752 0 1788888920 531798 2084163
3 21 2128850 0 1788888920 531970 1995459
0 42 2179172 0 1788888920 642619 2105028
1 42 2137187 0 1788888920 642780 2097587
2 22 2200267 0 1788888920 642903 2088605
0 43 2162288 0 1788888920 743030 2104114
1 43 2161302 0 1788888920 743227 2130772
3 22 2171229 0 1788888920 743574 2068558
0 44 2227242 0 1788888920 848376 2154543
1 44 2220332 0 1788888920 848852 2182845
2 23 2251246 0 1788888920 849940 2144129
0 45 2293307 0 1788888920 960667 2218761
1 45 2293165 0 1788888920 960864 2252014
3 23 2294692 0 1788888920 961000 2181278
0 46 2393928 0 1788888921 76260 2325898
1 46 2331574 0 1788888921 76813 2295444
2 24 2405723 0 1788888921 77068 2289213
0 47 2430518 0 1788888921 194812 2356940
1 47 2383985 0 1788888921 195020 2349974
3 24 2441308 0 1788888921 195596 2321738
0 48 2478855 0 1788888921 333005 2398756
1 48 2477479 0 1788888921 336309 2436607
2 25 2498368 0 1788888921 336447 2356275
0 49 2514909 0 1788888921 473058 2429061
1 49 2509699 0 1788888921 473197 2467490
3 25 2516902 0 1788888921 473378 2376364
0 50 2562583 0 1788888921 604641 2477514
1 50 2550331 0 1788888921 604823 2508981
2 26 2626611 0 1788888921 605087 2494225
0 51 2638300 0 1788888921 729200 2557053
1 51 2592149 0 1788888921 729580 2547127
3 26 2649079 0 1788888921 733747 2519700
0 52 2705614 0 1788888921 876000 2603815
1 52 2705984 0 1788888921 876820 2658296
2 27 2720194 0 1788888921 877112 2571449
0 53 2820508 0 1788888922 34434 2732817
1 53 2817947 0 1788888922 34689 2781606
3 27 2863274 0 1788888922 34857 2703947
0 54 2913593 0 1788888922 147173 2838833
1 54 2899019 0 1788888922 147309 2854461
2 28 2928435 0 1788888922 147471 2814951
0 55 2985284 0 1788888922 263543 2911787
1 55 2962646 0 1788888922 263764 2927844
3 28 2990932 0 1788888922 263878 2873985
0 56 3008726 0 1788888922 356896 2946306
1 56 3005187 0 1788888922 357162 2975636
2 29 3031029 0 1788888922 361441 2932921
0 57 3040410 0 1788888922 453679 2981687
1 57 3021518 0 1788888922 453906 2991845
3 29 3083620 0 1788888922 454215 2986096
0 58 3097687 0 1788888922 587206 3012367
1 58 3063011 0 1788888922 587493 3023905
2 30 3110094 0 1788888922 587614 2975850
0 59 3090103 0 1788888922 680280 3032467
1 59 3018290 0 1788888922 680468 2990822
3 30 3148010 0 1788888922 680573 3054343
0 60 2957354 0 1788888922 763596 2903205
1 60 2891407 0 1788888922 763831 2863561
2 31 3042618 0 1788888922 764609 2958074
0 61 2958525 0 1788888922 850277 2902865
1 61 2904861 0 1788888922 850408 2877917
3 31 2976550 0 1788888922 850517 2889436
0 62 2968579 0 1788888922 959569 2893631
1 62 2961059 0 1788888922 959694 2925490
2 32 2979285 0 1788888922 959855 2869527
0 63 3046543 0 1788888923 48352 2987814
1 63 3031888 0 1788888923 48532 3004469
3 32 3049138 0 1788888923 48800 2959731
0 64 3112016 0 1788888923 137481 3054772
1 64 3101606 0 1788888923 137816 3071801
2 33 3121096 0 1788888923 137985 3031186
0 65 3160429 0 1788888923 216717 3108775
1 65 3157551 0 1788888923 216949 3132074
3 33 3180288 0 1788888923 217155 3100332
0 66 3175238 0 1788888923 296705 3123123
1 66 3165649 0 1788888923 296945 3140251
2 34 3208958 0 1788888923 297114 3128361
0 67 3215001 0 1788888923 372137 3163427
1 67 3203922 0 1788888923 372388 3178068
3 34 3221040 0 1788888923 372555 3145004
0 68 3260899 0 1788888923 448560 3210211
1 68 3258165 0 1788888923 448751 3232572
2 35 3268537 0 1788888923 448865 3191592
0 69 3330774 0 1788888923 525045 3280190
1 69 3322786 0 1788888923 525213 3297939
3 35 3333527 0 1788888923 525364 3256533
0 70 3389033 0 1788888923 628222 3312691
1 70 3378524 0 1788888923 628455 3347331
2 36 3405706 0 1788888923 628628 3301939
0 71 3445863 0 1788888923 715718 3389327
1 71 3435828 0 1788888923 715924 3408057
3 36 3453949 0 1788888923 716121 3365804
0 72 3500981 0 1788888923 805325 3440717
1 72 3498165 0 1788888923 805581 3469639
2 37 3519831 0 1788888923 805735 3429566
0 73 3571755 0 1788888923 889722 3517716
1 73 3563734 0 1788888923 890473 3537386
3 37 3578846 0 1788888923 890633 3493314
0 74 3639034 0 1788888924 6676 3551476
1 74 3602260 0 1788888924 7260 3548246
2 38 3676810 0 1788888924 7571 3558685
0 75 3708001 0 1788888924 201472 3598539
1 75 3708029 0 1788888924 202129 3661997
3 38 3764178 0 1788888924 206116 3564203
0 76 3771553 0 1788888924 308747 3701965
1 76 3755726 0 1788888924 308935 3722909
2 39 3797645 0 1788888924 309054 3689585
0 77 3807794 0 1788888924 407589 3747153
1 77 3804189 0 1788888924 408460 3771528
3 39 3833631 0 1788888924 408878 3733212
0 78 3876626 0 1788888924 508801 3809516
1 78 3837485 0 1788888924 509008 3803446
2 40 3889836 0 1788888924 509142 3788082
0 79 3940798 0 1788888924 625679 3868938
1 79 3935739 0 1788888924 626805 3899641
3 40 3947772 0 1788888924 627139 3829174
0 80 3954024 0 1788888924 767115 3868685
1 80 3950767 0 1788888924 767318 3909133
2 41 4022323 0 1788888924 767576 3879886
0 81 4066641 0 1788888924 890142 3986429
1 81 4063400 0 1788888924 890438 4023615
3 41 4070000 0 1788888924 891595 3945114
0 82 4159627 0 1788888924 997949 4089707
1 82 4146797 0 1788888924 999653 4109401
2 42 4172288 0 1788888925 34 4062142
0 83 4213204 0 1788888925 112406 4146965
1 83 4150786 0 1788888925 112855 4118779
3 42 4248783 0 1788888925 112987 4133519
0 84 4160968 0 1788888925 221251 4098790
1 84 4150249 0 1788888925 221434 4117164
2 43 4201538 0 1788888925 221664 4092108
0 85 4219544 0 1788888925 319981 4151102
1 85 4216016 0 1788888925 320166 4183600
3 43 4223106 0 1788888925 321049 4122849
0 86 4209994 0 1788888925 411933 4147118
1 86 4202542 0 1788888925 412279 4170173
2 44 4280817 0 1788888925 412957 4187555
0 87 4299916 0 1788888925 523984 4223783
1 87 4298319 0 1788888925 525437 4255852
3 44 4310717 0 1788888925 525742 4196723
0 88 4376419 0 1788888925 649854 4291685
1 88 4295193 0 1788888925 650160 4256875
2 45 4404608 0 1788888925 650386 4277862
0 89 4341494 0 1788888925 725678 4304877
3 45 4356890 0 1788888925 725871 4280570
1 89 4334607 0 1788888925 730741 4329187
