0 1 181066 0 1788888926 79013 41041
1 1 165804 0 1788888926 80281 63585
2 1 165242 0 1788888926 80409 111161
0 2 277225 0 1788888926 212205 190382
1 2 249351 0 1788888926 212470 206849
3 1 280959 0 1788888926 212795 145729
0 3 300664 0 1788888926 320748 231605
1 3 280911 0 1788888926 321050 245084
2 2 344670 0 1788888926 321228 235427
0 4 364300 0 1788888926 422505 301883
1 4 356043 0 1788888926 422690 319176
3 2 369799 0 1788888926 423215 267133
0 5 434394 0 1788888926 524385 372734
1 5 428256 0 1788888926 524611 391452
2 3 451111 0 1788888926 525545 347833
0 6 480947 0 1788888926 619183 419120
1 6 457321 0 1788888926 619426 423999
3 3 516723 0 1788888926 619592 421216
0 7 452296 0 1788888926 734506 388688
1 7 445779 0 1788888926 735140 412678
2 4 556495 0 1788888926 735586 439827
0 8 551059 0 1788888926 866987 450722
1 8 507924 0 1788888926 867671 452928
3 4 554202 0 1788888926 868667 418975
0 9 636166 0 1788888927 13468 536961
1 9 624834 0 1788888927 13684 574972
2 5 637899 0 1788888927 13919 490682
0 10 715336 0 1788888927 159769 622350
1 10 694030 0 1788888927 160974 645225
3 5 748051 0 1788888927 161170 600081
0 11 783805 0 1788888927 291519 701428
1 11 779217 0 1788888927 291717 741261
2 6 788212 0 1788888927 291899 655864
0 12 863033 0 1788888927 393693 794513
1 12 814026 0 1788888927 394135 774943
3 6 878691 0 1788888927 394265 775550
0 13 810146 0 1788888927 492108 748031
1 13 777209 0 1788888927 492496 745913
2 7 839741 0 1788888927 492747 740442
0 14 856939 0 1788888927 603620 790827
1 14 856497 0 1788888927 603837 823195
3 7 875018 0 1788888927 604979 761942
0 15 867278 0 1788888927 719516 793533
1 15 866518 0 1788888927 719655 829386
2 8 911454 0 1788888927 719781 795044
0 16 934389 0 1788888927 835024 856730
1 16 926413 0 1788888927 835533 884032
3 8 957315 0 1788888927 835740 840936
0 17 1042460 0 1788888927 981683 937636
1 17 1031918 0 1788888927 981933 961530
2 9 1074539 0 1788888927 987565 921622
0 18 1160978 0 1788888928 163902 1051250
1 18 1067026 0 1788888928 164063 1018553
3 9 1191203 0 1788888928 164239 1008299
0 19 1180521 0 1788888928 315113 1070851
1 19 1173997 0 1788888928 315309 1120451
2 10 1216812 0 1788888928 315418 1065099
0 20 1288414 0 1788888928 467263 1196588
1 20 1275286 0 1788888928 474213 1217939
3 10 1330020 0 1788888928 474438 1170531
0 21 1346038 0 1788888928 590072 1271971
1 21 1314153 0 1788888928 590323 1279709
2 11 1357969 0 1788888928 590489 1234583
0 22 1378155 0 1788888928 716904 1290764
1 22 1347052 0 1788888928 718988 1302142
3 11 1422573 0 1788888928 719750 1292686
0 23 1522170 0 1788888928 918702 1386252
1 23 1510990 0 1788888928 918894 1436524
2 12 1542902 0 1788888928 919460 1340108
0 24 1720687 0 1788888929 179152 1535580
1 24 1691867 0 1788888929 180897 1592986
3 12 1758959 0 1788888929 181037 1496395
0 25 1825866 0 1788888929 376670 1710392
1 25 1824147 0 1788888929 377072 1773783
2 13 1852094 0 1788888929 377202 1653026
0 26 1973890 0 1788888929 556086 1858279
1 26 1970365 0 1788888929 556644 1916668
3 13 1989114 0 1788888929 557016 1808225
0 27 2138589 0 1788888929 791183 1976513
1 27 2132411 0 1788888929 801110 2044402
2 14 2174572 0 1788888929 801253 1928747
0 28 2230258 0 1788888929 947066 2134145
1 28 2226302 0 1788888929 947268 2176778
3 14 2250887 0 1788888929 947486 2093773
0 29 2339999 0 1788888930 66375 2264750
1 29 2335374 0 1788888930 66574 2296246
2 15 2345485 0 1788888930 66800 2225473
0 30 2360973 0 1788888930 194788 2266473
1 30 2344968 0 1788888930 195061 2287469
3 15 2384410 0 1788888930 195198 2255378
0 31 2479962 0 1788888930 359104 2367662
1 31 2472556 0 1788888930 361349 2414749
2 16 2509774 0 1788888930 363074 2341225
0 32 2572752 0 1788888930 511253 2466949
1 32 2512907 0 1788888930 511491 2454078
3 16 2616415 0 1788888930 511706 2462774
0 33 2737689 0 1788888930 745751 2585214
1 33 2708167 0 1788888930 745956 2636356
2 17 2746130 0 1788888930 746063 2511110
0 34 2800116 0 1788888930 886993 2732924
1 34 2777322 0 1788888930 887362 2745988
3 17 2844286 0 1788888930 887591 2700017
0 35 2870364 0 1788888931 11652 2780928
1 35 2809275 0 1788888931 12637 2756412
2 18 2895915 0 1788888931 13879 2768684
0 36 3006549 0 1788888931 224312 2853450
1 36 2994411 0 1788888931 229656 2923644
3 18 3020720 0 1788888931 229911 2801823
0 37 3150633 0 1788888931 441327 3009636
1 37 3127239 0 1788888931 441696 3043057
2 19 3178529 0 1788888931 442197 2958803
0 38 3317110 0 1788888931 657409 3200573
1 38 3309679 0 1788888931 657686 3257219
3 19 3321228 0 1788888931 658262 3100946
0 39 3431456 0 1788888931 812114 3320246
1 39 3428610 0 1788888931 812361 3356322
2 20 3458537 0 1788888931 812473 3303326
0 40 3416436 0 1788888931 883107 3410457
1 40 3647913 0 1788888932 134348 3477219
2 21 3630793 0 1788888932 134906 3540494
3 20 3735245 0 1788888932 135170 3405289
1 41 3633875 0 1788888932 185938 3626720
2 22 3688289 0 1788888932 244925 3684876
0 41 3864297 0 1788888932 416008 3582186
1 42 3804102 0 1788888932 416141 3751842
3 21 3825009 0 1788888932 416236 3733700
0 42 3894644 0 1788888932 615580 3762967
1 43 3886389 0 1788888932 615721 3819326
2 23 3961652 0 1788888932 615837 3761620
0 43 4018536 0 1788888932 765822 3929098
1 44 4000198 0 1788888932 769923 3948122
3 22 4039563 0 1788888932 770079 3884808
0 44 4155700 0 1788888932 970600 4028698
1 45 4155203 0 1788888932 971154 4077623
2 24 4195190 0 1788888932 972300 3988204
0 45 4318588 0 1788888933 138440 4218962
1 46 4307652 0 1788888933 138575 4258000
3 23 4322399 0 1788888933 138689 4154168
0 46 4425409 0 1788888933 328289 4288210
1 47 4419490 0 1788888933 332376 4328789
2 25 4439075 0 1788888933 332905 4243720
0 47 4490587 0 1788888933 477257 4390176
1 48 4475570 0 1788888933 478310 4428836
3 24 4519007 0 1788888933 478633 4368303
0 48 4517017 0 1788888933 622084 4416887
1 49 4515456 0 1788888933 622196 4454807
2 26 4614901 0 1788888933 622322 4469527
0 49 4697733 0 1788888933 824801 4557124
1 50 4634393 0 1788888933 825043 4550880
3 25 4713127 0 1788888933 825216 4509867
0 50 4734772 0 1788888933 968032 4644290
1 51 4728784 0 1788888933 968275 4691082
2 27 4765375 0 1788888933 968457 4618302
0 51 4802951 0 1788888934 108460 4716000
1 52 4790402 0 1788888934 109379 4745923
3 26 4823643 0 1788888934 109665 4681738
0 52 4936741 0 1788888934 256916 4836377
1 53 4894705 0 1788888934 257222 4856452
2 28 4937978 0 1788888934 257405 4788803
0 53 5039956 0 1788888934 407583 4932190
1 54 5025662 0 1788888934 407834 4969806
3 27 5042628 0 1788888934 407961 4891410
0 54 5146896 0 1788888934 568433 5042134
1 55 5141882 0 1788888934 568733 5082375
2 29 5179426 0 1788888934 576307 5010435
0 55 5341609 0 1788888934 820611 5199093
1 56 5327481 0 1788888934 824243 5256791
3 28 5374777 0 1788888934 824487 5116447
0 56 5427952 0 1788888934 947138 5355711
1 57 5385522 0 1788888934 947382 5347829
2 30 5446991 0 1788888934 947557 5319502
0 57 5424543 0 1788888935 50655 5354842
1 58 5413159 0 1788888935 51268 5371269
3 29 5470437 0 1788888935 51417 5365885
0 58 5500648 0 1788888935 181803 5408704
1 59 5447127 0 1788888935 185895 5389679
2 31 5513028 0 1788888935 186101 5377312
0 59 5462040 0 1788888935 332623 5374429
1 60 5378188 0 1788888935 333021 5333458
3 30 5527242 0 1788888935 338011 5370702
1 61 5375255 0 1788888935 415599 5371914
0 60 5472044 0 1788888935 494603 5355589
2 32 5473781 0 1788888935 494796 5311354
3 31 5400771 0 1788888935 494909 5359769
0 61 5515567 0 1788888935 655148 5399341
1 62 5526380 0 1788888935 655541 5365177
2 33 5508481 0 1788888935 655706 5433695
0 62 5665838 0 1788888935 816238 5554230
1 63 5654276 0 1788888935 819511 5591495
3 32 5672470 0 1788888935 820723 5506614
2 34 5708601 0 1788888935 874082 5650529
0 63 5703346 0 1788888935 877403 5699676
