4 1 166714 0 1788888926 58295 31938
5 1 160056 0 1788888926 62096 63141
6 1 159674 0 1788888926 62260 98801
4 2 265093 0 1788888926 190305 179373
5 2 261264 0 1788888926 190539 213927
7 1 286827 0 1788888926 190660 153344
4 3 334697 0 1788888926 296615 270485
5 3 331582 0 1788888926 297393 297748
6 2 341486 0 1788888926 298315 233263
4 4 430030 0 1788888926 408800 359223
5 4 424832 0 1788888926 409230 391547
7 2 441245 0 1788888926 409482 328144
4 5 507259 0 1788888926 503821 445179
5 5 488500 0 1788888926 504067 453467
6 3 512038 0 1788888926 505122 415429
4 6 555535 0 1788888926 598035 497552
5 6 535971 0 1788888926 598473 507305
7 3 558382 0 1788888926 598850 463123
4 7 609988 0 1788888926 714173 538188
5 7 590013 0 1788888926 714463 557251
6 4 625504 0 1788888926 714687 508619
4 8 698726 0 1788888926 851809 596629
5 8 633755 0 1788888926 851943 569747
7 4 700462 0 1788888926 852093 562244
4 9 775008 0 1788888927 4028 671680
5 9 771065 0 1788888927 4333 721578
6 5 777595 0 1788888927 4496 624600
4 10 909284 0 1788888927 177475 802875
5 10 886847 0 1788888927 179278 832865
7 5 922888 0 1788888927 179556 747117
4 11 973361 0 1788888927 311741 887950
5 11 951926 0 1788888927 312022 907474
6 6 984989 0 1788888927 312386 849671
4 12 990968 0 1788888927 413994 921092
5 12 897086 0 1788888927 414483 860825
7 6 999582 0 1788888927 414974 896124
4 13 978160 0 1788888927 515196 909840
5 13 940893 0 1788888927 515322 904751
6 7 991531 0 1788888927 515830 889456
4 14 1047081 0 1788888927 628014 979168
5 14 1044387 0 1788888927 628218 1010829
7 7 1052933 0 1788888927 629196 938693
4 15 1153172 0 1788888927 745534 1074931
5 15 1147364 0 1788888927 745836 1103595
6 8 1156714 0 1788888927 746498 1038013
4 16 1198891 0 1788888927 858273 1128293
5 16 1172133 0 1788888927 858468 1135876
7 8 1239094 0 1788888927 858819 1125546
4 17 1277594 0 1788888927 997877 1173756
5 17 1260758 0 1788888927 999060 1198993
6 9 1290694 0 1788888927 999190 1149515
4 18 1391573 0 1788888928 171387 1290350
5 18 1338136 0 1788888928 172696 1283784
7 9 1398181 0 1788888928 173654 1222198
4 19 1425937 0 1788888928 333477 1319664
5 19 1424337 0 1788888928 333964 1362909
6 10 1475244 0 1788888928 334105 1311730
4 20 1561620 0 1788888928 499138 1453664
5 20 1530671 0 1788888928 499359 1477077
7 10 1584271 0 1788888928 499496 1416775
4 21 1605186 0 1788888928 620050 1536755
5 21 1590216 0 1788888928 620217 1553186
6 11 1636161 0 1788888928 620553 1514514
4 22 1721756 0 1788888928 780721 1599565
5 22 1713068 0 1788888928 780958 1642976
7 11 1734713 0 1788888928 781160 1573366
4 23 1907493 0 1788888929 35156 1741743
5 23 1903265 0 1788888929 35490 1809541
6 12 1959348 0 1788888929 35630 1704176
4 24 2147326 0 1788888929 299376 1961082
5 24 2102337 0 1788888929 299563 2002101
7 12 2162810 0 1788888929 301974 1895707
4 25 2282251 0 1788888929 492086 2173584
5 25 2270214 0 1788888929 492318 2210987
6 13 2284233 0 1788888929 492436 2090938
4 26 2442155 0 1788888929 698513 2291325
5 26 2414530 0 1788888929 699580 2330654
7 13 2476024 0 1788888929 699769 2268109
4 27 2553712 0 1788888929 888304 2420533
5 27 2533527 0 1788888929 889797 2478878
6 14 2603970 0 1788888929 889964 2411317
4 28 2665584 0 1788888930 31769 2575236
5 28 2650041 0 1788888930 32141 2615736
7 14 2674030 0 1788888930 32689 2529235
4 29 2696831 0 1788888930 147333 2619351
5 29 2686459 0 1788888930 147535 2644392
6 15 2701915 0 1788888930 147723 2585035
4 30 2817884 0 1788888930 286589 2729365
5 30 2794704 0 1788888930 287118 2748481
7 15 2819505 0 1788888930 287511 2679084
4 31 2917286 0 1788888930 437680 2828917
5 31 2914441 0 1788888930 440720 2866182
6 16 2929647 0 1788888930 440898 2775099
4 32 3103972 0 1788888930 660137 2924596
5 32 3086855 0 1788888930 660364 2991782
7 16 3134133 0 1788888930 660482 2911088
4 33 3264069 0 1788888930 859710 3145716
5 33 3253762 0 1788888930 860257 3217398
6 17 3265796 0 1788888930 861394 3064245
4 34 3339978 0 1788888930 962464 3274413
5 34 3329497 0 1788888930 962640 3297535
7 17 3350523 0 1788888930 962799 3246808
4 35 3433325 0 1788888931 138139 3310693
5 35 3433319 0 1788888931 138279 3367919
6 18 3446140 0 1788888931 140195 3268183
4 36 3602857 0 1788888931 343360 3468941
5 36 3581402 0 1788888931 344675 3526512
7 18 3623998 0 1788888931 345319 3416322
4 37 3817939 0 1788888931 592048 3650874
5 37 3806912 0 1788888931 592192 3730698
6 19 3824121 0 1788888931 592304 3574839
4 38 3939731 0 1788888931 756094 3844057
5 38 3933844 0 1788888931 756707 3879324
7 19 3965060 0 1788888931 757046 3799639
4 39 4164187 0 1788888931 996104 4005969
5 39 4143366 0 1788888931 996264 4093849
6 20 4172864 0 1788888931 996929 3931035
4 40 4310255 0 1788888932 203077 4195082
5 40 4302734 0 1788888932 205263 4254026
7 20 4318484 0 1788888932 206256 4102287
4 41 4467817 0 1788888932 391905 4377139
5 41 4440746 0 1788888932 396928 4396115
6 21 4487992 0 1788888932 397185 4293636
4 42 4573909 0 1788888932 568986 4472662
5 42 4570038 0 1788888932 569111 4513691
7 21 4603633 0 1788888932 569201 4425877
4 43 4734386 0 1788888932 765827 4637068
5 43 4728772 0 1788888932 766165 4674861
6 22 4739803 0 1788888932 769189 4539366
4 44 4888239 0 1788888932 947137 4776439
5 44 4865899 0 1788888932 947329 4809789
7 22 4893442 0 1788888932 947618 4711471
4 45 4990177 0 1788888933 131587 4889731
5 45 4980044 0 1788888933 131734 4934375
6 23 5005761 0 1788888933 137994 4813277
4 46 5076690 0 1788888933 291708 4969594
5 46 5034982 0 1788888933 292103 4973536
7 23 5126918 0 1788888933 292230 4966024
4 47 5115128 0 1788888933 453730 5008222
5 47 5089042 0 1788888933 453991 5031569
6 24 5130206 0 1788888933 454171 4967553
4 48 5171908 0 1788888933 598634 5069244
5 48 5162158 0 1788888933 598786 5109873
7 24 5179824 0 1788888933 598905 5030700
4 49 5258669 0 1788888933 746746 5168824
5 49 5254790 0 1788888933 747008 5211204
6 25 5282376 0 1788888933 747200 5133559
4 50 5338909 0 1788888933 902643 5252862
5 50 5297491 0 1788888933 902893 5254340
7 25 5386065 0 1788888933 903313 5229226
4 51 5386168 0 1788888934 39275 5292922
5 51 5385725 0 1788888934 39558 5344882
6 26 5416802 0 1788888934 39712 5279448
4 52 5554146 0 1788888934 212310 5431148
5 52 5528926 0 1788888934 216056 5450911
7 26 5558360 0 1788888934 216314 5381148
4 53 5648261 0 1788888934 356972 5549274
5 53 5597648 0 1788888934 357944 5536724
6 27 5653489 0 1788888934 358320 5507203
4 54 5708802 0 1788888934 534409 5598846
5 54 5697026 0 1788888934 534892 5632943
7 27 5778946 0 1788888934 539504 5595881
4 55 5923449 0 1788888934 795801 5739837
5 55 5915618 0 1788888934 796136 5841948
6 28 5943123 0 1788888934 798067 5678023
4 56 6035557 0 1788888934 926041 5966294
5 56 6035929 0 1788888934 926872 6000489
7 28 6038120 0 1788888934 927442 5906218
4 57 6069006 0 1788888935 36884 5995950
5 57 6061352 0 1788888935 37181 6024398
6 29 6116205 0 1788888935 37356 6004635
4 58 6178900 0 1788888935 163173 6092165
5 58 6171481 0 1788888935 163321 6121037
7 29 6186746 0 1788888935 163465 6059902
4 59 6195784 0 1788888935 315911 6108013
5 59 6149423 0 1788888935 316146 6110373
6 30 6263803 0 1788888935 316469 6110026
4 60 6243350 0 1788888935 438770 6167368
5 60 6233579 0 1788888935 445499 6183393
7 30 6260361 0 1788888935 448079 6127884
4 61 6335773 0 1788888935 593847 6238484
5 61 6250315 0 1788888935 594072 6199986
6 31 6360890 0 1788888935 596943 6200630
4 62 6371774 0 1788888935 778560 6268488
5 62 6349290 0 1788888935 778670 6298083
7 31 6374074 0 1788888935 778763 6188850
4 63 6442706 0 1788888935 880140 6394773
6 32 6450064 0 1788888935 880299 6348196
5 63 6417324 0 1788888935 885915 6410721
