0 1 212361 0 1788888936 423114 46452
1 1 196628 0 1788888936 423911 77354
2 1 196133 0 1788888936 424106 125595
0 2 318371 0 1788888936 566157 234901
1 2 290467 0 1788888936 566393 257511
3 1 321939 0 1788888936 566581 178222
0 3 341866 0 1788888936 674757 268905
1 3 322069 0 1788888936 675015 284972
2 2 385806 0 1788888936 675171 276552
0 4 394760 0 1788888936 765770 334732
1 4 386559 0 1788888936 766013 358091
3 2 399967 0 1788888936 766189 308286
0 5 457122 0 1788888936 859918 396482
1 5 451012 0 1788888936 860173 422032
2 3 473984 0 1788888936 861224 378233
0 6 503757 0 1788888936 954798 443199
1 6 480245 0 1788888936 955156 449943
3 3 539863 0 1788888936 955538 444047
0 7 460020 0 1788888937 55037 395218
1 7 453738 0 1788888937 55905 419325
2 4 564664 0 1788888937 56560 462627
0 8 527272 0 1788888937 156005 459456
1 8 484041 0 1788888937 156593 450214
3 4 529933 0 1788888937 157204 427524
0 9 555593 0 1788888937 245701 499109
1 9 544278 0 1788888937 245935 516892
2 5 557297 0 1788888937 246123 466939
0 10 571488 0 1788888937 328726 521629
1 10 549695 0 1788888937 329445 523877
3 5 603762 0 1788888937 329687 519509
0 11 594712 0 1788888937 415232 539585
1 11 590158 0 1788888937 415464 561618
2 6 599187 0 1788888937 415679 512054
0 12 652392 0 1788888937 495858 600979
1 12 603218 0 1788888937 496133 578071
3 6 668195 0 1788888937 496575 586648
0 13 593408 0 1788888937 588176 531254
1 13 560732 0 1788888937 588825 522640
2 7 624486 0 1788888937 590267 529879
0 14 631849 0 1788888937 691336 565654
1 14 631360 0 1788888937 691506 597855
3 7 649482 0 1788888937 692249 545143
0 15 630374 0 1788888937 795419 563675
1 15 629611 0 1788888937 795555 595434
2 8 676721 0 1788888937 797854 569903
0 16 697414 0 1788888937 910854 623262
1 16 689122 0 1788888937 911049 648995
3 8 720319 0 1788888937 911550 603946
0 17 795619 0 1788888938 47647 701839
1 17 784951 0 1788888938 47773 721912
2 9 831548 0 1788888938 57379 684754
0 18 855920 0 1788888938 171649 782752
1 18 761914 0 1788888938 171758 726130
3 9 886013 0 1788888938 171855 761688
0 19 866496 0 1788888938 313894 765364
1 19 859967 0 1788888938 314084 811841
2 10 902832 0 1788888938 314244 760033
0 20 927796 0 1788888938 419451 864069
1 20 907965 0 1788888938 419698 873193
3 10 968018 0 1788888938 425242 856351
0 21 968051 0 1788888938 524891 899202
1 21 936211 0 1788888938 525188 905375
2 11 980032 0 1788888938 525358 873854
0 22 1064147 0 1788888938 715702 943272
1 22 1031161 0 1788888938 715903 971646
3 11 1106449 0 1788888938 716432 914711
0 23 1141891 0 1788888938 851229 1063656
1 23 1134305 0 1788888938 855016 1087191
2 12 1166001 0 1788888938 855365 1026095
0 24 1223478 0 1788888938 994750 1131096
1 24 1196779 0 1788888938 998615 1147803
3 12 1264073 0 1788888938 998957 1116073
0 25 1283984 0 1788888939 147594 1190099
1 25 1282065 0 1788888939 147795 1238162
2 13 1309989 0 1788888939 147902 1155828
0 26 1395479 0 1788888939 290480 1302904
1 26 1391597 0 1788888939 290683 1339243
3 13 1410226 0 1788888939 290933 1266653
0 27 1460616 0 1788888939 426016 1372815
1 27 1444717 0 1788888939 426222 1400678
2 14 1487719 0 1788888939 427206 1348317
0 28 1510749 0 1788888939 540363 1438739
1 28 1506790 0 1788888939 540561 1469575
3 14 1531328 0 1788888939 540732 1416355
0 29 1625685 0 1788888939 664866 1543933
1 29 1622293 0 1788888939 666300 1577080
2 15 1632326 0 1788888939 666447 1506022
0 30 1649268 0 1788888939 795888 1570161
1 30 1633200 0 1788888939 796099 1596477
3 15 1672686 0 1788888939 796280 1540413
0 31 1819478 0 1788888940 11426 1655257
1 31 1810345 0 1788888940 11944 1727058
2 16 1855134 0 1788888940 21239 1629564
0 32 2043126 0 1788888940 294433 1835523
1 32 1983516 0 1788888940 294906 1902566
3 16 2086940 0 1788888940 295037 1803075
0 33 2247574 0 1788888940 568442 2080938
1 33 2219668 0 1788888940 570262 2147274
2 17 2257686 0 1788888940 570425 1981419
0 34 2306096 0 1788888940 705778 2215069
1 34 2283138 0 1788888940 705984 2233585
3 17 2350011 0 1788888940 706121 2212172
0 35 2436702 0 1788888940 890796 2324523
1 35 2375100 0 1788888940 891269 2318143
2 18 2461239 0 1788888940 892075 2274738
0 36 2483877 0 1788888941 14445 2421246
1 36 2466610 0 1788888941 14661 2440114
3 18 2493096 0 1788888941 15093 2368237
0 37 2597928 0 1788888941 201427 2444173
1 37 2574506 0 1788888941 201768 2541711
2 19 2625453 0 1788888941 201928 2437773
0 38 2676209 0 1788888941 329315 2589037
1 38 2668684 0 1788888941 329498 2622496
3 19 2679946 0 1788888941 329786 2551286
0 39 2777106 0 1788888941 470569 2685060
1 39 2777326 0 1788888941 473882 2734830
2 20 2807295 0 1788888941 474037 2662356
0 40 2836385 0 1788888941 615861 2741259
1 40 2816858 0 1788888941 616098 2772507
3 20 2903486 0 1788888941 616217 2757605
0 41 2884579 0 1788888941 749095 2793919
1 41 2886516 0 1788888941 751385 2832899
2 21 2934674 0 1788888941 751593 2798517
0 42 2998906 0 1788888941 902941 2888716
1 42 2979514 0 1788888941 904358 2910041
3 21 3035056 0 1788888941 904498 2879422
0 43 2995102 0 1788888942 28844 2927266
1 43 2987764 0 1788888942 29902 2953146
2 22 3063036 0 1788888942 30026 2935553
0 44 3074684 0 1788888942 134776 3008523
1 44 3053075 0 1788888942 135607 3014781
3 22 3092625 0 1788888942 135946 2985306
0 45 3097592 0 1788888942 225297 3040981
1 45 3096711 0 1788888942 225468 3069747
2 23 3135742 0 1788888942 225658 3044471
0 46 3182039 0 1788888942 314697 3125358
1 46 3171152 0 1788888942 314882 3140145
3 23 3185951 0 1788888942 315047 3096006
0 47 3184207 0 1788888942 399892 3131704
1 47 3174392 0 1788888942 400083 3146925
2 24 3193594 0 1788888942 400230 3107765
0 48 3232420 0 1788888942 531897 3174423
1 48 3216999 0 1788888942 532545 3187393
3 24 3260311 0 1788888942 532742 3127281
0 49 3220557 0 1788888942 638431 3145772
1 49 3219012 0 1788888942 638557 3176519
2 25 3318477 0 1788888942 638704 3211475
0 50 3316250 0 1788888942 756124 3241693
1 50 3252995 0 1788888942 756451 3219484
3 25 3332007 0 1788888942 756902 3213355
0 51 3309834 0 1788888942 855900 3246063
1 51 3303786 0 1788888942 856082 3272041
2 26 3340334 0 1788888942 856222 3240012
2 27 3345712 0 1788888942 977945 3342807
0 52 3438858 0 1788888943 57173 3270994
1 52 3426165 0 1788888943 57948 3307555
3 26 3459235 0 1788888943 58064 3256891
0 53 3510012 0 1788888943 185336 3441377
1 53 3507415 0 1788888943 185554 3477039
2 28 3552852 0 1788888943 185832 3424027
0 54 3580899 0 1788888943 275876 3521205
1 54 3566400 0 1788888943 276086 3539525
3 27 3595827 0 1788888943 276260 3504685
0 55 3620350 0 1788888943 360006 3567351
1 55 3597620 0 1788888943 360135 3569332
2 29 3625898 0 1788888943 360241 3541348
0 56 3631712 0 1788888943 441279 3577427
1 56 3628722 0 1788888943 442094 3602274
3 28 3650441 0 1788888943 442249 3568005
0 57 3644415 0 1788888943 519081 3595663
1 57 3625542 0 1788888943 519327 3602870
2 30 3687487 0 1788888943 519479 3609061
0 58 3647311 0 1788888943 598226 3596275
1 58 3612572 0 1788888943 598451 3584751
3 29 3659894 0 1788888943 598811 3579963
0 59 3631942 0 1788888943 683516 3572820
1 59 3560117 0 1788888943 683692 3532329
2 31 3689837 0 1788888943 683797 3604076
0 60 3509122 0 1788888943 776761 3446221
1 60 3443142 0 1788888943 776963 3408218
3 30 3594411 0 1788888943 777800 3499941
0 61 3505833 0 1788888943 858982 3451578
1 61 3452160 0 1788888943 859104 3426062
2 32 3523881 0 1788888943 859245 3441213
0 62 3494918 0 1788888943 947305 3436621
1 62 3487478 0 1788888943 947509 3455337
3 31 3505888 0 1788888943 947855 3416756
0 63 3573141 0 1788888944 36347 3514504
1 63 3558849 0 1788888944 36890 3526604
2 33 3576168 0 1788888944 37227 3486049
0 64 3709169 0 1788888944 196032 3608075
1 64 3698662 0 1788888944 196268 3650268
3 32 3718863 0 1788888944 197150 3557564
0 65 3793997 0 1788888944 311682 3732340
1 65 3791084 0 1788888944 311878 3757117
2 34 3813778 0 1788888944 312041 3697352
0 66 3825196 0 1788888944 408061 3762902
1 66 3816117 0 1788888944 408811 3784338
3 33 3860204 0 1788888944 409757 3761929
0 67 3873388 0 1788888944 491921 3820824
1 67 3862287 0 1788888944 492150 3834175
2 35 3879351 0 1788888944 492263 3794356
0 68 3930412 0 1788888944 579472 3874905
1 68 3927694 0 1788888944 579678 3899673
3 34 3938163 0 1788888944 579888 3849900
0 69 4013559 0 1788888944 669227 3957452
1 69 4005511 0 1788888944 669335 3979291
2 36 4019097 0 1788888944 672331 3926003
0 70 4062772 0 1788888944 763357 3997986
1 70 4052157 0 1788888944 763484 4017801
3 35 4079258 0 1788888944 763577 3984783
0 71 4168167 0 1788888944 899418 4084504
1 71 4158183 0 1788888944 899676 4116122
2 37 4176267 0 1788888944 899835 4039604
0 72 4220036 0 1788888944 985777 4165082
1 72 4217185 0 1788888944 985997 4189627
3 36 4238821 0 1788888944 986122 4151922
0 73 4292183 0 1788888945 71547 4235196
1 73 4283604 0 1788888945 71740 4255433
2 38 4298719 0 1788888945 71903 4212313
0 74 4337731 0 1788888945 166771 4272503
1 74 4300827 0 1788888945 167224 4263687
3 37 4378770 0 1788888945 170927 4279134
0 75 4300522 0 1788888945 255391 4247195
1 75 4300036 0 1788888945 255533 4272703
2 39 4352294 0 1788888945 255628 4263290
0 76 4345092 0 1788888945 343683 4284325
1 76 4329300 0 1788888945 343906 4300215
3 38 4371411 0 1788888945 344217 4282453
0 77 4370788 0 1788888945 431980 4314303
1 77 4366971 0 1788888945 432639 4338709
2 40 4396103 0 1788888945 432747 4306688
0 78 4426276 0 1788888945 519849 4367118
1 78 4387168 0 1788888945 520088 4352199
3 39 4439568 0 1788888945 520272 4351019
0 79 4480713 0 1788888945 626991 4411433
1 79 4474755 0 1788888945 627217 4443030
2 41 4486668 0 1788888945 627431 4378844
0 80 4454311 0 1788888945 728798 4388639
1 80 4454436 0 1788888945 732383 4414117
3 40 4525987 0 1788888945 732637 4420134
0 81 4554395 0 1788888945 839293 4486149
1 81 4551537 0 1788888945 839972 4511330
2 42 4557140 0 1788888945 840132 4445192
0 82 4628292 0 1788888945 928010 4569669
1 82 4613899 0 1788888945 928152 4584676
3 41 4639259 0 1788888945 928402 4549930
0 83 4665563 0 1788888946 26162 4606139
1 83 4602817 0 1788888946 26283 4572936
2 43 4700834 0 1788888946 26435 4602163
0 84 4590120 0 1788888946 111800 4535661
1 84 4579333 0 1788888946 111915 4552774
3 42 4630485 0 1788888946 112008 4544394
2 44 4592167 0 1788888946 151507 4552187
0 85 4593311 0 1788888946 155146 4589439
