4 1 220835 0 1788888936 425216 50223
5 1 214109 0 1788888936 428950 86070
6 1 213730 0 1788888936 429118 147293
4 2 342609 0 1788888936 580622 253273
5 2 339063 0 1788888936 581140 305494
7 1 365286 0 1788888936 581921 208186
4 3 410765 0 1788888936 685484 340809
5 3 407213 0 1788888936 685825 371634
6 2 416373 0 1788888936 686002 310782
4 4 481625 0 1788888936 773196 421471
5 4 476209 0 1788888936 773408 446202
7 2 492747 0 1788888936 773784 404239
4 5 565346 0 1788888936 874709 497297
5 5 546523 0 1788888936 874891 512502
6 3 569949 0 1788888936 875834 467090
4 6 610031 0 1788888936 965331 551633
5 6 590240 0 1788888936 965542 562445
7 3 612555 0 1788888936 965823 521277
4 7 647772 0 1788888937 64758 581707
5 7 627747 0 1788888937 64998 590211
6 4 663179 0 1788888937 65163 563122
4 8 697146 0 1788888937 163030 630716
5 8 632220 0 1788888937 163209 596299
7 4 698941 0 1788888937 163373 600075
4 9 714103 0 1788888937 255923 653868
5 9 710195 0 1788888937 256264 679329
6 5 716731 0 1788888937 256433 623133
4 10 759858 0 1788888937 340849 705903
5 10 736323 0 1788888937 341555 707400
7 5 772304 0 1788888937 341773 685866
4 11 774537 0 1788888937 425719 721643
5 11 753325 0 1788888937 426222 724760
6 6 786512 0 1788888937 426710 700427
4 12 773122 0 1788888937 508948 717885
5 12 678996 0 1788888937 509193 651178
7 6 781311 0 1788888937 509503 697281
4 13 755999 0 1788888937 605837 686277
5 13 718813 0 1788888937 606043 677997
6 7 769087 0 1788888937 606188 671657
4 14 808711 0 1788888937 702444 741048
5 14 805979 0 1788888937 702610 768599
7 7 817837 0 1788888937 706900 716441
4 15 899467 0 1788888937 804630 835414
5 15 893622 0 1788888937 804894 861653
6 8 902481 0 1788888937 805066 799670
4 16 939252 0 1788888937 911435 866716
5 16 912429 0 1788888937 911565 872211
7 8 981377 0 1788888937 913903 871869
4 17 1013749 0 1788888938 46833 916781
5 17 995917 0 1788888938 47020 936561
6 9 1025910 0 1788888938 47207 889926
4 18 1071119 0 1788888938 163734 997046
5 18 1016571 0 1788888938 163933 977108
7 9 1075763 0 1788888938 164037 958263
4 19 1080350 0 1788888938 300691 984548
5 19 1083548 0 1788888938 305976 1033872
6 10 1134449 0 1788888938 306111 991874
4 20 1148799 0 1788888938 399118 1092756
5 20 1117935 0 1788888938 399425 1089360
7 10 1171556 0 1788888938 399582 1072265
4 21 1167911 0 1788888938 495577 1107941
5 21 1152924 0 1788888938 495726 1123163
6 11 1198696 0 1788888938 495889 1101691
4 22 1310594 0 1788888938 682359 1161599
5 22 1301804 0 1788888938 682495 1267341
7 11 1323348 0 1788888938 682595 1136122
4 23 1384664 0 1788888938 825128 1312475
5 23 1383884 0 1788888938 828910 1343017
6 12 1440384 0 1788888938 829467 1293100
4 24 1541868 0 1788888939 6718 1425014
5 24 1504741 0 1788888939 14769 1427776
7 12 1563508 0 1788888939 15472 1372900
4 25 1673125 0 1788888939 195762 1559176
5 25 1661062 0 1788888939 195967 1599690
6 13 1675064 0 1788888939 196068 1485511
4 26 1769091 0 1788888939 338249 1669837
5 26 1740647 0 1788888939 338498 1691242
7 13 1803972 0 1788888939 340518 1658980
4 27 1814614 0 1788888939 462006 1730630
5 27 1796152 0 1788888939 465223 1754257
6 14 1866683 0 1788888939 465478 1739198
4 28 1906583 0 1788888939 585570 1821126
5 28 1890964 0 1788888939 585866 1840410
7 14 1914632 0 1788888939 586091 1790300
4 29 1940850 0 1788888939 704154 1863044
5 29 1930469 0 1788888939 704346 1890388
6 15 1945836 0 1788888939 704445 1826506
4 30 2046818 0 1788888939 828324 1964962
5 30 2023596 0 1788888939 828811 1979254
7 15 2048256 0 1788888939 829064 1923082
4 31 2258011 0 1788888940 91206 2072989
5 31 2252407 0 1788888940 91487 2160673
6 16 2274020 0 1788888940 98072 2004034
4 32 2515166 0 1788888940 384132 2328048
5 32 2498027 0 1788888940 384336 2423086
7 16 2545354 0 1788888940 384504 2251721
4 33 2682371 0 1788888940 590812 2537505
5 33 2672035 0 1788888940 591330 2607484
6 17 2683532 0 1788888940 591930 2475354
4 34 2808775 0 1788888940 744062 2707377
5 34 2798335 0 1788888940 744279 2745905
7 17 2819333 0 1788888940 744409 2665386
4 35 2898098 0 1788888940 915713 2797933
5 35 2898769 0 1788888940 916530 2840317
6 18 2910404 0 1788888940 917261 2736943
4 36 2977254 0 1788888941 30558 2912886
5 36 2954942 0 1788888941 31016 2920744
7 18 2997088 0 1788888941 31210 2879954
4 37 3136797 0 1788888941 223706 2979627
5 37 3125823 0 1788888941 223904 3088525
6 19 3143081 0 1788888941 224065 2949385
4 38 3229343 0 1788888941 358506 3139247
5 38 3223446 0 1788888941 359110 3184815
7 19 3255513 0 1788888941 360300 3118666
4 39 3349098 0 1788888941 493815 3259274
5 39 3331227 0 1788888941 496926 3284925
6 20 3360745 0 1788888941 497611 3220969
4 40 3445020 0 1788888941 650643 3351402
5 40 3435828 0 1788888941 651158 3393419
7 20 3451024 0 1788888941 651596 3292933
4 41 3557741 0 1788888941 794630 3476327
5 41 3525782 0 1788888941 794764 3485472
6 21 3578138 0 1788888941 800132 3427945
4 42 3654299 0 1788888941 962177 3541144
5 42 3650521 0 1788888941 962395 3594043
7 21 3684209 0 1788888941 962578 3515907
4 43 3718620 0 1788888942 62862 3651993
5 43 3712874 0 1788888942 63068 3679653
6 22 3721057 0 1788888942 63243 3619721
4 44 3795154 0 1788888942 166853 3726046
5 44 3772807 0 1788888942 167037 3733320
7 22 3800173 0 1788888942 167149 3695652
4 45 3797283 0 1788888942 251493 3742252
5 45 3787224 0 1788888942 251715 3759635
6 23 3806890 0 1788888942 251924 3721620
4 46 3809551 0 1788888942 337370 3750977
5 46 3767592 0 1788888942 337515 3736940
7 23 3859645 0 1788888942 337759 3773201
4 47 3835465 0 1788888942 486868 3716636
5 47 3809382 0 1788888942 487132 3776265
6 24 3850569 0 1788888942 487335 3700417
4 48 3837204 0 1788888942 576731 3775504
5 48 3828051 0 1788888942 577480 3796674
7 24 3846038 0 1788888942 577920 3754790
4 49 3897152 0 1788888942 698030 3811934
5 49 3895152 0 1788888942 700171 3854747
6 25 3922826 0 1788888942 700451 3798924
4 50 3933520 0 1788888942 810055 3871606
5 50 3891989 0 1788888942 810191 3860589
7 25 3980248 0 1788888942 810297 3867652
4 51 3945110 0 1788888942 911018 3880788
5 51 3944519 0 1788888942 911153 3908720
6 26 3975560 0 1788888942 911272 3874132
4 52 4125315 0 1788888943 96314 3985773
5 52 4097350 0 1788888943 97281 4056698
7 26 4126648 0 1788888943 97403 3940071
4 53 4178132 0 1788888943 199644 4115606
5 53 4126793 0 1788888943 199889 4097662
6 27 4182358 0 1788888943 199989 4078242
4 54 4152914 0 1788888943 291321 4098934
5 54 4140851 0 1788888943 291518 4117151
7 27 4218322 0 1788888943 291680 4125992
4 55 4188034 0 1788888943 373187 4133023
5 55 4180074 0 1788888943 373394 4149148
6 28 4205820 0 1788888943 373564 4123375
4 56 4249904 0 1788888943 453189 4199337
5 56 4249544 0 1788888943 453288 4224206
7 28 4251838 0 1788888943 453960 4170840
4 57 4258821 0 1788888943 539500 4199301
5 57 4251184 0 1788888943 539814 4216275
6 29 4306022 0 1788888943 539974 4219043
4 58 4318156 0 1788888943 615230 4266851
5 58 4310748 0 1788888943 615389 4284815
7 29 4326000 0 1788888943 615519 4249798
4 59 4273107 0 1788888943 706035 4214716
5 59 4226723 0 1788888943 706248 4197011
6 30 4340972 0 1788888943 706439 4249580
4 60 4287888 0 1788888943 796109 4227445
5 60 4271608 0 1788888943 796329 4242531
7 30 4296511 0 1788888943 797031 4205304
4 61 4309796 0 1788888943 880670 4256281
5 61 4224304 0 1788888943 880862 4195715
6 31 4332171 0 1788888943 881026 4247065
4 62 4245840 0 1788888943 965427 4189842
5 62 4223366 0 1788888943 965547 4196420
7 31 4248245 0 1788888943 965735 4163007
4 63 4302626 0 1788888944 52861 4239324
5 63 4271632 0 1788888944 53023 4239312
6 32 4311097 0 1788888944 54133 4222196
4 64 4387031 0 1788888944 213813 4271029
5 64 4369088 0 1788888944 214039 4305750
7 32 4420049 0 1788888944 214519 4258187
4 65 4432207 0 1788888944 321296 4368355
5 65 4399524 0 1788888944 321546 4361750
6 33 4434331 0 1788888944 321845 4326058
4 66 4476751 0 1788888944 411276 4417493
5 66 4462008 0 1788888944 411454 4430357
7 33 4488195 0 1788888944 411659 4397617
4 67 4535611 0 1788888944 500005 4482461
5 67 4534872 0 1788888944 500133 4506590
6 34 4547250 0 1788888944 500330 4457206
4 68 4542161 0 1788888944 580027 4486873
5 68 4529734 0 1788888944 580529 4500932
7 34 4590923 0 1788888944 581428 4509291
4 69 4558065 0 1788888944 664504 4506131
5 69 4557703 0 1788888944 664709 4531689
6 35 4576454 0 1788888944 664880 4491426
4 70 4613083 0 1788888944 758561 4548277
5 70 4612667 0 1788888944 758746 4574172
7 35 4640708 0 1788888944 758917 4546107
4 71 4703790 0 1788888944 877119 4625731
5 71 4672306 0 1788888944 877271 4630005
6 36 4725230 0 1788888944 877420 4606127
4 72 4716017 0 1788888944 966350 4662638
5 72 4681369 0 1788888944 966555 4653142
7 36 4728067 0 1788888944 966657 4638358
4 73 4753592 0 1788888945 58440 4690959
5 73 4735851 0 1788888945 59177 4703524
6 37 4772143 0 1788888945 59936 4678345
4 74 4786340 0 1788888945 155039 4721923
5 74 4748680 0 1788888945 155638 4712881
7 37 4794914 0 1788888945 157519 4695605
4 75 4817697 0 1788888945 252475 4760459
5 75 4780395 0 1788888945 252862 4750630
6 38 4828028 0 1788888945 253187 4729550
4 76 4832952 0 1788888945 343647 4772489
5 76 4799292 0 1788888945 343928 4770144
7 38 4846692 0 1788888945 344338 4754601
4 77 4798397 0 1788888945 429660 4742224
5 77 4798443 0 1788888945 430476 4768662
6 39 4833564 0 1788888945 430642 4746231
4 78 4849371 0 1788888945 507754 4797528
5 78 4846636 0 1788888945 507980 4819849
7 39 4868136 0 1788888945 508147 4789403
4 79 4835407 0 1788888945 611455 4771491
5 79 4776916 0 1788888945 611676 4745798
6 40 4875020 0 1788888945 611877 4770638
4 80 4842024 0 1788888945 715505 4775186
5 80 4818217 0 1788888945 715693 4781456
7 40 4845930 0 1788888945 715862 4739357
4 81 4905861 0 1788888945 821903 4844382
5 81 4860150 0 1788888945 822183 4828991
6 41 4911592 0 1788888945 822847 4804021
4 82 4931221 0 1788888945 920445 4868990
5 82 4905016 0 1788888945 920588 4872994
7 41 4934710 0 1788888945 920728 4835683
4 83 4914360 0 1788888946 24877 4856248
5 83 4899282 0 1788888946 25099 4870081
6 42 4959886 0 1788888946 25369 4854737
4 84 4950743 0 1788888946 108879 4897739
5 84 4933164 0 1788888946 109002 4906754
7 42 4956632 0 1788888946 109153 4872183
6 43 4916457 0 1788888946 146984 4878116
4 85 4910844 0 1788888946 150173 4906594
