0 1 93238 0 1788888946 408454 23663
1 1 79721 0 1788888946 411467 30448
2 1 79791 0 1788888946 412228 52571
0 2 139796 0 1788888946 492045 89801
1 2 111770 0 1788888946 492158 85262
3 1 143149 0 1788888946 492254 59068
0 3 131985 0 1788888946 569339 80712
1 3 112071 0 1788888946 569479 85645
2 2 175806 0 1788888946 569634 98034
0 4 176984 0 1788888946 652457 118335
1 4 168707 0 1788888946 652623 137979
3 2 182089 0 1788888946 652773 98485
0 5 226631 0 1788888946 733891 170255
1 5 220582 0 1788888946 734207 191309
2 3 247425 0 1788888946 739128 160441
0 6 254429 0 1788888946 809933 207706
1 6 231463 0 1788888946 810838 206036
3 3 290956 0 1788888946 811095 213111
0 7 183638 0 1788888946 883116 139369
1 7 176906 0 1788888946 883536 154073
2 4 287391 0 1788888946 883751 213444
0 8 265883 0 1788888946 999079 186140
1 8 222162 0 1788888946 999177 187784
3 4 267759 0 1788888946 999493 151085
0 9 302046 0 1788888947 96619 241891
1 9 290677 0 1788888947 96796 264813
2 5 303757 0 1788888947 97047 205672
0 10 320348 0 1788888947 182049 262189
1 10 298560 0 1788888947 182773 272529
3 5 352541 0 1788888947 182929 265424
0 11 342377 0 1788888947 267361 290946
1 11 337699 0 1788888947 267468 308854
2 6 347040 0 1788888947 267995 260895
0 12 400150 0 1788888947 348079 350018
1 12 350868 0 1788888947 348246 328995
3 6 415874 0 1788888947 348717 334368
0 13 329524 0 1788888947 428755 274144
1 13 296654 0 1788888947 429211 264946
2 7 359415 0 1788888947 429659 277608
0 14 351640 0 1788888947 515590 298451
1 14 351103 0 1788888947 515711 321064
3 7 369190 0 1788888947 516421 281155
0 15 334144 0 1788888947 603651 280509
1 15 333438 0 1788888947 603844 308054
2 8 378453 0 1788888947 604050 289694
0 16 365828 0 1788888947 683731 312694
1 16 357548 0 1788888947 683938 328755
3 8 388386 0 1788888947 684079 307788
0 17 408348 0 1788888947 764839 356876
1 17 397828 0 1788888947 765112 371080
2 9 434903 0 1788888947 765198 353253
0 18 425995 0 1788888947 846187 373781
1 18 332196 0 1788888947 846502 308587
3 9 456333 0 1788888947 846638 374325
0 19 386852 0 1788888947 938713 324701
1 19 380361 0 1788888947 938941 346136
2 10 423169 0 1788888947 939045 330080
0 20 432365 0 1788888948 28482 372774
1 20 412539 0 1788888948 28734 383781
3 10 467467 0 1788888948 29154 376851
0 21 446519 0 1788888948 107822 397994
1 21 414567 0 1788888948 108006 392117
2 11 458323 0 1788888948 108112 378430
0 22 432946 0 1788888948 188964 377538
1 22 399972 0 1788888948 189177 371998
3 11 474886 0 1788888948 189332 393207
0 23 454422 0 1788888948 268223 400484
1 23 443376 0 1788888948 268549 416757
2 12 476958 0 1788888948 270785 394921
0 24 464237 0 1788888948 339972 416343
1 24 433871 0 1788888948 340170 409662
3 12 500998 0 1788888948 340346 428694
0 25 452534 0 1788888948 420608 402240
1 25 450710 0 1788888948 420904 421564
2 13 478667 0 1788888948 421043 397395
0 26 503623 0 1788888948 503088 448487
1 26 499731 0 1788888948 503279 473599
3 13 518212 0 1788888948 503382 435069
0 27 523633 0 1788888948 593496 467836
1 27 507690 0 1788888948 593658 480284
2 14 549864 0 1788888948 593814 458935
0 28 545478 0 1788888948 679555 494349
1 28 541517 0 1788888948 679752 518216
3 14 566039 0 1788888948 679906 479385
0 29 609323 0 1788888948 752968 559459
1 29 604948 0 1788888948 753417 578426
2 15 615067 0 1788888948 753651 540762
0 30 583813 0 1788888948 834897 528207
1 30 567697 0 1788888948 835060 535168
3 15 607497 0 1788888948 835555 524637
0 31 627992 0 1788888948 924404 566596
1 31 618793 0 1788888948 924855 588441
2 16 655191 0 1788888948 925759 564101
0 32 668615 0 1788888949 24385 604033
1 32 609291 0 1788888949 25144 574763
3 16 712684 0 1788888949 25245 611573
0 33 704417 0 1788888949 129749 631413
1 33 674866 0 1788888949 129923 634291
2 17 712825 0 1788888949 130027 606913
0 34 720097 0 1788888949 224242 660007
1 34 697211 0 1788888949 224520 669969
3 17 764054 0 1788888949 224627 669004
0 35 755718 0 1788888949 314275 695005
1 35 693768 0 1788888949 314399 660809
2 18 779269 0 1788888949 314502 688785
0 36 754695 0 1788888949 389726 704476
1 36 737666 0 1788888949 390181 710518
3 18 764519 0 1788888949 390978 687646
0 37 773483 0 1788888949 481445 715752
1 37 749938 0 1788888949 481663 720258
2 19 800857 0 1788888949 481794 708514
0 38 807322 0 1788888949 564890 751390
1 38 799821 0 1788888949 565097 771663
3 19 811024 0 1788888949 565328 726861
0 39 842357 0 1788888949 640284 794642
1 39 839556 0 1788888949 640576 815417
2 20 869573 0 1788888949 640778 793454
0 40 827711 0 1788888949 711651 780698
1 40 808134 0 1788888949 711837 784963
3 20 894847 0 1788888949 712041 822883
0 41 816887 0 1788888949 785866 768370
1 41 816731 0 1788888949 786063 790321
2 21 864857 0 1788888949 786238 790102
0 42 850018 0 1788888949 858514 799937
1 42 829362 0 1788888949 858669 800611
3 21 884931 0 1788888949 858836 811685
0 43 796190 0 1788888949 934396 742738
1 43 788000 0 1788888949 934601 759825
2 22 863379 0 1788888949 934832 786891
0 44 844817 0 1788888950 9371 792212
1 44 822566 0 1788888950 9560 792561
3 22 862186 0 1788888950 9970 786430
0 45 864240 0 1788888950 96409 805220
1 45 864052 0 1788888950 97273 835702
2 23 903065 0 1788888950 97444 814796
0 46 944700 0 1788888950 181821 888267
1 46 933825 0 1788888950 182017 903120
3 23 948567 0 1788888950 182126 862587
0 47 949652 0 1788888950 269800 895905
1 47 939836 0 1788888950 269990 912067
2 24 959067 0 1788888950 270166 870549
0 48 946692 0 1788888950 350632 894287
1 48 930793 0 1788888950 350802 904013
3 24 974059 0 1788888950 350953 892629
0 49 899769 0 1788888950 422105 851886
1 49 898297 0 1788888950 422306 873158
2 25 997791 0 1788888950 422482 925743
0 50 982167 0 1788888950 526503 902196
1 50 918794 0 1788888950 526712 865656
3 25 997495 0 1788888950 526854 892567
0 51 1029960 0 1788888950 680489 941063
1 51 1023892 0 1788888950 680651 987677
2 26 1060436 0 1788888950 680787 905938
0 52 1058903 0 1788888950 781682 986638
1 52 1045643 0 1788888950 781888 1004896
3 26 1078791 0 1788888950 782083 976954
0 53 1123046 0 1788888950 860489 1071366
1 53 1080917 0 1788888950 860703 1055190
2 27 1124116 0 1788888950 860812 1044775
0 54 1186658 0 1788888950 971555 1106785
1 54 1172294 0 1788888950 971734 1123075
3 27 1190219 0 1788888950 972820 1077629
0 55 1270531 0 1788888951 109336 1187035
1 55 1265503 0 1788888951 109623 1222999
2 28 1295620 0 1788888951 109769 1156762
0 56 1349082 0 1788888951 245353 1254299
1 56 1331503 0 1788888951 245533 1275238
3 28 1378742 0 1788888951 245720 1241587
0 57 1471086 0 1788888951 407541 1368008
1 57 1431952 0 1788888951 411081 1378953
2 29 1493661 0 1788888951 411497 1327268
0 58 1508839 0 1788888951 552219 1412776
1 58 1497630 0 1788888951 553009 1444997
3 29 1554959 0 1788888951 553207 1408997
0 59 1581282 0 1788888951 679706 1495289
1 59 1524166 0 1788888951 680204 1482118
2 30 1590129 0 1788888951 680471 1461614
0 60 1533834 0 1788888951 821685 1439519
1 60 1449959 0 1788888951 822061 1410810
3 30 1595099 0 1788888951 823138 1451477
0 61 1528316 0 1788888951 968143 1466186
1 61 1510741 0 1788888951 968353 1477468
2 31 1530171 0 1788888951 968455 1383185
0 62 1516341 0 1788888952 62772 1452020
1 62 1506691 0 1788888952 63541 1472761
3 31 1552232 0 1788888952 63639 1456561
0 63 1607527 0 1788888952 173049 1544147
1 63 1605842 0 1788888952 173512 1574218
2 32 1609450 0 1788888952 174016 1498058
0 64 1676378 0 1788888952 259127 1617275
1 64 1667985 0 1788888952 259311 1638156
3 32 1680809 0 1788888952 263314 1590325
0 65 1739277 0 1788888952 342004 1686596
1 65 1719987 0 1788888952 342136 1692752
2 33 1740215 0 1788888952 342284 1656786
0 66 1770736 0 1788888952 424752 1721627
1 66 1737579 0 1788888952 424906 1713101
3 33 1800276 0 1788888952 425533 1716526
0 67 1783442 0 1788888952 500818 1733066
1 67 1778062 0 1788888952 501057 1755836
2 34 1804013 0 1788888952 501169 1727402
0 68 1831699 0 1788888952 577887 1784431
1 68 1824526 0 1788888952 578048 1800898
3 34 1843855 0 1788888952 578181 1766260
0 69 1909638 0 1788888952 667335 1853147
1 69 1907389 0 1788888952 667521 1881429
2 35 1911188 0 1788888952 667635 1821246
0 70 1956397 0 1788888952 745179 1904011
1 70 1940301 0 1788888952 745349 1917039
3 35 1977699 0 1788888952 745986 1898809
0 71 1998019 0 1788888952 826051 1947742
1 71 1990593 0 1788888952 826307 1964283
2 36 2010659 0 1788888952 826449 1929228
0 72 2069457 0 1788888952 921222 1997405
1 72 2051208 0 1788888952 921413 2017124
3 36 2075561 0 1788888952 921517 1979895
0 73 2130368 0 1788888953 8015 2077610
1 73 2124375 0 1788888953 8202 2097744
2 37 2135113 0 1788888953 8388 2047692
0 74 2184720 0 1788888953 81341 2133910
1 74 2148122 0 1788888953 81624 2121149
3 37 2189433 0 1788888953 82032 2115240
0 75 2175903 0 1788888953 183700 2105710
1 75 2124535 0 1788888953 183866 2085814
2 38 2213164 0 1788888953 184024 2110336
0 76 2207350 0 1788888953 284620 2140612
1 76 2181687 0 1788888953 284741 2144933
3 38 2224934 0 1788888953 284894 2123458
0 77 2236219 0 1788888953 377326 2180145
1 77 2211879 0 1788888953 377533 2183333
2 39 2258568 0 1788888953 377636 2165374
0 78 2298280 0 1788888953 483447 2229661
1 78 2285736 0 1788888953 483771 2248011
3 39 2314149 0 1788888953 484281 2206990
0 79 2319052 0 1788888953 564278 2266430
1 79 2314287 0 1788888953 565028 2288869
2 40 2327750 0 1788888953 565133 2245834
0 80 2355321 0 1788888953 666433 2292050
1 80 2287854 0 1788888953 666804 2254012
3 40 2409982 0 1788888953 666908 2307185
0 81 2365484 0 1788888953 752939 2308619
1 81 2363756 0 1788888953 753117 2337472
2 41 2370893 0 1788888953 753303 2283824
0 82 2446058 0 1788888953 839664 2390864
1 82 2435820 0 1788888953 840002 2404568
3 41 2447667 0 1788888953 840566 2359812
0 83 2504694 0 1788888953 934758 2444755
1 83 2470660 0 1788888953 935722 2437663
2 42 2517151 0 1788888953 935867 2420615
0 84 2467148 0 1788888954 53134 2392828
1 84 2427113 0 1788888954 53256 2393263
3 42 2525419 0 1788888954 53348 2406616
0 85 2499992 0 1788888954 163796 2433050
1 85 2497653 0 1788888954 163951 2470870
2 43 2527808 0 1788888954 164854 2415845
0 86 2550513 0 1788888954 248513 2500220
1 86 2480920 0 1788888954 248719 2456910
3 43 2578806 0 1788888954 248816 2493603
0 87 2541247 0 1788888954 322131 2494896
1 87 2532394 0 1788888954 322322 2508871
2 44 2547425 0 1788888954 323021 2472615
0 88 2576434 0 1788888954 388072 2534558
1 88 2548942 0 1788888954 388237 2527794
3 44 2595500 0 1788888954 388477 2528957
0 89 2519016 0 1788888954 453857 2476296
1 89 2504275 0 1788888954 454319 2481805
2 45 2533675 0 1788888954 454502 2467036
0 90 2535957 0 1788888954 524905 2492054
1 90 2530265 0 1788888954 525057 2507843
3 45 2563188 0 1788888954 525183 2491628
0 91 2549166 0 1788888954 596548 2505252
1 91 2498211 0 1788888954 596706 2476953
2 46 2581182 0 1788888954 597331 2508559
0 92 2536632 0 1788888954 660658 2494886
1 92 2520493 0 1788888954 660907 2499317
3 46 2548896 0 1788888954 661154 2484116
0 93 2539221 0 1788888954 725801 2496349
1 93 2534439 0 1788888954 726011 2512267
2 47 2552979 0 1788888954 726110 2487374
0 94 2564479 0 1788888954 793675 2519808
1 94 2482859 0 1788888954 793831 2459281
3 47 2601533 0 1788888954 793920 2533244
0 95 2482236 0 1788888954 857579 2440579
1 95 2472869 0 1788888954 857774 2451739
2 48 2516693 0 1788888954 857886 2452319
0 96 2515392 0 1788888954 923607 2473912
1 96 2514610 0 1788888954 923795 2492686
3 48 2527925 0 1788888954 923941 2461391
0 97 2560284 0 1788888954 984742 2521054
1 97 2556016 0 1788888954 984923 2535772
2 49 2572920 0 1788888954 985008 2511303
0 98 2543004 0 1788888955 47302 2502378
1 98 2524837 0 1788888955 47447 2504210
3 49 2556899 0 1788888955 47580 2493900
0 99 2552453 0 1788888955 113686 2509519
1 99 2549499 0 1788888955 113793 2528191
2 50 2573697 0 1788888955 113885 2506961
0 100 2552998 0 1788888955 181415 2508017
1 100 2537885 0 1788888955 181598 2517430
3 50 2612866 0 1788888955 181744 2544662
0 101 2593823 0 1788888955 245487 2551362
1 101 2580475 0 1788888955 245700 2558852
2 51 2599442 0 1788888955 245837 2534837
0 102 2637331 0 1788888955 316726 2588061
1 102 2623868 0 1788888955 316962 2597081
3 51 2651438 0 1788888955 317057 2579678
0 103 2706347 0 1788888955 401766 2647312
1 103 2697704 0 1788888955 401877 2667645
2 52 2707998 0 1788888955 402015 2622523
0 104 2749600 0 1788888955 512950 2673741
1 104 2748389 0 1788888955 513754 2710421
3 52 2807447 0 1788888955 513872 2695141
0 105 2860629 0 1788888955 640738 2783457
1 105 2836485 0 1788888955 641038 2804597
2 53 2865908 0 1788888955 641197 2734898
0 106 2894623 0 1788888955 722948 2844638
1 106 2878047 0 1788888955 723129 2851147
3 53 2908595 0 1788888955 723238 2825868
0 107 2937018 0 1788888955 793577 2890533
1 107 2932455 0 1788888955 793765 2907206
2 54 2940186 0 1788888955 793914 2869014
0 108 2979440 0 1788888955 873397 2928798
1 108 2936500 0 1788888955 877017 2905652
3 54 2987506 0 1788888955 877180 2903719
0 109 2978740 0 1788888955 957913 2921688
1 109 2959213 0 1788888955 958035 2929046
2 55 3001432 0 1788888955 958166 2916102
0 110 3043502 0 1788888956 44652 2988308
1 110 3023073 0 1788888956 44753 2995820
3 55 3044731 0 1788888956 44855 2957617
0 111 3076710 0 1788888956 128980 3020163
1 111 3018651 0 1788888956 129153 2991294
2 56 3082445 0 1788888956 129297 2997401
0 112 3113469 0 1788888956 236361 3052154
1 112 3108026 0 1788888956 237112 3081001
3 56 3125084 0 1788888956 240513 3013400
2 57 3134619 0 1788888956 270979 3099762
0 113 3111889 0 1788888956 274060 3108485
