4 1 91202 0 1788888946 400076 24953
5 1 81454 0 1788888946 400788 36415
6 1 81087 0 1788888946 400968 57972
4 2 138972 0 1788888946 481477 90878
5 2 135150 0 1788888946 481775 111384
7 1 160801 0 1788888946 481928 78751
4 3 181212 0 1788888946 560424 131169
5 3 177497 0 1788888946 560602 151774
6 2 186697 0 1788888946 560819 107125
4 4 249083 0 1788888946 645146 193246
5 4 243700 0 1788888946 645393 215098
7 2 260023 0 1788888946 645554 174660
4 5 314968 0 1788888946 728824 260177
5 5 296093 0 1788888946 728954 268770
6 3 319458 0 1788888946 729836 234521
4 6 346523 0 1788888946 806317 299175
5 6 326649 0 1788888946 806444 303495
7 3 348828 0 1788888946 806589 270864
4 7 363843 0 1788888946 885322 311621
5 7 343813 0 1788888946 885558 320051
6 4 379240 0 1788888946 885717 299679
4 8 427548 0 1788888946 997925 343854
5 8 363065 0 1788888946 998547 327147
7 4 429884 0 1788888946 998809 315911
4 9 450038 0 1788888947 96352 390262
5 9 449845 0 1788888947 100408 417215
6 5 456371 0 1788888947 100566 353507
4 10 499054 0 1788888947 184538 441886
5 10 475581 0 1788888947 185306 449409
7 5 511487 0 1788888947 185449 421850
4 11 507484 0 1788888947 263158 454336
5 11 485929 0 1788888947 263319 456004
6 6 518747 0 1788888947 263438 439546
4 12 491477 0 1788888947 331797 446476
5 12 397276 0 1788888947 331966 373906
7 6 499398 0 1788888947 332083 430304
4 13 450364 0 1788888947 404694 402860
5 13 413091 0 1788888947 404815 388380
6 7 463395 0 1788888947 404988 389898
4 14 487811 0 1788888947 486038 439718
5 14 485128 0 1788888947 486252 461259
7 7 493641 0 1788888947 487197 410955
4 15 565652 0 1788888947 575308 503037
5 15 559691 0 1788888947 575456 532926
6 8 568472 0 1788888947 575549 478638
4 16 577688 0 1788888947 654365 524754
5 16 550870 0 1788888947 654499 522697
7 8 617653 0 1788888947 654672 538039
4 17 591260 0 1788888947 728836 542252
5 17 573438 0 1788888947 729035 548323
6 9 603391 0 1788888947 729181 528334
4 18 619386 0 1788888947 816494 566240
5 18 564976 0 1788888947 816831 536986
7 9 624181 0 1788888947 816948 535864
4 19 573059 0 1788888947 897893 521748
5 19 571184 0 1788888947 898105 546724
6 10 622100 0 1788888947 898255 540077
4 20 633766 0 1788888947 988577 578988
5 20 602793 0 1788888947 988776 576913
7 10 656758 0 1788888947 989277 565188
4 21 637395 0 1788888948 69554 581814
5 21 622464 0 1788888948 69760 596785
6 11 670688 0 1788888948 72373 586597
4 22 671220 0 1788888948 147479 622034
5 22 662539 0 1788888948 147723 638595
7 11 684130 0 1788888948 147871 605655
4 23 683872 0 1788888948 228829 630959
5 23 680092 0 1788888948 229612 652941
6 12 736206 0 1788888948 229783 653390
4 24 737056 0 1788888948 306399 684241
5 24 692046 0 1788888948 306566 668424
7 12 750205 0 1788888948 306662 672069
4 25 753844 0 1788888948 380973 704206
5 25 741760 0 1788888948 381159 716817
6 13 755817 0 1788888948 381314 680733
4 26 796499 0 1788888948 470151 733447
5 26 768014 0 1788888948 470359 738708
7 13 829476 0 1788888948 470515 739770
4 27 810511 0 1788888948 562397 746933
5 27 790371 0 1788888948 563935 760083
6 14 860784 0 1788888948 564072 766680
4 28 860033 0 1788888948 643513 806861
5 28 844284 0 1788888948 643679 819878
7 14 868129 0 1788888948 644082 786272
4 29 851601 0 1788888948 719397 801698
5 29 841251 0 1788888948 719621 816107
6 15 856666 0 1788888948 719768 780268
4 30 920418 0 1788888948 806418 864334
5 30 896913 0 1788888948 806622 867139
7 15 921557 0 1788888948 806858 833895
4 31 960913 0 1788888948 898602 894643
5 31 955254 0 1788888948 898828 921083
6 16 970784 0 1788888948 899328 877677
4 32 1017933 0 1788888948 991393 957230
5 32 1003331 0 1788888948 994133 970102
7 16 1050646 0 1788888948 994289 954464
4 33 1081740 0 1788888949 94675 1016785
5 33 1070992 0 1788888949 94780 1034865
6 17 1082020 0 1788888949 94911 978345
4 34 1166586 0 1788888949 206372 1090076
5 34 1156142 0 1788888949 206579 1121015
7 17 1177104 0 1788888949 206674 1064697
4 35 1168071 0 1788888949 290179 1114568
5 35 1168217 0 1788888949 290471 1141300
6 18 1179283 0 1788888949 290633 1094806
4 36 1215791 0 1788888949 373587 1163032
5 36 1193698 0 1788888949 374265 1166496
7 18 1235872 0 1788888949 374486 1151366
4 37 1269831 0 1788888949 461234 1209443
5 37 1258838 0 1788888949 461411 1231701
6 19 1276176 0 1788888949 461653 1187821
4 38 1311350 0 1788888949 545006 1260738
5 38 1305075 0 1788888949 545231 1280391
7 19 1336090 0 1788888949 545371 1251725
4 39 1373383 0 1788888949 622593 1326243
5 39 1352556 0 1788888949 622748 1330609
6 20 1381512 0 1788888949 622871 1303369
4 40 1385818 0 1788888949 695934 1338864
5 40 1376322 0 1788888949 696145 1352176
7 20 1391919 0 1788888949 696985 1317371
4 41 1426089 0 1788888949 767471 1381735
5 41 1394381 0 1788888949 767856 1370578
6 21 1441531 0 1788888949 768018 1369273
4 42 1433075 0 1788888949 845445 1381976
5 42 1429267 0 1788888949 845634 1402159
7 21 1462961 0 1788888949 845824 1384436
4 43 1469645 0 1788888949 918379 1422096
5 43 1463898 0 1788888949 918585 1438550
6 22 1472011 0 1788888949 918690 1398564
4 44 1523571 0 1788888949 999765 1469434
5 44 1501229 0 1788888949 999952 1474062
7 22 1529417 0 1788888950 887 1446727
4 45 1526285 0 1788888950 84988 1474616
5 45 1516242 0 1788888950 85226 1489330
6 23 1535860 0 1788888950 85387 1450010
4 46 1540856 0 1788888950 173168 1483464
5 46 1499026 0 1788888950 173441 1475784
7 23 1590992 0 1788888950 173599 1502029
4 47 1494011 0 1788888950 249906 1445717
5 47 1468193 0 1788888950 250436 1441771
6 24 1509506 0 1788888950 250765 1431730
4 48 1482531 0 1788888950 326552 1435942
5 48 1472941 0 1788888950 326863 1449372
7 24 1490643 0 1788888950 327019 1413123
4 49 1494482 0 1788888950 399853 1447879
5 49 1491081 0 1788888950 400593 1466756
6 25 1518833 0 1788888950 400951 1444169
4 50 1494488 0 1788888950 475515 1444862
5 50 1452979 0 1788888950 475674 1425786
7 25 1541265 0 1788888950 475807 1464344
4 51 1555011 0 1788888950 625415 1458738
5 51 1554516 0 1788888950 625644 1513947
6 26 1585597 0 1788888950 625802 1435141
4 52 1660175 0 1788888950 735634 1597767
5 52 1631343 0 1788888950 735767 1600963
7 26 1660644 0 1788888950 735893 1549989
4 53 1715055 0 1788888950 841060 1652022
5 53 1663659 0 1788888950 841248 1635688
6 27 1719272 0 1788888950 841396 1613273
4 54 1685876 0 1788888950 928777 1623721
5 54 1674095 0 1788888950 929254 1637808
7 27 1751811 0 1788888950 929662 1663004
4 55 1777644 0 1788888951 67290 1693173
5 55 1771757 0 1788888951 69569 1728784
6 28 1798828 0 1788888951 71066 1653693
4 56 1897816 0 1788888951 205594 1804930
5 56 1897790 0 1788888951 206027 1850025
7 28 1899601 0 1788888951 206216 1759837
4 57 1973564 0 1788888951 358737 1865978
5 57 1969349 0 1788888951 362472 1918647
6 29 2024493 0 1788888951 362938 1866917
4 58 2098689 0 1788888951 500256 2019735
5 58 2091471 0 1788888951 500605 2052971
7 29 2107152 0 1788888951 501164 1964597
4 59 2098207 0 1788888951 635629 2012535
5 59 2051843 0 1788888951 635861 2005335
6 30 2166001 0 1788888951 635961 2029888
4 60 2148451 0 1788888951 761166 2063758
5 60 2132094 0 1788888951 761309 2086588
7 30 2156410 0 1788888951 761422 2030342
4 61 2243866 0 1788888951 919233 2129968
5 61 2159401 0 1788888951 920452 2092496
6 31 2267292 0 1788888951 920639 2107679
4 62 2190439 0 1788888952 14519 2136037
5 62 2168028 0 1788888952 14702 2140647
7 31 2192873 0 1788888952 14856 2097072
4 63 2262591 0 1788888952 117320 2185275
5 63 2231713 0 1788888952 117598 2191841
6 32 2270465 0 1788888952 117994 2166767
4 64 2292326 0 1788888952 223600 2226545
5 64 2274345 0 1788888952 223789 2244720
7 32 2324983 0 1788888952 223946 2216545
4 65 2321822 0 1788888952 315404 2267237
5 65 2289099 0 1788888952 315613 2262463
6 33 2324806 0 1788888952 316814 2231329
4 66 2353608 0 1788888952 392625 2303444
5 66 2338847 0 1788888952 392787 2314584
7 33 2364974 0 1788888952 392931 2287204
4 67 2398414 0 1788888952 467301 2350180
5 67 2397733 0 1788888952 467488 2373209
6 34 2410109 0 1788888952 467681 2334884
4 68 2396860 0 1788888952 539219 2350658
5 68 2384143 0 1788888952 539431 2363423
7 34 2444611 0 1788888952 539609 2372090
4 69 2411541 0 1788888952 622472 2355735
5 69 2411262 0 1788888952 622761 2381264
6 35 2430400 0 1788888952 623319 2346120
4 70 2459230 0 1788888952 709201 2399045
5 70 2458953 0 1788888952 709524 2425426
7 35 2486947 0 1788888952 709649 2399580
4 71 2508868 0 1788888952 786689 2459751
5 71 2477428 0 1788888952 786887 2454499
6 36 2530471 0 1788888952 787153 2452349
4 72 2523433 0 1788888952 878259 2461078
5 72 2488698 0 1788888952 878378 2454486
7 36 2535449 0 1788888952 878531 2443427
4 73 2561485 0 1788888952 970825 2503838
5 73 2543213 0 1788888952 971032 2515747
6 37 2579206 0 1788888952 971492 2485738
4 74 2582349 0 1788888953 55541 2525832
5 74 2544284 0 1788888953 55734 2515512
7 37 2588738 0 1788888953 55835 2503558
4 75 2606771 0 1788888953 146042 2541851
5 75 2569284 0 1788888953 146245 2535529
6 38 2616745 0 1788888953 146396 2525763
4 76 2630700 0 1788888953 245889 2564456
5 76 2596933 0 1788888953 246062 2565826
7 38 2643989 0 1788888953 246128 2543659
4 77 2605402 0 1788888953 341162 2551012
5 77 2604773 0 1788888953 341298 2580517
6 39 2639873 0 1788888953 341445 2542570
4 78 2685143 0 1788888953 448020 2610565
5 78 2684013 0 1788888953 449849 2648991
7 39 2705491 0 1788888953 449995 2596460
5 79 2575853 0 1788888953 515105 2573652
4 79 2688419 0 1788888953 568959 2604191
6 40 2727732 0 1788888953 569081 2606492
7 40 2595127 0 1788888953 569553 2567554
4 80 2664968 0 1788888953 666974 2603836
5 80 2689488 0 1788888953 667462 2590801
6 41 2651885 0 1788888953 667633 2620531
4 81 2688137 0 1788888953 754663 2632401
5 81 2664253 0 1788888953 754765 2636382
7 41 2734304 0 1788888953 754840 2645893
4 82 2725577 0 1788888953 845643 2670115
5 82 2675803 0 1788888953 845779 2645857
6 42 2752154 0 1788888953 845871 2660777
4 83 2709533 0 1788888953 939843 2647420
5 83 2687607 0 1788888953 944621 2647033
7 42 2729735 0 1788888953 944745 2630505
4 84 2788511 0 1788888954 68842 2705902
5 84 2734269 0 1788888954 69290 2695450
6 43 2806881 0 1788888954 69511 2674109
4 85 2828114 0 1788888954 179813 2766271
5 85 2816845 0 1788888954 180538 2786300
7 43 2836979 0 1788888954 180801 2724847
4 86 2860862 0 1788888954 261033 2808878
5 86 2853943 0 1788888954 261673 2828501
6 44 2892329 0 1788888954 261861 2810021
4 87 2860721 0 1788888954 334705 2812554
5 87 2771275 0 1788888954 334894 2748659
7 44 2872172 0 1788888954 334998 2798034
4 88 2810880 0 1788888954 403554 2765004
5 88 2737928 0 1788888954 403739 2714465
6 45 2836907 0 1788888954 403883 2767572
4 89 2778799 0 1788888954 476183 2729369
5 89 2778755 0 1788888954 476443 2750390
7 45 2804936 0 1788888954 476595 2731671
4 90 2837923 0 1788888954 542417 2793709
5 90 2836876 0 1788888954 543041 2814787
6 46 2841281 0 1788888954 543203 2774100
4 91 2857658 0 1788888954 609896 2812189
5 91 2801359 0 1788888954 610087 2777731
7 46 2882300 0 1788888954 610217 2814317
4 92 2835687 0 1788888954 675148 2791533
5 92 2825279 0 1788888954 675279 2802679
6 47 2860382 0 1788888954 675413 2794669
4 93 2807396 0 1788888954 740754 2764098
5 93 2760147 0 1788888954 740883 2737643
7 47 2837340 0 1788888954 741174 2771154
4 94 2756136 0 1788888954 805813 2712373
5 94 2748303 0 1788888954 805939 2725629
6 48 2767090 0 1788888954 808452 2699236
4 95 2779458 0 1788888954 872229 2735328
5 95 2779195 0 1788888954 872442 2757405
7 48 2801929 0 1788888954 872570 2735019
4 96 2822116 0 1788888954 936622 2778434
5 96 2781881 0 1788888954 936897 2758842
6 49 2829402 0 1788888954 937096 2764340
4 97 2828064 0 1788888954 999766 2786788
5 97 2817563 0 1788888954 999940 2795869
7 49 2843917 0 1788888955 75 2780290
4 98 2849279 0 1788888955 64088 2807252
5 98 2827439 0 1788888955 64278 2806068
6 50 2859083 0 1788888955 65002 2793686
4 99 2885256 0 1788888955 130436 2841621
5 99 2880360 0 1788888955 130615 2857847
7 50 2890455 0 1788888955 130749 2823632
4 100 2913363 0 1788888955 195413 2871286
5 100 2886331 0 1788888955 195615 2865195
6 51 2933606 0 1788888955 195752 2868086
4 101 2940776 0 1788888955 265119 2896722
5 101 2899189 0 1788888955 265275 2876289
7 51 2950824 0 1788888955 265368 2880708
4 102 2964892 0 1788888955 342495 2910188
5 102 2945452 0 1788888955 342682 2917616
6 52 2974383 0 1788888955 342782 2896539
4 103 2995610 0 1788888955 437815 2933670
5 103 2948637 0 1788888955 437978 2919950
7 52 3007122 0 1788888955 438084 2911281
4 104 3040926 0 1788888955 534931 2972543
5 104 2999388 0 1788888955 535161 2958596
6 53 3044789 0 1788888955 535632 2946680
4 105 3041665 0 1788888955 651490 2977799
5 105 3029675 0 1788888955 651741 2997276
7 53 3049604 0 1788888955 651921 2931617
4 106 3084882 0 1788888955 728020 3034007
5 106 3082370 0 1788888955 728117 3054147
6 54 3104452 0 1788888955 728354 3027370
4 107 3139702 0 1788888955 797286 3093252
5 107 3126503 0 1788888955 797394 3102071
7 54 3148339 0 1788888955 797609 3078581
4 108 3182189 0 1788888955 872383 3130848
5 108 3120289 0 1788888955 872517 3093069
6 55 3186094 0 1788888955 873031 3110041
4 109 3150278 0 1788888955 954821 3094868
5 109 3123557 0 1788888955 955026 3094578
7 55 3202462 0 1788888955 955212 3119388
4 110 3128184 0 1788888956 42900 3072494
5 110 3119782 0 1788888956 43046 3094428
6 56 3172436 0 1788888956 43174 3083862
4 111 3185981 0 1788888956 128945 3129012
5 111 3175918 0 1788888956 129131 3146768
7 56 3205197 0 1788888956 129432 3118490
4 112 3259624 0 1788888956 235985 3192883
5 112 3257044 0 1788888956 240484 3221988
6 57 3274503 0 1788888956 241060 3162195
7 57 3277172 0 1788888956 272939 3240027
4 113 3271808 0 1788888956 278502 3265987
