0 1 98991 0 1788888956 537787 24454
1 1 83173 0 1788888956 538500 32446
2 1 82713 0 1788888956 538729 55002
0 2 139139 0 1788888956 614968 86954
1 2 111207 0 1788888956 615175 85922
3 1 142588 0 1788888956 615273 64924
0 3 155920 0 1788888956 716853 85940
1 3 136043 0 1788888956 717031 100406
2 2 199770 0 1788888956 717178 97333
0 4 233507 0 1788888956 832561 154296
1 4 229031 0 1788888956 836528 185214
3 2 242557 0 1788888956 836821 122173
0 5 293129 0 1788888956 923968 234729
1 5 287325 0 1788888956 924529 254661
2 3 310188 0 1788888956 925472 217073
0 6 339811 0 1788888957 18895 282647
1 6 316166 0 1788888957 19121 286766
3 3 375527 0 1788888957 19245 280027
0 7 304481 0 1788888957 127539 231180
1 7 297471 0 1788888957 127682 259207
2 4 407888 0 1788888957 127828 298765
0 8 382962 0 1788888957 239739 315782
1 8 339324 0 1788888957 239919 303568
3 4 384812 0 1788888957 240126 272062
0 9 424677 0 1788888957 342828 353436
1 9 413339 0 1788888957 343038 375206
2 5 426336 0 1788888957 343205 322737
0 10 465581 0 1788888957 450863 398628
1 10 443773 0 1788888957 451566 409647
3 5 497755 0 1788888957 451723 387720
0 11 501865 0 1788888957 550428 438933
1 11 497521 0 1788888957 550870 464992
2 6 506515 0 1788888957 551050 406146
0 12 568916 0 1788888957 640425 508548
1 12 519661 0 1788888957 640619 486505
3 6 584341 0 1788888957 640764 493788
0 13 546482 0 1788888957 769294 458291
1 13 513330 0 1788888957 769467 472265
2 7 575763 0 1788888957 769587 446358
0 14 601024 0 1788888957 888553 525809
1 14 600625 0 1788888957 888813 567157
3 7 622037 0 1788888957 892847 498208
0 15 616529 0 1788888958 9617 536351
1 15 616067 0 1788888958 10054 570242
2 8 661551 0 1788888958 10727 539100
0 16 669165 0 1788888958 110648 605706
1 16 660863 0 1788888958 110833 628000
3 8 691761 0 1788888958 111034 590058
0 17 725527 0 1788888958 205598 666830
1 17 715008 0 1788888958 205872 683377
2 9 752403 0 1788888958 206278 656311
0 18 753051 0 1788888958 296823 690633
1 18 659164 0 1788888958 297050 626300
3 9 783334 0 1788888958 297220 691519
0 19 715793 0 1788888958 391233 655343
1 19 710100 0 1788888958 392260 676244
2 10 753463 0 1788888958 392919 657183
0 20 774596 0 1788888958 494293 713462
1 20 754707 0 1788888958 494482 723140
3 10 809380 0 1788888958 494647 704641
0 21 808896 0 1788888958 593779 740237
1 21 776972 0 1788888958 593991 744734
2 11 820798 0 1788888958 594167 720701
0 22 806075 0 1788888958 685673 746050
1 22 773076 0 1788888958 685862 741748
3 11 847962 0 1788888958 685989 755538
0 23 838796 0 1788888958 776176 781179
1 23 827733 0 1788888958 776486 796742
2 12 860055 0 1788888958 777462 768059
0 24 877235 0 1788888958 876549 815293
1 24 847234 0 1788888958 877113 812686
3 12 915546 0 1788888958 878474 813041
0 25 874023 0 1788888958 965676 812979
1 25 872031 0 1788888958 965804 840061
2 13 899939 0 1788888958 965895 810314
0 26 964013 0 1788888959 87057 887249
1 26 960172 0 1788888959 87300 920010
3 13 978719 0 1788888959 87469 856689
0 27 1008872 0 1788888959 202341 935270
1 27 992967 0 1788888959 202514 956335
2 14 1035154 0 1788888959 202684 919348
0 28 1046692 0 1788888959 304350 974707
1 28 1042937 0 1788888959 304751 1005396
3 14 1067742 0 1788888959 305189 964398
0 29 1142535 0 1788888959 409759 1074151
1 29 1137901 0 1788888959 409950 1101505
2 15 1147947 0 1788888959 410111 1041898
0 30 1134004 0 1788888959 508668 1070793
1 30 1117961 0 1788888959 508903 1086993
3 15 1157380 0 1788888959 509017 1057881
0 31 1189646 0 1788888959 609637 1120949
1 31 1180260 0 1788888959 609902 1148255
2 16 1215889 0 1788888959 610037 1114128
0 32 1237506 0 1788888959 716856 1168451
1 32 1177649 0 1788888959 717082 1142526
3 16 1281382 0 1788888959 717523 1173150
0 33 1252536 0 1788888959 801448 1195149
1 33 1223091 0 1788888959 801729 1195797
2 17 1261304 0 1788888959 802086 1175784
0 34 1274697 0 1788888959 902423 1202306
1 34 1251770 0 1788888959 902659 1215033
3 17 1318617 0 1788888959 902770 1217095
0 35 1330532 0 1788888960 12669 1256198
1 35 1268656 0 1788888960 12868 1229832
2 18 1354568 0 1788888960 13381 1243368
0 36 1352645 0 1788888960 111256 1291789
1 36 1335911 0 1788888960 112005 1307151
3 18 1362142 0 1788888960 112181 1262363
0 37 1371565 0 1788888960 203107 1307534
1 37 1348035 0 1788888960 203340 1317924
2 19 1399022 0 1788888960 203539 1306558
0 38 1405704 0 1788888960 286853 1350006
1 38 1398182 0 1788888960 287038 1369678
3 19 1409398 0 1788888960 287282 1325004
0 39 1449625 0 1788888960 371131 1394661
1 39 1446777 0 1788888960 371377 1419214
2 20 1476710 0 1788888960 371495 1391885
0 40 1450584 0 1788888960 458103 1391270
1 40 1432845 0 1788888960 460128 1397970
3 20 1520534 0 1788888960 461307 1430159
0 41 1446343 0 1788888960 538902 1395044
1 41 1446184 0 1788888960 539095 1419959
2 21 1494293 0 1788888960 539255 1412912
0 42 1489524 0 1788888960 621601 1435082
1 42 1469038 0 1788888960 621925 1437859
3 21 1524920 0 1788888960 622405 1441197
0 43 1441120 0 1788888960 702906 1387163
1 43 1432934 0 1788888960 703115 1404648
2 22 1508472 0 1788888960 703505 1426343
0 44 1510612 0 1788888960 798746 1444804
1 44 1488370 0 1788888960 798944 1454810
3 22 1528645 0 1788888960 800010 1431361
0 45 1559963 0 1788888960 915711 1486029
1 45 1559073 0 1788888960 915873 1522795
2 23 1598484 0 1788888960 916444 1480537
0 46 1664836 0 1788888961 25537 1597317
1 46 1654130 0 1788888961 25903 1621208
3 23 1669949 0 1788888961 27088 1557796
0 47 1689034 0 1788888961 132763 1621020
1 47 1679228 0 1788888961 132962 1645217
2 24 1698495 0 1788888961 133175 1590580
0 48 1728163 0 1788888961 255683 1651587
1 48 1712599 0 1788888961 256188 1666352
3 24 1756562 0 1788888961 257036 1631731
0 49 1755322 0 1788888961 401238 1665626
1 49 1754266 0 1788888961 401854 1713633
2 25 1853983 0 1788888961 402253 1707200
0 50 1885727 0 1788888961 553644 1777113
1 50 1822487 0 1788888961 553986 1768634
3 25 1906359 0 1788888961 559297 1746685
0 51 1937037 0 1788888961 711145 1835259
1 51 1931005 0 1788888961 711345 1887355
2 26 1967538 0 1788888961 711469 1804263
1 52 1930216 0 1788888961 790041 1927027
0 52 2033900 0 1788888961 880258 1904242
2 27 2020571 0 1788888961 880847 1974443
3 26 2055100 0 1788888961 881971 1883949
0 53 2136999 0 1788888962 40365 2035440
1 53 2179926 0 1788888962 40949 2018955
2 28 2138622 0 1788888962 44804 2084571
0 54 2268034 0 1788888962 191054 2170786
1 54 2253702 0 1788888962 191431 2211814
3 27 2283406 0 1788888962 191882 2130729
0 55 2345772 0 1788888962 313472 2266861
1 55 2323425 0 1788888962 313984 2287366
2 29 2352798 0 1788888962 315183 2228468
0 56 2394857 0 1788888962 432467 2326533
1 56 2391414 0 1788888962 432829 2357162
3 28 2413756 0 1788888962 433608 2293332
0 57 2420103 0 1788888962 522813 2367811
1 57 2401230 0 1788888962 523058 2374305
2 30 2463191 0 1788888962 523226 2372160
0 58 2424323 0 1788888962 603282 2374513
1 58 2389543 0 1788888962 603465 2364262
3 29 2436939 0 1788888962 603899 2355632
0 59 2405825 0 1788888962 685443 2349805
1 59 2333972 0 1788888962 685590 2309886
2 31 2463751 0 1788888962 685754 2381103
0 60 2266775 0 1788888962 762458 2216046
1 60 2200733 0 1788888962 762597 2175806
3 30 2351279 0 1788888962 762710 2273804
0 61 2276263 0 1788888962 857455 2213979
1 61 2222649 0 1788888962 857637 2190474
2 32 2294387 0 1788888962 857794 2198848
0 62 2285484 0 1788888962 965914 2211841
1 62 2278019 0 1788888962 966093 2241992
3 31 2296233 0 1788888962 966243 2187235
0 63 2385713 0 1788888963 76962 2314582
1 63 2371078 0 1788888963 77163 2337550
2 33 2388179 0 1788888963 77281 2276628
0 64 2457536 0 1788888963 172441 2399494
1 64 2447004 0 1788888963 172654 2419399
3 32 2466454 0 1788888963 172783 2369798
0 65 2526607 0 1788888963 272335 2462785
1 65 2523741 0 1788888963 272578 2489899
2 34 2546490 0 1788888963 272796 2445889
0 66 2560727 0 1788888963 371635 2494054
1 66 2551173 0 1788888963 371909 2515266
3 33 2595097 0 1788888963 372694 2494478
0 67 2644810 0 1788888963 491385 2559710
1 67 2633726 0 1788888963 491632 2579342
2 35 2650909 0 1788888963 491864 2530206
0 68 2700201 0 1788888963 577302 2643384
1 68 2697666 0 1788888963 577692 2664283
3 34 2711330 0 1788888963 581098 2621102
0 69 2775788 0 1788888963 659500 2723435
1 69 2768372 0 1788888963 660239 2741932
2 36 2779331 0 1788888963 660608 2695846
0 70 2809230 0 1788888963 737859 2760970
1 70 2798702 0 1788888963 738072 2775810
3 35 2826057 0 1788888963 738419 2746775
0 71 2853227 0 1788888963 812522 2806806
1 71 2843252 0 1788888963 812789 2819165
2 37 2864834 0 1788888963 816445 2786073
0 72 2908927 0 1788888963 902711 2852753
1 72 2906098 0 1788888963 902954 2878931
3 36 2928106 0 1788888963 903450 2836922
0 73 2994340 0 1788888964 1747 2924566
1 73 2986512 0 1788888964 2691 2949390
2 38 3001631 0 1788888964 2858 2901276
0 74 3073397 0 1788888964 130479 2995151
1 74 3037203 0 1788888964 131644 2994019
3 37 3116125 0 1788888964 136325 2981319
0 75 3073229 0 1788888964 256140 2998531
1 75 3072929 0 1788888964 256469 3033385
2 39 3125216 0 1788888964 256594 2998318
0 76 3150799 0 1788888964 377433 3086046
1 76 3135215 0 1788888964 377863 3105185
3 38 3177883 0 1788888964 378732 3055072
0 77 3186028 0 1788888964 475263 3121344
1 77 3181773 0 1788888964 475484 3150676
2 40 3211535 0 1788888964 476221 3112541
0 78 3245567 0 1788888964 567183 3183187
1 78 3206437 0 1788888964 567401 3173983
3 39 3258873 0 1788888964 567619 3166319
0 79 3317504 0 1788888964 691825 3237801
1 79 3311560 0 1788888964 692066 3270648
2 41 3323393 0 1788888964 692199 3198185
0 80 3302995 0 1788888964 805525 3226096
1 80 3299759 0 1788888964 805749 3261710
3 40 3371177 0 1788888964 805869 3256874
0 81 3417011 0 1788888964 929952 3329520
1 81 3413629 0 1788888964 930107 3369678
2 42 3419257 0 1788888964 930292 3294204
0 82 3550114 0 1788888965 77876 3447474
1 82 3535785 0 1788888965 78081 3494055
3 41 3561803 0 1788888965 78989 3412393
0 83 3649533 0 1788888965 238176 3539996
1 83 3586818 0 1788888965 238328 3534530
2 43 3684795 0 1788888965 238439 3523755
0 84 3624567 0 1788888965 374291 3530836
1 84 3616191 0 1788888965 376816 3572799
3 42 3667393 0 1788888965 376959 3528359
0 85 3713140 0 1788888965 503017 3634735
1 85 3709936 0 1788888965 503526 3669038
2 44 3717311 0 1788888965 504695 3586629
0 86 3723460 0 1788888965 614840 3649163
1 86 3715795 0 1788888965 614971 3677201
3 43 3793503 0 1788888965 615084 3681273
0 87 3794815 0 1788888965 708323 3736492
1 87 3792001 0 1788888965 708558 3762459
2 45 3804683 0 1788888965 709147 3710160
0 88 3889665 0 1788888965 852541 3778018
1 88 3808325 0 1788888965 852733 3751017
3 44 3917674 0 1788888965 852892 3772856
0 89 3952329 0 1788888966 25953 3833649
1 89 3940533 0 1788888966 26107 3897899
2 46 3967862 0 1788888966 26283 3787891
0 90 4081088 0 1788888966 199460 3970268
1 90 4064414 0 1788888966 204143 3990576
3 45 4091819 0 1788888966 204347 3913172
0 91 4155203 0 1788888966 377278 4033968
1 91 4141632 0 1788888966 377471 4084656
2 47 4206678 0 1788888966 377640 4028197
3 46 4227785 0 1788888966 475391 4129361
0 92 4225269 0 1788888966 489264 4210014
