4 1 99109 0 1788888956 531533 25451
5 1 89295 0 1788888956 532179 38934
6 1 88921 0 1788888956 532351 61709
4 2 143241 0 1788888956 609296 95515
5 2 139350 0 1788888956 609470 114768
7 1 164910 0 1788888956 609587 86628
4 3 214058 0 1788888956 716821 141342
5 3 210297 0 1788888956 716952 178058
6 2 219678 0 1788888956 717350 111457
4 4 307216 0 1788888956 826829 232104
5 4 302034 0 1788888956 827276 270873
7 2 318894 0 1788888956 827974 207398
4 5 390305 0 1788888956 927711 328280
5 5 371457 0 1788888956 927868 338379
6 3 396379 0 1788888956 930308 292669
4 6 442190 0 1788888957 25533 374921
5 6 425832 0 1788888957 29178 388181
7 3 448176 0 1788888957 29487 346203
4 7 480697 0 1788888957 125727 422440
5 7 460787 0 1788888957 126081 433190
6 4 496378 0 1788888957 126405 395257
4 8 538218 0 1788888957 232145 472384
5 8 473370 0 1788888957 232403 438563
7 4 540035 0 1788888957 232511 431684
4 9 573254 0 1788888957 343117 501329
5 9 569175 0 1788888957 343287 533287
6 5 575654 0 1788888957 343399 464125
4 10 635105 0 1788888957 444140 573742
5 10 611682 0 1788888957 444958 580124
7 5 647558 0 1788888957 445070 545431
4 11 650794 0 1788888957 530018 591062
5 11 629256 0 1788888957 530196 605120
6 6 662062 0 1788888957 530303 575695
4 12 656615 0 1788888957 620484 596639
5 12 566173 0 1788888957 624414 533439
7 6 668567 0 1788888957 624802 573593
4 13 667305 0 1788888957 745186 583156
5 13 630115 0 1788888957 745388 588805
6 7 680362 0 1788888957 745506 555073
4 14 746367 0 1788888957 868144 670447
5 14 744160 0 1788888957 868835 710174
7 7 752973 0 1788888957 870080 627790
4 15 845277 0 1788888957 978483 771439
5 15 839345 0 1788888957 978660 801099
6 8 848207 0 1788888957 978834 737277
4 16 884583 0 1788888958 84809 823475
5 16 857788 0 1788888958 84967 828946
7 8 924523 0 1788888958 85092 817682
4 17 922126 0 1788888958 183252 858264
5 17 904299 0 1788888958 183446 873425
6 9 934206 0 1788888958 183546 835243
4 18 959338 0 1788888958 279996 897674
5 18 904720 0 1788888958 280124 871469
7 9 963956 0 1788888958 280273 866698
4 19 922733 0 1788888958 371116 863395
5 19 920849 0 1788888958 371319 888541
6 10 971848 0 1788888958 371553 880104
4 20 993796 0 1788888958 472157 930625
5 20 963038 0 1788888958 472570 933635
7 10 1016824 0 1788888958 472892 914440
4 21 1015105 0 1788888958 570814 948665
5 21 1000169 0 1788888958 571014 965748
6 11 1045886 0 1788888958 571122 946679
4 22 1063177 0 1788888958 662985 1004139
5 22 1054477 0 1788888958 663211 1025857
7 11 1076093 0 1788888958 663383 982675
4 23 1083476 0 1788888958 751982 1031262
5 23 1079749 0 1788888958 752818 1053229
6 12 1135947 0 1788888958 753073 1045673
4 24 1156918 0 1788888958 849812 1093711
5 24 1112060 0 1788888958 850130 1077693
7 12 1170289 0 1788888958 850296 1071729
4 25 1196232 0 1788888958 946911 1135514
5 25 1184193 0 1788888958 947142 1152301
6 13 1198208 0 1788888958 947256 1100583
4 26 1249594 0 1788888959 46795 1183443
5 26 1221134 0 1788888959 47028 1189867
7 13 1282724 0 1788888959 47313 1182112
4 27 1290574 0 1788888959 166009 1208666
5 27 1269198 0 1788888959 166313 1231775
6 14 1340241 0 1788888959 167079 1219745
4 28 1353826 0 1788888959 260855 1292849
5 28 1338100 0 1788888959 261044 1306215
7 14 1361694 0 1788888959 261196 1266164
4 29 1367978 0 1788888959 359325 1304207
5 29 1358765 0 1788888959 360686 1326029
6 15 1374227 0 1788888959 360878 1273941
4 30 1448608 0 1788888959 458157 1380218
5 30 1425876 0 1788888959 459134 1397200
7 15 1450892 0 1788888959 459742 1349648
4 31 1488116 0 1788888959 549355 1426051
5 31 1482718 0 1788888959 549841 1452951
6 16 1503500 0 1788888959 555594 1405909
4 32 1565131 0 1788888959 662140 1494222
5 32 1548508 0 1788888959 662929 1512162
7 16 1596190 0 1788888959 663384 1481821
4 33 1615557 0 1788888959 752042 1559003
5 33 1604886 0 1788888959 752224 1579935
6 17 1616079 0 1788888959 752521 1525415
4 34 1675973 0 1788888959 839303 1617973
5 34 1665503 0 1788888959 839489 1635722
7 17 1686526 0 1788888959 839645 1598735
4 35 1715397 0 1788888959 961054 1635441
5 35 1715455 0 1788888959 961259 1675154
6 18 1726528 0 1788888959 961428 1604166
4 36 1794832 0 1788888960 76178 1722001
5 36 1772669 0 1788888960 76785 1739271
7 18 1814904 0 1788888960 77068 1698641
4 37 1848705 0 1788888960 163657 1790687
5 37 1837785 0 1788888960 163908 1808703
6 19 1855082 0 1788888960 164110 1766938
4 38 1894208 0 1788888960 251414 1838897
5 38 1887934 0 1788888960 251640 1859343
7 19 1918975 0 1788888960 251805 1830580
4 39 1961104 0 1788888960 333864 1906875
5 39 1940318 0 1788888960 334059 1914749
6 20 1969271 0 1788888960 334180 1886291
4 40 1991040 0 1788888960 424707 1933850
5 40 1981703 0 1788888960 425077 1953439
7 20 1998031 0 1788888960 426646 1904966
4 41 2049449 0 1788888960 514381 1995051
5 41 2017625 0 1788888960 514650 1990007
6 21 2065189 0 1788888960 515227 1974422
4 42 2062886 0 1788888960 598806 2009991
5 42 2059131 0 1788888960 599048 2031775
7 21 2092745 0 1788888960 599157 2007782
4 43 2107528 0 1788888960 679812 2056874
5 43 2101784 0 1788888960 680021 2077179
6 22 2110140 0 1788888960 680369 2028392
4 44 2169676 0 1788888960 769418 2110882
5 44 2147870 0 1788888960 770143 2118156
7 22 2175338 0 1788888960 770357 2084586
4 45 2204313 0 1788888960 886566 2129003
5 45 2194275 0 1788888960 886809 2157170
6 23 2214260 0 1788888960 887337 2096159
4 46 2241654 0 1788888960 997516 2171498
5 46 2199796 0 1788888960 997762 2165116
7 23 2291726 0 1788888960 997882 2180188
4 47 2220415 0 1788888961 99860 2152137
5 47 2194422 0 1788888961 100216 2164320
6 24 2235661 0 1788888961 100470 2132351
4 48 2249163 0 1788888961 216733 2173476
5 48 2240988 0 1788888961 218460 2206022
7 24 2258646 0 1788888961 218572 2139759
4 49 2309489 0 1788888961 338410 2228200
5 49 2305708 0 1788888961 338771 2261814
6 25 2333321 0 1788888961 338989 2210818
4 50 2386723 0 1788888961 491301 2274294
5 50 2345380 0 1788888961 491626 2293577
7 25 2433702 0 1788888961 491794 2280131
4 51 2439066 0 1788888961 633018 2343357
5 51 2438527 0 1788888961 633205 2389235
6 26 2472660 0 1788888961 636414 2326999
5 52 2495856 0 1788888961 723830 2492149
4 52 2603061 0 1788888961 802070 2487327
6 27 2557323 0 1788888961 802997 2511484
7 26 2608500 0 1788888961 807298 2433908
4 53 2646711 0 1788888961 947851 2544716
5 53 2703749 0 1788888961 953303 2552227
6 28 2653307 0 1788888961 954709 2599441
4 54 2735903 0 1788888962 114612 2635484
5 54 2719040 0 1788888962 114827 2674199
7 27 2748551 0 1788888962 115001 2581273
4 55 2812974 0 1788888962 234336 2757202
5 55 2804517 0 1788888962 234682 2776456
6 29 2821650 0 1788888962 234846 2700465
4 56 2917338 0 1788888962 349125 2839405
5 56 2888910 0 1788888962 350906 2844284
7 28 2919705 0 1788888962 351034 2802688
4 57 2933296 0 1788888962 449970 2871025
5 57 2932961 0 1788888962 450524 2902014
6 30 2942019 0 1788888962 450741 2840169
4 58 3010525 0 1788888962 543209 2954004
5 58 2949859 0 1788888962 543370 2921888
7 29 3018361 0 1788888962 543478 2924565
4 59 2913890 0 1788888962 621458 2862633
5 59 2893113 0 1788888962 621675 2866578
6 31 2960869 0 1788888962 621840 2882042
4 60 2954210 0 1788888962 706974 2897581
5 60 2930220 0 1788888962 707118 2899808
7 30 2975535 0 1788888962 711799 2884960
4 61 2920861 0 1788888962 805463 2852340
5 61 2860171 0 1788888962 805705 2823795
6 32 3006908 0 1788888962 805826 2907846
4 62 2922428 0 1788888962 892652 2862797
5 62 2921749 0 1788888962 892828 2889074
7 31 2945301 0 1788888962 892932 2857643
4 63 2992466 0 1788888963 1901 2924876
5 63 2979572 0 1788888963 2085 2944740
6 33 3023929 0 1788888963 2208 2914130
4 64 3044642 0 1788888963 117637 2966950
5 64 3002304 0 1788888963 117861 2968036
7 32 3063874 0 1788888963 118698 2946853
4 65 3058129 0 1788888963 208193 3000923
5 65 3057144 0 1788888963 208651 3029385
6 34 3091681 0 1788888963 208812 3000282
4 66 3119936 0 1788888963 297426 3057862
5 66 3116452 0 1788888963 297574 3087836
7 33 3135153 0 1788888963 297720 3045446
4 67 3207415 0 1788888963 400719 3137787
5 67 3182289 0 1788888963 400837 3149415
6 35 3208501 0 1788888963 400938 3104723
4 68 3226761 0 1788888963 505599 3154333
5 68 3189359 0 1788888963 505828 3150817
7 34 3240087 0 1788888963 505996 3134579
4 69 3262762 0 1788888963 597811 3200186
5 69 3252204 0 1788888963 598456 3219507
6 36 3264341 0 1788888963 598822 3170867
4 70 3307060 0 1788888963 681181 3253434
5 70 3301124 0 1788888963 681356 3272814
7 35 3308307 0 1788888963 681829 3224061
4 71 3321683 0 1788888963 754691 3274751
5 71 3288272 0 1788888963 754905 3264113
6 37 3353641 0 1788888963 755012 3279627
4 72 3319350 0 1788888963 832580 3264050
5 72 3316872 0 1788888963 832707 3293070
7 36 3354438 0 1788888963 832813 3276130
4 73 3363013 0 1788888963 914383 3311282
5 73 3324708 0 1788888963 915355 3296138
6 38 3382844 0 1788888963 915734 3299392
4 74 3367727 0 1788888964 2727 3310899
5 74 3349644 0 1788888964 2845 3323025
7 37 3406208 0 1788888964 2950 3317327
4 75 3432487 0 1788888964 132998 3343481
5 75 3407721 0 1788888964 133410 3368223
6 39 3470752 0 1788888964 133574 3339506
4 76 3490740 0 1788888964 263418 3405256
5 76 3438421 0 1788888964 263542 3399060
7 38 3524901 0 1788888964 263639 3394066
4 77 3516428 0 1788888964 376504 3455321
5 77 3509256 0 1788888964 377311 3481773
6 40 3518214 0 1788888964 377519 3403928
4 78 3577249 0 1788888964 466636 3516507
5 78 3501950 0 1788888964 466849 3470110
7 39 3580536 0 1788888964 466963 3489906
4 79 3488828 0 1788888964 551631 3434675
5 79 3453938 0 1788888964 551913 3426236
6 41 3552597 0 1788888964 556687 3462330
4 80 3555712 0 1788888964 681232 3477590
5 80 3542126 0 1788888964 681425 3502041
7 40 3580059 0 1788888964 681583 3449881
4 81 3594994 0 1788888964 785070 3526729
5 81 3571768 0 1788888964 785830 3534186
6 42 3641904 0 1788888964 785989 3534424
4 82 3652463 0 1788888964 896079 3576984
5 82 3602884 0 1788888964 896410 3563082
7 41 3679262 0 1788888964 896528 3567520
4 83 3702793 0 1788888965 56653 3590342
5 83 3676235 0 1788888965 56799 3615454
6 43 3718355 0 1788888965 56916 3557173
4 84 3802900 0 1788888965 206781 3705040
5 84 3748395 0 1788888965 206965 3700117
7 42 3827531 0 1788888965 213711 3670297
4 85 3923316 0 1788888965 398565 3795596
5 85 3911518 0 1788888965 398761 3866357
6 44 3932319 0 1788888965 399692 3739241
4 86 4003765 0 1788888965 527486 3921085
5 86 3997478 0 1788888965 528758 3954574
7 43 4035877 0 1788888965 528959 3904981
4 87 4044184 0 1788888965 641718 3970897
5 87 3954864 0 1788888965 642033 3925270
6 45 4055815 0 1788888965 642191 3940817
4 88 4011178 0 1788888965 727402 3955662
5 88 3938248 0 1788888965 727609 3909857
7 44 4037305 0 1788888965 727832 3950991
4 89 4058350 0 1788888965 879284 3946097
5 89 4058445 0 1788888965 879683 3995218
6 46 4085514 0 1788888965 880723 3932005
4 90 4222447 0 1788888966 50492 4109582
5 90 4221056 0 1788888966 50771 4168134
7 45 4225644 0 1788888966 51116 4052855
4 91 4326156 0 1788888966 201944 4232186
5 91 4269815 0 1788888966 202094 4216729
6 47 4350738 0 1788888966 202204 4198811
4 92 4440835 0 1788888966 403846 4288848
5 92 4430698 0 1788888966 404249 4332370
7 46 4465915 0 1788888966 404496 4262961
6 48 4379959 0 1788888966 407343 4376159
