4 1 198670 0 1788888967 3824 39761
5 1 189331 0 1788888967 4944 86881
6 1 188984 0 1788888967 5143 141909
4 2 288000 0 1788888967 126784 214602
5 2 284188 0 1788888967 127036 244109
7 1 309790 0 1788888967 127196 185867
7 2 386831 0 1788888967 268641 382042
4 3 439269 0 1788888967 314760 315484
5 3 435561 0 1788888967 314946 348501
6 2 444863 0 1788888967 315264 256143
4 4 513464 0 1788888967 411435 450170
5 4 505014 0 1788888967 411671 475932
7 3 519446 0 1788888967 411788 422081
4 5 588909 0 1788888967 518050 518942
5 5 565193 0 1788888967 519234 528185
6 3 609318 0 1788888967 519453 501070
4 6 637022 0 1788888967 613096 572093
5 6 610542 0 1788888967 613298 574514
7 4 657328 0 1788888967 613401 561731
4 7 686136 0 1788888967 724160 615327
5 7 659124 0 1788888967 724329 625034
6 4 706759 0 1788888967 724517 595039
4 8 759688 0 1788888967 891449 630965
5 8 751314 0 1788888967 891788 665153
7 5 825399 0 1788888967 892055 657312
4 9 896401 0 1788888968 43243 797967
5 9 874541 0 1788888968 44782 815727
6 5 902331 0 1788888968 44923 748642
4 10 958917 0 1788888968 164922 885341
5 10 924521 0 1788888968 165518 891215
7 6 983921 0 1788888968 165684 861278
4 11 997474 0 1788888968 271144 928686
5 11 942380 0 1788888968 271344 903782
6 6 1019514 0 1788888968 271468 912138
4 12 1004839 0 1788888968 435810 904318
5 12 1010112 0 1788888968 447985 929726
7 7 1111531 0 1788888968 448129 934330
4 13 1188927 0 1788888968 676929 1039408
5 13 1187313 0 1788888968 677148 1125709
6 7 1226660 0 1788888968 677269 984648
4 14 1406878 0 1788888968 904281 1261286
5 14 1406707 0 1788888968 910063 1311867
7 8 1416123 0 1788888968 910628 1182047
4 15 1764636 0 1788888969 276683 1493146
5 15 1743828 0 1788888969 277126 1656902
6 8 1792496 0 1788888969 298431 1397842
4 16 2000561 0 1788888969 600469 1803727
5 16 1978583 0 1788888969 600652 1880545
7 9 2027809 0 1788888969 600764 1697820
4 17 2125768 0 1788888969 777643 2021890
5 17 2089263 0 1788888969 778309 2048094
6 9 2144855 0 1788888969 778711 1962150
4 18 2169958 0 1788888969 918091 2079988
5 18 2146896 0 1788888969 919330 2093761
7 10 2226352 0 1788888969 919739 2084063
4 19 2296731 0 1788888970 119930 2153810
5 19 2295695 0 1788888970 124493 2225521
6 10 2303555 0 1788888970 124667 2095899
4 20 2443730 0 1788888970 325991 2358966
5 20 2428190 0 1788888970 326154 2384956
7 11 2475166 0 1788888970 326256 2266219
7 12 2479593 0 1788888970 452130 2476484
4 21 2639586 0 1788888970 583160 2420491
5 21 2623272 0 1788888970 583291 2448444
6 11 2654999 0 1788888970 583436 2397131
4 22 2770498 0 1788888970 760353 2655737
5 22 2719894 0 1788888970 761130 2655201
7 13 2783577 0 1788888970 765040 2601467
4 23 2897015 0 1788888970 949752 2798733
5 23 2884300 0 1788888970 949923 2829223
6 12 2904213 0 1788888970 950011 2714293
4 24 2893986 0 1788888971 15763 2890435
5 24 3010999 0 1788888971 134408 2938265
6 13 2998991 0 1788888971 134668 2954172
7 14 3029363 0 1788888971 140162 2838798
4 25 3165137 0 1788888971 302456 2996785
5 25 3132712 0 1788888971 302642 3031969
6 14 3104124 0 1788888971 302747 3047088
4 26 3250590 0 1788888971 498754 3112698
5 26 3235483 0 1788888971 505327 3132759
7 15 3306415 0 1788888971 505983 3102659
4 27 3363753 0 1788888971 643512 3272816
5 27 3348064 0 1788888971 643738 3303968
6 15 3371667 0 1788888971 643898 3226160
4 28 3414945 0 1788888971 779020 3323823
5 28 3404498 0 1788888971 779148 3357501
7 16 3419898 0 1788888971 779278 3283892
4 29 3601651 0 1788888971 983929 3468703
5 29 3579098 0 1788888971 985086 3527181
6 16 3603633 0 1788888971 985212 3397252
4 30 3756113 0 1788888972 190081 3608651
5 30 3752348 0 1788888972 192200 3659859
7 17 3767638 0 1788888972 192461 3557789
4 31 3857111 0 1788888972 326849 3771319
5 31 3839947 0 1788888972 327029 3809709
6 17 3887206 0 1788888972 327128 3749884
4 32 3921792 0 1788888972 431005 3859461
5 32 3911065 0 1788888972 431132 3884739
7 18 3922063 0 1788888972 431233 3816944
4 33 4061154 0 1788888972 597213 3930106
5 33 4051567 0 1788888972 598307 3981326
6 18 4072742 0 1788888972 598590 3904977
4 34 4223483 0 1788888972 841869 4067625
5 34 4224578 0 1788888972 843111 4158419
7 19 4236017 0 1788888972 843646 3989379
4 35 4332682 0 1788888972 986757 4244705
5 35 4310236 0 1788888972 987082 4252715
6 19 4354037 0 1788888972 988931 4206588
4 36 4518599 0 1788888973 206281 4380812
5 36 4507602 0 1788888973 206454 4464023
7 20 4524810 0 1788888973 206567 4304814
4 37 4575209 0 1788888973 305144 4503715
5 37 4568862 0 1788888973 305297 4528631
6 20 4599972 0 1788888973 305531 4500509
4 38 4708106 0 1788888973 453595 4621118
5 38 4687449 0 1788888973 453919 4650270
7 21 4717266 0 1788888973 454904 4567283
4 39 4755721 0 1788888973 562116 4687236
5 39 4746210 0 1788888973 562312 4712049
6 21 4761127 0 1788888973 562471 4652065
4 40 4845779 0 1788888973 683439 4760869
5 40 4813952 0 1788888973 683707 4778455
7 22 4861105 0 1788888973 683871 4739098
4 41 4860056 0 1788888973 768705 4803420
5 41 4856224 0 1788888973 768870 4827058
6 22 4889832 0 1788888973 768973 4803969
4 42 4923361 0 1788888973 868374 4856278
5 42 4917685 0 1788888973 868651 4887810
7 23 4926472 0 1788888973 869430 4825563
4 43 5013225 0 1788888973 985696 4932332
5 43 4990870 0 1788888973 985872 4950204
6 23 5018283 0 1788888973 986031 4900345
4 44 5032489 0 1788888974 87472 4970296
5 44 5022343 0 1788888974 87606 4997382
7 24 5042041 0 1788888974 87847 4939682
4 45 5034044 0 1788888974 162635 4982922
5 45 4992171 0 1788888974 162865 4964313
6 24 5084142 0 1788888974 163028 5008406
4 46 5015583 0 1788888974 267757 4941708
5 46 4989429 0 1788888974 267951 4949700
7 25 5030722 0 1788888974 268261 4924865
4 47 5009458 0 1788888974 349757 4956533
5 47 4999747 0 1788888974 349948 4974334
6 25 5017448 0 1788888974 350103 4934919
4 48 5039596 0 1788888974 441245 4974463
5 48 5036976 0 1788888974 442767 5003706
7 26 5065466 0 1788888974 443910 4971183
4 49 5106666 0 1788888974 583972 5003158
5 49 5065232 0 1788888974 584207 4993739
6 26 5153663 0 1788888974 584485 5010145
4 50 5117766 0 1788888974 684446 5055236
5 50 5117397 0 1788888974 684803 5086025
7 27 5148506 0 1788888974 684990 5047278
4 51 5215685 0 1788888974 787422 5151263
5 51 5187011 0 1788888974 787714 5155400
6 27 5216402 0 1788888974 787929 5112620
4 52 5285127 0 1788888974 907410 5205889
5 52 5233743 0 1788888974 907611 5197028
7 28 5289555 0 1788888974 907958 5168771
4 53 5289002 0 1788888975 28181 5201930
5 53 5277299 0 1788888975 28737 5228784
6 28 5359772 0 1788888975 33902 5232892
4 54 5375020 0 1788888975 160945 5292385
5 54 5367069 0 1788888975 161161 5326406
7 29 5392746 0 1788888975 161262 5259473
4 55 5509889 0 1788888975 313946 5427042
5 55 5510096 0 1788888975 314613 5474035
6 29 5511884 0 1788888975 314778 5357823
4 56 5549907 0 1788888975 431358 5489121
5 56 5542188 0 1788888975 431590 5517064
7 30 5597069 0 1788888975 431793 5479006
4 57 5618163 0 1788888975 516010 5567814
5 57 5610716 0 1788888975 516129 5582942
6 30 5625935 0 1788888975 516226 5540841
4 58 5579538 0 1788888975 613238 5520589
5 58 5533102 0 1788888975 613398 5505966
7 31 5647250 0 1788888975 613489 5549593
4 59 5589598 0 1788888975 698591 5535571
5 59 5575148 0 1788888975 700641 5545994
6 31 5599516 0 1788888975 700807 5511739
4 60 5667010 0 1788888975 838656 5601824
5 60 5581534 0 1788888975 838864 5553111
7 32 5689347 0 1788888975 838974 5548765
4 61 5628265 0 1788888975 948625 5564909
5 61 5606011 0 1788888975 948964 5567446
6 32 5634241 0 1788888975 952503 5520218
4 62 5697377 0 1788888976 48385 5631142
5 62 5666347 0 1788888976 48510 5630807
7 33 5704842 0 1788888976 48650 5602541
4 63 5714659 0 1788888976 142212 5654056
5 63 5696803 0 1788888976 142527 5661338
6 33 5748459 0 1788888976 143701 5652933
4 64 5768188 0 1788888976 258049 5691197
5 64 5736171 0 1788888976 258965 5699702
7 34 5771267 0 1788888976 259553 5653178
4 65 5819956 0 1788888976 355253 5755126
5 65 5805535 0 1788888976 355754 5773917
6 34 5831682 0 1788888976 355918 5733614
4 66 5890339 0 1788888976 455505 5824729
5 66 5889653 0 1788888976 455687 5854038
7 35 5901945 0 1788888976 455796 5801127
4 67 5921362 0 1788888976 560000 5846580
5 67 5908559 0 1788888976 560126 5870312
6 35 5972684 0 1788888976 563961 5863983
4 68 6010594 0 1788888976 717804 5915462
5 68 6010262 0 1788888976 718040 5963232
7 36 6029078 0 1788888976 718276 5870607
6 36 6050864 0 1788888976 769845 5998623
4 69 6034593 0 1788888976 780843 6022986
