0 1 196611 0 1788888967 8093 40703
1 1 185101 0 1788888967 13114 84525
2 1 190689 0 1788888967 19393 138964
0 2 307085 0 1788888967 155601 215864
1 2 279479 0 1788888967 156135 221507
3 1 310903 0 1788888967 156276 162532
0 3 335241 0 1788888967 268861 262582
1 3 315362 0 1788888967 269037 277737
2 2 379053 0 1788888967 269148 265151
0 4 412987 0 1788888967 384728 343422
1 4 404732 0 1788888967 384915 368901
3 2 418102 0 1788888967 385053 301553
0 5 485675 0 1788888967 489201 417783
1 5 479506 0 1788888967 489397 442220
2 3 502449 0 1788888967 490419 396484
0 6 533109 0 1788888967 584881 473650
1 6 509454 0 1788888967 585095 479002
3 3 568840 0 1788888967 585245 472594
0 7 494200 0 1788888967 689946 424507
1 7 488197 0 1788888967 691095 450897
2 4 598756 0 1788888967 691382 491860
0 8 578264 0 1788888967 807728 496583
1 8 534563 0 1788888967 807845 489444
3 4 579960 0 1788888967 807961 461664
0 9 697351 0 1788888967 988189 599833
1 9 686009 0 1788888967 988395 646107
2 5 698936 0 1788888967 988492 517921
0 10 775630 0 1788888968 133599 692758
1 10 754719 0 1788888968 135199 712368
3 5 808676 0 1788888968 135331 661403
0 11 852324 0 1788888968 273574 755714
1 11 847752 0 1788888968 273788 791071
2 6 856753 0 1788888968 273975 716170
0 12 1034441 0 1788888968 478637 899723
1 12 985195 0 1788888968 478841 891730
3 6 1052070 0 1788888968 481487 844283
0 13 1090333 0 1788888968 685831 951506
1 13 1057235 0 1788888968 686058 990191
2 7 1119724 0 1788888968 686235 911693
0 14 1238433 0 1788888968 898649 1113170
1 14 1237958 0 1788888968 898833 1181321
3 7 1270025 0 1788888968 913522 1042128
0 15 1499245 0 1788888969 265019 1233780
1 15 1498707 0 1788888969 265380 1345415
2 8 1551221 0 1788888969 273084 1176533
0 16 1809338 0 1788888969 623508 1626427
1 16 1800991 0 1788888969 623648 1747509
3 8 1831900 0 1788888969 623860 1471994
0 17 1914203 0 1788888969 766962 1827059
1 17 1904192 0 1788888969 767743 1867533
2 9 1941668 0 1788888969 768230 1796692
0 18 1972679 0 1788888969 889139 1892746
1 18 1878740 0 1788888969 889313 1831455
3 9 2003428 0 1788888969 890001 1880200
0 19 2070680 0 1788888970 118808 1932478
1 19 2064087 0 1788888970 118934 1996979
2 10 2106936 0 1788888970 119078 1876677
0 20 2212628 0 1788888970 305013 2129893
1 20 2193043 0 1788888970 305505 2154525
3 10 2247878 0 1788888970 305832 2059899
0 21 2263194 0 1788888970 420765 2184782
1 21 2231224 0 1788888970 420930 2193941
2 11 2275415 0 1788888970 421471 2158714
0 22 2363938 0 1788888970 616223 2259223
1 22 2330967 0 1788888970 616440 2278953
3 11 2406400 0 1788888970 617113 2209457
0 23 2453091 0 1788888970 763159 2350294
1 23 2443359 0 1788888970 764800 2394021
2 12 2482837 0 1788888970 772931 2325149
0 24 2582016 0 1788888970 954017 2478525
1 24 2555815 0 1788888970 958381 2492311
3 12 2622948 0 1788888970 958563 2427023
0 25 2639890 0 1788888971 104230 2558478
1 25 2638021 0 1788888971 104482 2594305
2 13 2669936 0 1788888971 108579 2515163
0 26 2749166 0 1788888971 244898 2648374
1 26 2745907 0 1788888971 245722 2688790
3 13 2764526 0 1788888971 245964 2622573
0 27 2837144 0 1788888971 403275 2737858
1 27 2821230 0 1788888971 403464 2775057
2 14 2863415 0 1788888971 403632 2701038
0 28 2933215 0 1788888971 563560 2854026
1 28 2929153 0 1788888971 563655 2892641
3 14 2953653 0 1788888971 563787 2792405
0 29 3059957 0 1788888971 699868 2970699
1 29 3055438 0 1788888971 700175 3009585
2 15 3065761 0 1788888971 700612 2928532
1 30 3036143 0 1788888971 799773 3032163
0 30 3166390 0 1788888971 913741 2998257
2 16 3147065 0 1788888971 913901 3089034
3 15 3189728 0 1788888971 914052 2975325
0 31 3277947 0 1788888972 80276 3180910
1 31 3287945 0 1788888972 80623 3120910
2 17 3271914 0 1788888972 80742 3225478
0 32 3340585 0 1788888972 252705 3227030
1 32 3339398 0 1788888972 252868 3280652
3 16 3400944 0 1788888972 252981 3228024
0 33 3407805 0 1788888972 359129 3339414
1 33 3402691 0 1788888972 359531 3366322
2 18 3438173 0 1788888972 359772 3330931
0 34 3425623 0 1788888972 449199 3372187
1 34 3417842 0 1788888972 449343 3388523
3 17 3449089 0 1788888972 449501 3358529
0 35 3519850 0 1788888972 636748 3384966
1 35 3514157 0 1788888972 636884 3441305
2 19 3582202 0 1788888972 637026 3394174
0 36 3695689 0 1788888972 844471 3575603
1 36 3667392 0 1788888972 844596 3605980
3 18 3713407 0 1788888972 844705 3498305
0 37 3825919 0 1788888973 53912 3675185
1 37 3803626 0 1788888973 54196 3686081
2 20 3850133 0 1788888973 54362 3633344
0 38 3906425 0 1788888973 167968 3903124
1 38 3999415 0 1788888973 266887 3938744
2 21 3972876 0 1788888973 267069 3941570
3 19 4016366 0 1788888973 270201 3799900
0 39 4097651 0 1788888973 394937 3969398
1 39 4081754 0 1788888973 395214 3990240
2 22 4015419 0 1788888973 395626 3972357
0 40 4096302 0 1788888973 513950 4020349
1 40 4048821 0 1788888973 514067 4006976
3 20 4114242 0 1788888973 514212 3994786
0 41 4161328 0 1788888973 631500 4083080
1 41 4126910 0 1788888973 631673 4085998
2 23 4166915 0 1788888973 632514 4048183
0 42 4158095 0 1788888973 725815 4099431
1 42 4091598 0 1788888973 726070 4064262
3 21 4201117 0 1788888973 726691 4105705
0 43 4167775 0 1788888973 811827 4115455
1 43 4151194 0 1788888973 812016 4127125
2 24 4169303 0 1788888973 812171 4082703
0 44 4209866 0 1788888973 900513 4155167
1 44 4172457 0 1788888973 900892 4144271
3 22 4217790 0 1788888973 901051 4128377
0 45 4306403 0 1788888974 36229 4220061
1 45 4303081 0 1788888974 36469 4260958
2 25 4307121 0 1788888974 36608 4170654
0 46 4322929 0 1788888974 130295 4265273
1 46 4314081 0 1788888974 130496 4281649
3 23 4386244 0 1788888974 130703 4291590
0 47 4354725 0 1788888974 227887 4292140
1 47 4332366 0 1788888974 232572 4299108
2 26 4406329 0 1788888974 232750 4303668
0 48 4410934 0 1788888974 331891 4357224
1 48 4313482 0 1788888974 332086 4284631
3 24 4415926 0 1788888974 332202 4311406
0 49 4396955 0 1788888974 422580 4336915
1 49 4382147 0 1788888974 422750 4346536
2 27 4402626 0 1788888974 422901 4311426
0 50 4434777 0 1788888974 551396 4349821
1 50 4404780 0 1788888974 551576 4350415
3 25 4458516 0 1788888974 562701 4318174
0 51 4460000 0 1788888974 659558 4399158
1 51 4441493 0 1788888974 660538 4408448
2 28 4507619 0 1788888974 660645 4395468
0 52 4527637 0 1788888974 760601 4467732
1 52 4527131 0 1788888974 760841 4496077
3 26 4528712 0 1788888974 761225 4426632
0 53 4585677 0 1788888974 864545 4519014
1 53 4583729 0 1788888974 864892 4544993
2 29 4589262 0 1788888974 865315 4484222
0 54 4688192 0 1788888974 998608 4613108
1 54 4664066 0 1788888974 999138 4622407
3 27 4703779 0 1788888974 999487 4568364
0 55 4771078 0 1788888975 134323 4680731
1 55 4742007 0 1788888975 134545 4691579
2 30 4795424 0 1788888975 135811 4657740
0 56 4881465 0 1788888975 295567 4755166
1 56 4864534 0 1788888975 297256 4799285
3 28 4887256 0 1788888975 297553 4723792
0 57 4954232 0 1788888975 448747 4848825
1 57 4909300 0 1788888975 448947 4846506
2 31 4973934 0 1788888975 449330 4818100
0 58 4965327 0 1788888975 551936 4887619
1 58 4957425 0 1788888975 552115 4918616
3 29 5000617 0 1788888975 552262 4896833
0 59 4913534 0 1788888975 637840 4861062
1 59 4854004 0 1788888975 638122 4827870
2 32 4986493 0 1788888975 638797 4899414
0 60 4779015 0 1788888975 713566 4729438
1 60 4777670 0 1788888975 713764 4753129
3 30 4845501 0 1788888975 713870 4769277
0 61 4838441 0 1788888975 846115 4767868
1 61 4803711 0 1788888975 846408 4756643
2 33 4892751 0 1788888975 846630 4759367
0 62 4875129 0 1788888975 935891 4814956
1 62 4874218 0 1788888975 936007 4837769
3 31 4883031 0 1788888975 936148 4792818
0 63 4970235 0 1788888976 49006 4900109
1 63 4970113 0 1788888976 49129 4929263
2 34 4986279 0 1788888976 50215 4871750
0 64 5070727 0 1788888976 169063 5003096
1 64 5070299 0 1788888976 169293 5036710
3 32 5081844 0 1788888976 169436 4961312
0 65 5169274 0 1788888976 290798 5102149
1 65 5140855 0 1788888976 291139 5106778
2 35 5172939 0 1788888976 291354 5050399
0 66 5202224 0 1788888976 395648 5129728
1 66 5182188 0 1788888976 395831 5149413
3 33 5212380 0 1788888976 395974 5106789
0 67 5264362 0 1788888976 494955 5201258
1 67 5252686 0 1788888976 495140 5226678
2 36 5276030 0 1788888976 495293 5176162
0 68 5371863 0 1788888976 624577 5284511
1 68 5370777 0 1788888976 624741 5317087
3 34 5375160 0 1788888976 624948 5244973
0 69 5489211 0 1788888976 753766 5401791
1 69 5469423 0 1788888976 754472 5419018
2 37 5503770 0 1788888976 760169 5368024
3 35 5463192 0 1788888976 764507 5452181
