5 1 176040 0 1788909668 99578 172372
7 1 439011 0 1788909668 364341 433725
4 1 626268 0 1788909668 539345 107661
5 2 592785 0 1788909668 539493 525736
6 1 615530 0 1788909668 539613 273878
4 2 786095 0 1788909668 764420 635939
5 3 781473 0 1788909668 764888 693652
7 2 814299 0 1788909668 765071 588253
4 3 1004559 0 1788909668 994293 844710
5 4 994233 0 1788909668 994499 939738
6 2 1007356 0 1788909668 994664 776863
4 4 1164964 0 1788909669 179545 1041531
5 5 1162080 0 1788909669 180140 1094141
7 3 1174701 0 1788909669 180597 988102
4 5 1277927 0 1788909669 339891 1178408
5 6 1276147 0 1788909669 340143 1218558
6 3 1303302 0 1788909669 340366 1141261
4 6 1405111 0 1788909669 515791 1285086
5 7 1390354 0 1788909669 516036 1316193
7 4 1432245 0 1788909669 516243 1255656
4 7 1575626 0 1788909669 748755 1415501
5 8 1590428 0 1788909669 765008 1487766
6 4 1619630 0 1788909669 765577 1366502
4 8 1835521 0 1788909670 83920 1651785
5 9 1833557 0 1788909670 84074 1746132
7 5 1844495 0 1788909670 84180 1508841
4 9 2104807 0 1788909670 382973 1886633
5 10 2101421 0 1788909670 391109 1963222
6 5 2150973 0 1788909670 405738 1829018
4 10 2306099 0 1788909670 654993 2143011
5 11 2295673 0 1788909670 655550 2211416
7 6 2342215 0 1788909670 656143 2017998
4 11 2481226 0 1788909670 918115 2317539
5 12 2473772 0 1788909670 918294 2386624
6 6 2536886 0 1788909670 918479 2272812
4 12 2614728 0 1788909671 160524 2438525
5 13 2602441 0 1788909671 160974 2510027
7 7 2622199 0 1788909671 161093 2378985
4 13 2852710 0 1788909671 450470 2656943
5 14 2849079 0 1788909671 451508 2759139
6 7 2855712 0 1788909671 451638 2564373
4 14 3032426 0 1788909671 643706 2900966
5 15 3029983 0 1788909671 643842 2948703
7 8 3038613 0 1788909671 643941 2844469
4 15 3260644 0 1788909671 901866 3110927
5 16 3221131 0 1788909671 902011 3142643
6 8 3282212 0 1788909671 902180 3023469
4 16 3473415 0 1788909672 203408 3264901
5 17 3461864 0 1788909672 203644 3366190
7 9 3495980 0 1788909672 203812 3193720
4 17 3607964 0 1788909672 404935 3488131
5 18 3603886 0 1788909672 405197 3540929
6 9 3669752 0 1788909672 429551 3443344
4 18 3877052 0 1788909672 757410 3668337
5 19 3828544 0 1788909672 757580 3733931
7 10 3912419 0 1788909672 768476 3548606
4 19 4075378 0 1788909673 12100 3941062
5 20 4053295 0 1788909673 12309 3999033
6 10 4081330 0 1788909673 12454 3826031
4 20 4081716 0 1788909673 87605 4072770
5 21 4207925 0 1788909673 244287 4098922
6 11 4192931 0 1788909673 244429 4132500
7 11 4254363 0 1788909673 244548 4021690
4 21 4384212 0 1788909673 452155 4176110
5 22 4371927 0 1788909673 452388 4213968
6 12 4370709 0 1788909673 460096 4287964
4 22 4530160 0 1788909673 679320 4385889
5 23 4525804 0 1788909673 679527 4458733
7 12 4581954 0 1788909673 679733 4354053
4 23 4692520 0 1788909673 866067 4582171
5 24 4647582 0 1788909673 866305 4592157
6 13 4705816 0 1788909673 866476 4518382
4 24 4820019 0 1788909674 51351 4702610
5 25 4807934 0 1788909674 51535 4749355
7 13 4822012 0 1788909674 51712 4636112
4 25 4918205 0 1788909674 196059 4829934
5 26 4889656 0 1788909674 196203 4840688
6 14 4951899 0 1788909674 197141 4805825
4 26 4973325 0 1788909674 329414 4881056
5 27 4951970 0 1788909674 329737 4913303
7 14 5022434 0 1788909674 329926 4888305
4 27 5061329 0 1788909674 449012 4983829
5 28 5045618 0 1788909674 449215 5007828
6 15 5069640 0 1788909674 449795 4948743
4 28 5127509 0 1788909674 599508 5032624
5 29 5117174 0 1788909674 599747 5075455
7 15 5132573 0 1788909674 599878 4980979
4 29 5253034 0 1788909674 743237 5157192
5 30 5233075 0 1788909674 746987 5187744
6 16 5258392 0 1788909674 747895 5109746
4 30 5351037 0 1788909674 892928 5259848
5 31 5345356 0 1788909674 893132 5293970
7 16 5360541 0 1788909674 893288 5209865
4 31 5458932 0 1788909675 36594 5367028
5 32 5441741 0 1788909675 36747 5396910
6 17 5488996 0 1788909675 36842 5344898
4 32 5591678 0 1788909675 208816 5481084
5 33 5581034 0 1788909675 209025 5521540
7 17 5592057 0 1788909675 209151 5419269
4 33 5773775 0 1788909675 417759 5631516
5 34 5763263 0 1788909675 417902 5680029
6 18 5784297 0 1788909675 418069 5574764
4 34 5860074 0 1788909675 586384 5747340
5 35 5860207 0 1788909675 586664 5797910
7 18 5871483 0 1788909675 587035 5698513
4 35 6036883 0 1788909675 798882 5884238
5 36 6014276 0 1788909675 799045 5921699
6 19 6056686 0 1788909675 799504 5843336
4 36 6190711 0 1788909675 986317 6174473
5 37 6759456 0 1788909676 566232 6389391
6 20 6753460 0 1788909676 566944 6548393
7 19 6777642 0 1788909676 567322 6007674
4 37 7141013 0 1788909676 978872 6712726
5 38 7134730 0 1788909676 979090 6918581
6 21 7135591 0 1788909676 981154 7043249
4 38 7307750 0 1788909677 182144 7190088
5 39 7273073 0 1788909677 182341 7211488
7 20 7329082 0 1788909677 182495 7124967
4 39 7484995 0 1788909677 409022 7341128
5 40 7478581 0 1788909677 409271 7416159
6 22 7495131 0 1788909677 409450 7267525
4 40 7652327 0 1788909677 630005 7498395
5 41 7643147 0 1788909677 630212 7578991
7 21 7684816 0 1788909677 630400 7463190
4 41 7742940 0 1788909677 763510 7678101
6 23 7747195 0 1788909677 763768 7613128
5 42 7720777 0 1788909677 771660 7712277
