4 1 373692 0 1788909657 617934 107670
5 1 364671 0 1788909657 619374 185588
6 1 364752 0 1788909657 620000 297058
4 2 578111 0 1788909657 855984 453185
5 2 574218 0 1788909657 856155 515738
7 1 600125 0 1788909657 856620 361274
4 3 736187 0 1788909658 50768 601091
5 3 732607 0 1788909658 51080 667709
6 2 741963 0 1788909658 51453 545341
4 4 942389 0 1788909658 273820 800150
5 4 937563 0 1788909658 274624 859416
7 2 955204 0 1788909658 276102 729560
4 5 1075893 0 1788909658 425117 984163
5 5 1063028 0 1788909658 431257 1013503
6 3 1087431 0 1788909658 433177 926685
4 6 1224381 0 1788909658 619542 1097512
5 6 1204625 0 1788909658 619788 1126788
7 3 1226780 0 1788909658 619910 1031447
4 7 1359280 0 1788909658 816128 1229348
5 7 1342349 0 1788909658 819461 1279131
6 4 1377833 0 1788909658 819678 1164028
4 8 1526180 0 1788909659 31925 1398424
5 8 1461258 0 1788909659 32108 1415890
7 4 1527987 0 1788909659 32280 1311583
4 9 1562583 0 1788909659 144265 1486566
5 9 1558775 0 1788909659 144705 1523765
6 5 1565367 0 1788909659 144930 1452133
4 10 1641523 0 1788909659 262376 1562542
5 10 1619129 0 1788909659 264222 1575325
7 5 1656621 0 1788909659 265952 1534670
4 11 1720320 0 1788909659 411362 1624922
5 11 1698861 0 1788909659 411620 1653127
6 6 1731699 0 1788909659 411759 1582039
4 12 1737385 0 1788909659 513072 1674824
5 12 1643249 0 1788909659 513307 1611355
7 6 1745484 0 1788909659 513537 1642970
4 13 1721071 0 1788909659 610770 1658676
5 13 1684391 0 1788909659 611482 1652902
6 7 1735174 0 1788909659 612135 1635905
4 14 1800843 0 1788909659 734437 1718718
5 14 1798746 0 1788909659 735238 1754405
7 7 1806505 0 1788909659 735429 1681344
4 15 1915951 0 1788909659 860975 1839368
5 15 1910067 0 1788909659 861201 1872325
6 8 1918964 0 1788909659 861409 1790836
4 16 1978604 0 1788909659 990649 1892487
5 16 1951838 0 1788909659 990835 1900325
7 8 2018572 0 1788909659 990960 1888342
4 17 2111069 0 1788909660 184013 1971875
5 17 2093397 0 1788909660 184362 2019072
6 9 2123322 0 1788909660 184480 1929237
4 18 2251757 0 1788909660 384233 2115025
5 18 2198187 0 1788909660 385409 2129871
7 9 2257405 0 1788909660 385540 2048892
4 19 2262335 0 1788909660 522536 2167486
5 19 2260527 0 1788909660 522815 2213462
6 10 2311476 0 1788909660 522999 2171251
4 20 2413934 0 1788909660 704113 2294595
5 20 2382941 0 1788909660 704291 2309350
7 10 2436580 0 1788909660 704466 2254368
7 11 2480334 0 1788909660 879443 2466884
4 21 2670333 0 1788909661 37860 2384775
5 21 2660793 0 1788909661 43457 2426121
6 11 2706605 0 1788909661 43658 2366811
4 22 2887013 0 1788909661 307565 2720978
5 22 2923663 0 1788909661 352607 2785083
7 12 2941127 0 1788909661 352754 2625079
4 23 3131544 0 1788909661 616431 2934024
5 23 3124737 0 1788909661 616562 3011634
6 12 3136347 0 1788909661 616671 2818392
4 24 3289172 0 1788909661 839060 3257987
5 24 3504747 0 1788909662 65612 3336450
6 13 3503250 0 1788909662 65747 3400213
7 13 3561189 0 1788909662 65901 3111429
4 25 3617455 0 1788909662 192222 3490590
5 25 3615965 0 1788909662 192373 3532150
6 14 3583447 0 1788909662 192466 3540282
4 26 3667714 0 1788909662 306370 3594923
5 26 3619377 0 1788909662 306630 3581989
7 14 3669041 0 1788909662 306753 3553844
4 27 3705940 0 1788909662 417261 3634949
5 27 3698820 0 1788909662 417668 3660387
6 15 3708842 0 1788909662 417774 3597173
4 28 3842965 0 1788909662 641434 3672800
5 28 3838403 0 1788909662 641567 3767751
7 15 3906987 0 1788909662 641750 3682244
4 29 3972014 0 1788909662 792682 3885302
5 29 3971532 0 1788909662 792899 3925923
6 16 3979278 0 1788909662 793016 3827172
4 30 4093740 0 1788909662 957652 3988229
5 30 4094186 0 1788909662 967243 4021865
7 16 4122292 0 1788909662 967368 3947349
4 31 4242162 0 1788909663 121173 4140882
5 31 4212594 0 1788909663 121422 4157693
6 17 4242672 0 1788909663 121614 4078526
4 32 4281530 0 1788909663 229790 4209772
5 32 4281950 0 1788909663 230253 4245425
7 17 4304357 0 1788909663 230527 4194733
4 33 4416839 0 1788909663 381777 4314550
5 33 4409114 0 1788909663 384263 4355418
6 18 4425276 0 1788909663 384432 4270391
4 34 4474929 0 1788909663 521646 4386639
5 34 4466099 0 1788909663 523574 4419469
7 18 4537973 0 1788909663 523778 4395511
4 35 4666761 0 1788909663 740744 4529311
5 35 4650900 0 1788909663 744065 4577262
6 19 4694008 0 1788909663 751630 4461005
4 36 4863781 0 1788909663 984626 4708860
5 36 4858097 0 1788909663 984868 4790161
7 19 4869109 0 1788909663 985043 4624547
4 37 5083846 0 1788909664 228495 4938137
5 37 5059631 0 1788909664 228655 4987708
6 20 5091142 0 1788909664 229084 4846443
4 38 5235480 0 1788909664 412208 5127962
5 38 5227772 0 1788909664 412350 5166429
7 20 5242310 0 1788909664 417835 5052700
4 39 5370672 0 1788909664 611106 5213594
5 39 5365932 0 1788909664 611416 5280509
6 21 5406100 0 1788909664 611659 5206218
4 40 5645808 0 1788909664 907663 5424732
5 40 5631180 0 1788909664 907929 5510590
7 21 5652925 0 1788909664 908116 5352504
4 41 5900626 0 1788909665 218856 5697562
5 41 5871532 0 1788909665 219270 5783975
6 22 5911046 0 1788909665 219889 5598495
4 42 6150685 0 1788909665 532732 5940597
5 42 6151451 0 1788909665 535554 6025189
7 22 6212169 0 1788909665 563905 5866877
4 43 6439247 0 1788909665 846085 6262590
5 43 6434682 0 1788909665 846241 6322544
6 23 6456296 0 1788909665 846351 6142460
4 44 6649021 0 1788909666 133916 6487135
5 44 6640323 0 1788909666 134394 6545676
7 23 6700419 0 1788909666 134511 6411763
4 45 6939960 0 1788909666 457934 6729645
5 45 6890533 0 1788909666 458213 6793568
6 24 6954019 0 1788909666 458371 6626321
4 46 7081471 0 1788909666 758099 6914448
5 46 7067417 0 1788909666 758681 6976231
7 24 7149019 0 1788909666 758802 6847162
4 47 7273273 0 1788909667 45017 7094006
5 47 7265859 0 1788909667 45247 7187031
6 25 7327875 0 1788909667 45486 7034836
7 25 7362072 0 1788909667 151363 7255511
4 48 7347816 0 1788909667 165303 7331666
