0 1 198668 0 1788909614 239039 49545
1 1 189962 0 1788909614 246864 87709
2 1 189630 0 1788909614 247222 136374
0 2 405445 0 1788909614 482850 248230
1 2 377492 0 1788909614 483036 295459
3 1 415743 0 1788909614 490005 164639
0 3 478953 0 1788909614 641463 395012
1 3 459010 0 1788909614 641574 416108
2 2 522700 0 1788909614 641683 363676
0 4 639959 0 1788909614 840588 518768
1 4 631780 0 1788909614 840853 570554
3 2 645127 0 1788909614 840967 445426
0 5 843233 0 1788909615 75648 687741
1 5 842678 0 1788909615 81462 750341
2 3 877144 0 1788909615 94003 623500
0 6 1033499 0 1788909615 314160 891102
1 6 1012952 0 1788909615 317482 932410
3 3 1083871 0 1788909615 329165 830136
0 7 1096305 0 1788909615 520940 981922
1 7 1089960 0 1788909615 521746 1040868
2 4 1200375 0 1788909615 521891 992511
0 8 1175292 0 1788909615 633644 1103598
1 8 1131829 0 1788909615 634000 1094038
3 4 1177321 0 1788909615 634212 1063814
0 9 1227065 0 1788909615 746791 1147133
1 9 1215649 0 1788909615 746925 1172591
2 5 1228569 0 1788909615 747015 1114912
0 10 1380435 0 1788909615 967293 1279218
1 10 1358191 0 1788909615 967560 1307450
3 5 1412235 0 1788909615 967779 1191055
0 11 1464582 0 1788909616 114721 1380789
1 11 1459930 0 1788909616 114855 1422022
2 6 1468910 0 1788909616 115021 1320886
0 12 1569141 0 1788909616 242226 1484812
1 12 1521028 0 1788909616 243562 1475048
3 6 1586432 0 1788909616 244431 1456460
0 13 1518392 0 1788909616 342779 1458868
1 13 1485254 0 1788909616 342966 1456597
2 7 1547677 0 1788909616 343078 1446609
0 14 1553633 0 1788909616 442739 1486112
1 14 1553922 0 1788909616 443687 1514383
3 7 1571509 0 1788909616 443896 1470203
0 15 1577755 0 1788909616 572418 1483422
1 15 1577069 0 1788909616 572632 1517372
2 8 1622002 0 1788909616 572754 1491736
0 16 1694287 0 1788909616 737346 1591251
1 16 1686202 0 1788909616 737748 1635531
3 8 1717388 0 1788909616 738237 1551326
0 17 1784775 0 1788909616 866422 1709505
1 17 1774275 0 1788909616 866715 1732978
2 9 1811433 0 1788909616 866883 1681345
0 18 1848143 0 1788909616 993491 1757208
1 18 1755315 0 1788909616 994778 1706431
3 9 1879497 0 1788909616 994959 1750649
0 19 1866293 0 1788909617 143310 1767135
1 19 1860230 0 1788909617 143967 1812710
2 10 1903073 0 1788909617 144104 1752163
0 20 1953025 0 1788909617 274298 1873608
1 20 1934021 0 1788909617 275372 1888376
3 10 1988698 0 1788909617 275541 1855874
0 21 2050183 0 1788909617 436642 1955206
1 21 2018200 0 1788909617 436795 1972804
2 11 2062316 0 1788909617 437261 1899196
0 22 2067435 0 1788909617 548610 1996053
1 22 2034817 0 1788909617 549178 1991901
3 11 2111701 0 1788909617 551303 1996772
0 23 2123357 0 1788909617 662314 2049700
1 23 2112228 0 1788909617 662557 2074272
2 12 2143834 0 1788909617 662818 2029087
0 24 2176008 0 1788909617 776898 2102306
1 24 2145665 0 1788909617 777120 2105662
3 12 2212766 0 1788909617 777270 2097544
0 25 2183283 0 1788909617 876512 2115958
1 25 2181438 0 1788909617 876788 2145539
2 13 2209433 0 1788909617 876965 2109146
0 26 2269512 0 1788909617 994132 2188400
1 26 2265752 0 1788909617 994456 2223087
3 13 2285027 0 1788909617 995356 2165993
0 27 2365031 0 1788909618 160051 2245471
1 27 2350341 0 1788909618 161465 2272994
2 14 2392759 0 1788909618 161865 2224752
0 28 2491340 0 1788909618 350574 2373678
1 28 2487447 0 1788909618 350838 2428174
3 14 2512013 0 1788909618 351037 2312097
0 29 2727136 0 1788909618 595937 2565297
1 29 2722572 0 1788909618 596197 2630513
2 15 2732584 0 1788909618 596324 2486374
0 30 2865412 0 1788909618 841651 2706533
1 30 2849394 0 1788909618 841913 2764276
3 15 2888901 0 1788909618 842114 2642425
0 31 3074847 0 1788909619 96415 2906012
1 31 3065428 0 1788909619 96647 2977941
2 16 3101036 0 1788909619 96760 2845632
0 32 3259979 0 1788909619 340905 3098687
1 32 3200024 0 1788909619 341033 3120595
3 16 3303491 0 1788909619 341208 3058457
0 33 3426426 0 1788909619 576913 3256569
1 33 3396940 0 1788909619 577153 3303008
2 17 3435270 0 1788909619 577628 3198290
0 34 3598996 0 1788909619 828298 3451911
1 34 3575974 0 1788909619 828439 3489747
3 17 3657079 0 1788909619 842832 3390862
0 35 3842409 0 1788909620 126122 3657938
1 35 3780602 0 1788909620 126389 3715071
2 18 3866128 0 1788909620 126518 3567716
0 36 4150414 0 1788909620 510601 3883972
1 36 4137364 0 1788909620 515034 3990885
3 18 4174939 0 1788909620 526554 3774234
1 37 4268079 0 1788909620 724961 4262899
0 37 4584599 0 1788909621 17717 4191314
2 19 4611859 0 1788909621 17953 4102132
3 19 4538627 0 1788909621 18087 4408853
0 38 4873910 0 1788909621 364343 4683249
1 38 4881769 0 1788909621 364493 4534408
2 20 4868307 0 1788909621 364668 4751211
0 39 5192837 0 1788909621 719012 4971612
1 39 5176798 0 1788909621 719147 5093010
3 20 5196229 0 1788909621 719312 4841037
0 40 5439588 0 1788909622 68447 5254882
1 40 5428176 0 1788909622 74713 5316097
2 21 5465825 0 1788909622 74920 5109707
0 41 5691666 0 1788909622 386153 5502288
1 41 5687375 0 1788909622 386436 5609646
3 21 5692498 0 1788909622 386633 5373901
0 42 5837593 0 1788909622 592057 5699631
1 42 5795607 0 1788909622 592216 5738284
2 22 5861023 0 1788909622 594676 5652129
0 43 5982009 0 1788909622 853766 5808798
1 43 5981241 0 1788909622 854181 5891049
3 22 5991381 0 1788909622 854742 5728453
0 44 6093471 0 1788909623 5621 6019486
1 44 6086258 0 1788909623 5793 6049597
2 23 6116756 0 1788909623 6466 5963316
0 45 6306129 0 1788909623 264506 6168994
1 45 6306748 0 1788909623 265463 6236964
3 23 6308766 0 1788909623 266091 6048064
0 46 6553915 0 1788909623 527263 6360611
1 46 6491242 0 1788909623 527498 6404677
2 24 6565343 0 1788909623 527620 6302011
0 47 6949139 0 1788909624 4449 6608548
1 47 6922101 0 1788909624 24151 6737075
3 24 6991141 0 1788909624 36446 6481699
2 25 6907906 0 1788909624 37001 6862487
