0 1 211052 0 1788909508 568062 54912
1 1 202509 0 1788909508 576051 91279
2 1 216709 0 1788909508 590940 140381
0 2 403946 0 1788909508 797990 266269
1 2 376081 0 1788909508 798264 298379
3 1 407475 0 1788909508 798376 176873
0 3 589636 0 1788909509 68785 433641
1 3 569862 0 1788909509 69066 491155
2 2 633670 0 1788909509 69292 353056
0 4 778523 0 1788909509 295791 621445
1 4 770331 0 1788909509 296042 692195
3 2 783712 0 1788909509 296191 555033
0 5 1037753 0 1788909509 586808 848466
1 5 1031600 0 1788909509 587019 925205
2 3 1056396 0 1788909509 589895 762023
0 6 1244364 0 1788909509 841663 1079332
1 6 1251871 0 1788909509 873041 1139372
3 3 1332575 0 1788909509 894509 1024570
0 7 1391260 0 1788909510 132533 1235520
1 7 1384356 0 1788909510 132782 1307615
2 4 1494846 0 1788909510 133000 1203148
0 8 1587758 0 1788909510 362750 1465050
1 8 1544066 0 1788909510 362876 1485417
3 4 1601283 0 1788909510 374812 1358674
0 9 1789748 0 1788909510 626114 1658229
1 9 1778446 0 1788909510 626360 1708913
2 5 1791510 0 1788909510 626594 1527297
0 10 1970837 0 1788909510 874333 1808525
1 10 1949867 0 1788909510 875875 1855728
3 5 2004052 0 1788909510 876236 1753673
0 11 2174685 0 1788909511 141463 1996521
1 11 2171390 0 1788909511 142954 2067852
2 6 2180330 0 1788909511 143080 1911021
0 12 2400370 0 1788909511 390094 2259768
1 12 2351079 0 1788909511 390253 2276524
3 6 2415841 0 1788909511 390479 2162755
0 13 2588402 0 1788909511 729429 2380438
1 13 2555766 0 1788909511 730117 2430365
2 7 2618561 0 1788909511 730600 2277768
0 14 3064189 0 1788909512 269934 2684814
1 14 3174880 0 1788909512 381284 2801255
3 7 3192481 0 1788909512 381506 2529334
0 15 3620506 0 1788909512 931809 3323659
1 15 3619821 0 1788909512 932023 3504023
2 8 3664751 0 1788909512 932142 2998954
0 16 4013200 0 1788909513 372899 3770367
1 16 4005369 0 1788909513 373554 3869528
3 8 4036193 0 1788909513 373681 3593992
0 17 4239849 0 1788909513 638135 4088050
1 17 4229476 0 1788909513 638555 4151916
2 9 4266762 0 1788909513 638852 4000571
0 18 4405358 0 1788909513 867345 4251659
1 18 4319008 0 1788909513 875110 4251214
3 9 4443247 0 1788909513 875347 4204684
0 19 4513101 0 1788909514 106757 4375859
1 19 4506580 0 1788909514 106955 4436066
2 10 4549513 0 1788909514 107184 4309430
0 20 4955747 0 1788909514 593660 4703479
1 20 4936536 0 1788909514 594526 4815432
3 10 4991235 0 1788909514 594718 4503068
0 21 5385027 0 1788909515 88125 5095157
1 21 5353033 0 1788909515 88268 5263688
2 11 5396785 0 1788909515 88369 4899772
0 22 5573106 0 1788909515 370919 5389623
1 22 5540101 0 1788909515 371101 5445018
3 11 5616373 0 1788909515 372614 5331652
0 23 5838384 0 1788909515 693980 5621081
1 23 5827211 0 1788909515 694179 5721476
2 12 5858688 0 1788909515 694310 5535024
0 24 6138167 0 1788909516 55696 5909920
1 24 6107724 0 1788909516 55819 6000666
3 12 6176207 0 1788909516 57349 5812431
0 25 6380014 0 1788909516 389882 6154008
1 25 6378035 0 1788909516 390023 6276583
2 13 6406028 0 1788909516 390200 6071350
0 26 6599881 0 1788909516 641140 6445720
1 26 6595980 0 1788909516 641323 6512316
3 13 6616553 0 1788909516 643518 6362637
0 27 6910432 0 1788909517 22090 6619062
1 27 6894643 0 1788909517 22406 6758369
2 14 6937172 0 1788909517 22918 6555160
0 28 7255449 0 1788909517 431322 7026766
1 28 7252563 0 1788909517 432592 7122077
3 14 7290733 0 1788909517 446395 6866262
0 29 7436955 0 1788909517 622394 7334569
1 29 7432365 0 1788909517 622629 7380844
2 15 7442381 0 1788909517 622760 7250730
0 30 7520224 0 1788909517 813103 7398112
1 30 7504209 0 1788909517 813366 7438147
3 15 7543703 0 1788909517 813556 7352238
0 31 7634707 0 1788909517 972913 7527780
1 31 7625292 0 1788909517 973150 7571310
2 16 7660999 0 1788909517 973362 7500456
0 32 7760531 0 1788909518 158096 7641425
1 32 7700706 0 1788909518 158355 7640213
3 16 7804163 0 1788909518 158518 7618298
0 33 7900878 0 1788909518 368004 7734445
1 33 7871332 0 1788909518 368184 7777489
2 17 7909386 0 1788909518 368383 7698536
3 17 7878025 0 1788909518 380393 7865349
