0 1 533106 0 1788909647 84127 162286
1 1 548193 0 1788909647 115746 276333
2 1 547661 0 1788909647 115903 381722
0 2 807330 0 1788909647 395386 629902
1 2 779469 0 1788909647 395663 680725
3 1 810914 0 1788909647 395825 498890
0 3 937782 0 1788909647 610941 785376
1 3 917978 0 1788909647 611192 842942
2 2 981794 0 1788909647 611428 760713
0 4 1088077 0 1788909647 799356 968891
1 4 1083331 0 1788909647 803053 1019828
3 2 1096860 0 1788909647 803350 904159
0 5 1204884 0 1788909647 947950 1116736
1 5 1198730 0 1788909647 948160 1153036
2 3 1223944 0 1788909647 951454 1070533
0 6 1310094 0 1788909648 101404 1199433
1 6 1286540 0 1788909648 101720 1224398
3 3 1346146 0 1788909648 102091 1191779
0 7 1325331 0 1788909648 260615 1219992
1 7 1318562 0 1788909648 260999 1257282
2 4 1428946 0 1788909648 261112 1266699
0 8 1419136 0 1788909648 388138 1340525
1 8 1375666 0 1788909648 388487 1333737
3 4 1421152 0 1788909648 388692 1292489
0 9 1501039 0 1788909648 531415 1405991
1 9 1489701 0 1788909648 531626 1433653
2 5 1502723 0 1788909648 531819 1358785
0 10 1591142 0 1788909648 688649 1498386
1 10 1568822 0 1788909648 688842 1522351
3 5 1622795 0 1788909648 688989 1459263
0 11 1658714 0 1788909648 819503 1585956
1 11 1654166 0 1788909648 819741 1618943
2 6 1663266 0 1788909648 820027 1531664
0 12 1743136 0 1788909648 926871 1674241
1 12 1694479 0 1788909648 927664 1659508
3 6 1759816 0 1788909648 928465 1650434
0 13 1712867 0 1788909649 47904 1630048
1 13 1680137 0 1788909649 48499 1637604
2 7 1742603 0 1788909649 48654 1620436
0 14 1762338 0 1788909649 162093 1689645
1 14 1762121 0 1788909649 162535 1726299
3 7 1779679 0 1788909649 162715 1664663
0 15 1763175 0 1788909649 268488 1689473
1 15 1762414 0 1788909649 268626 1728380
2 8 1807608 0 1788909649 269010 1700438
0 16 1824021 0 1788909649 377730 1752092
1 16 1815770 0 1788909649 377965 1776035
3 8 1847069 0 1788909649 378568 1736763
0 17 1942517 0 1788909649 534815 1851216
1 17 1932648 0 1788909649 535738 1882749
2 9 1973206 0 1788909649 539306 1807574
0 18 2005263 0 1788909649 661261 1926082
1 18 1912407 0 1788909649 662519 1871249
3 9 2036517 0 1788909649 662628 1908456
0 19 2128210 0 1788909649 915876 1934874
1 19 2125090 0 1788909649 919477 2045308
2 10 2168148 0 1788909649 919829 1909083
0 20 2363496 0 1788909650 195420 2170825
1 20 2344129 0 1788909650 196130 2235649
3 10 2398982 0 1788909650 196475 2118061
0 21 2583359 0 1788909650 480468 2404805
1 21 2551464 0 1788909650 480709 2470489
2 11 2595251 0 1788909650 480847 2298151
0 22 2802619 0 1788909650 794443 2575716
1 22 2796741 0 1788909650 821753 2656457
3 11 2871930 0 1788909650 822182 2529850
1 23 3167395 0 1788909651 228374 3162885
0 23 3438127 0 1788909651 487733 2923436
2 12 3458282 0 1788909651 487915 2764610
3 12 3413999 0 1788909651 489152 3308950
0 24 3652390 0 1788909651 794496 3434803
1 24 3683167 0 1788909651 794707 3375272
2 13 3616679 0 1788909651 794861 3487141
0 25 3876552 0 1788909652 82551 3677037
1 25 3861720 0 1788909652 82697 3747076
3 13 3879251 0 1788909652 83130 3590389
0 26 4143589 0 1788909652 382944 3971233
1 26 4115921 0 1788909652 395677 4016100
2 14 4166662 0 1788909652 401932 3846995
0 27 4253848 0 1788909652 575621 4160706
1 27 4229830 0 1788909652 579504 4178519
3 14 4274027 0 1788909652 579696 4076874
0 28 4367150 0 1788909652 741190 4256411
1 28 4367002 0 1788909652 741392 4308254
2 15 4372003 0 1788909652 741887 4202976
0 29 4573765 0 1788909652 958040 4425105
1 29 4494384 0 1788909652 958248 4402559
3 15 4578975 0 1788909652 958425 4361582
0 30 4759260 0 1788909653 262428 4547687
1 30 4763078 0 1788909653 269453 4644261
2 16 4788640 0 1788909653 275529 4470926
0 31 4947506 0 1788909653 489374 4822926
1 31 4941161 0 1788909653 489527 4884568
3 16 4957424 0 1788909653 489642 4729874
0 32 5059886 0 1788909653 711545 4907889
1 32 5058810 0 1788909653 711818 4971368
2 17 5120778 0 1788909653 712354 4896365
0 33 5256009 0 1788909653 946872 5100844
1 33 5250685 0 1788909653 947064 5158341
3 17 5287380 0 1788909653 948517 5050186
0 34 5430719 0 1788909654 193834 5287840
1 34 5423039 0 1788909654 194078 5346972
2 18 5458453 0 1788909654 198405 5206729
0 35 5567928 0 1788909654 424365 5396317
1 35 5562330 0 1788909654 424595 5482990
3 18 5630417 0 1788909654 424780 5399215
0 36 5843077 0 1788909654 731397 5612687
1 36 5818878 0 1788909654 735622 5688838
2 19 5865005 0 1788909654 735842 5553262
0 37 5970891 0 1788909654 938422 5842893
1 37 5948702 0 1788909654 938812 5887657
3 19 5995164 0 1788909654 938932 5787345
0 38 6166678 0 1788909655 167761 6032943
1 38 6160977 0 1788909655 167988 6090961
2 20 6178924 0 1788909655 172298 5944604
0 39 6316618 0 1788909655 353443 6209737
1 39 6302261 0 1788909655 355260 6249073
3 20 6321693 0 1788909655 355426 6133768
0 40 6455448 0 1788909655 594958 6291044
1 40 6438874 0 1788909655 596061 6370716
2 21 6477081 0 1788909655 596826 6233486
0 41 6653499 0 1788909655 858637 6498167
1 41 6649467 0 1788909655 859178 6572633
3 21 6654540 0 1788909655 859326 6386629
0 42 6918873 0 1788909656 183988 6674442
1 42 6877186 0 1788909656 184445 6762014
2 22 6940506 0 1788909656 184808 6614048
1 43 6979680 0 1788909656 363270 6964548
0 43 6997930 0 1788909656 380337 6899990
3 22 7006860 0 1788909656 380871 6795734
