0 1 415505 0 1788909678 590990 114805
1 1 401832 0 1788909678 593847 189073
2 1 402494 0 1788909678 595200 288560
0 2 624196 0 1788909678 836714 451151
1 2 596287 0 1788909678 836944 517872
3 1 629921 0 1788909678 839295 381323
0 3 856703 0 1788909679 154326 647958
1 3 837258 0 1788909679 154936 701423
2 2 901764 0 1788909679 155861 580113
0 4 1077506 0 1788909679 413248 932281
1 4 1069223 0 1788909679 413409 1000664
3 2 1082643 0 1788909679 413598 810517
0 5 1297046 0 1788909679 664574 1123067
1 5 1290827 0 1788909679 664720 1192246
2 3 1313896 0 1788909679 665869 1060410
0 6 1530081 0 1788909679 945854 1379880
1 6 1506427 0 1788909679 946070 1412504
3 3 1565758 0 1788909679 946165 1284027
0 7 1477387 0 1788909680 37134 1473933
1 7 1826412 0 1788909680 393312 1572199
2 4 1936908 0 1788909680 393536 1487968
3 4 1801699 0 1788909680 393702 1725298
0 8 2074260 0 1788909680 667725 1798366
1 8 2030575 0 1788909680 667859 1827181
2 5 2014394 0 1788909680 667952 1886000
0 9 2379093 0 1788909681 45482 2141169
1 9 2355001 0 1788909681 45659 2248276
3 5 2404590 0 1788909681 59430 2012153
0 10 2643894 0 1788909681 388376 2448569
1 10 2607354 0 1788909681 388579 2542407
2 6 2676632 0 1788909681 398603 2322964
0 11 2820007 0 1788909681 610046 2671205
1 11 2817127 0 1788909681 610239 2738508
3 6 2825103 0 1788909681 610355 2602856
0 12 2983228 0 1788909681 840875 2848779
1 12 2910624 0 1788909681 841137 2827945
2 7 3033066 0 1788909681 841265 2801613
0 13 3059481 0 1788909682 52307 2901489
1 13 3045000 0 1788909682 52499 2948084
3 7 3100706 0 1788909682 60206 2881123
0 14 3280374 0 1788909682 305251 3111801
1 14 3220330 0 1788909682 306195 3142032
2 8 3282117 0 1788909682 306336 3027829
0 15 3402821 0 1788909682 533496 3231135
1 15 3377712 0 1788909682 533674 3310694
3 8 3404479 0 1788909682 534256 3173839
0 16 3537571 0 1788909682 724229 3411197
1 16 3533913 0 1788909682 724476 3470131
2 9 3546478 0 1788909682 724650 3355046
0 17 3684809 0 1788909682 912362 3573857
1 17 3661972 0 1788909682 912547 3602869
3 9 3703960 0 1788909682 920721 3505261
0 18 3897449 0 1788909683 272025 3619394
1 18 3896024 0 1788909683 272169 3787417
2 10 3991815 0 1788909683 272276 3630064
0 19 4116201 0 1788909683 535050 3963135
1 19 4113502 0 1788909683 535458 4055007
3 10 4123612 0 1788909683 535741 3859658
0 20 4278273 0 1788909683 754738 4131864
1 20 4244833 0 1788909683 754891 4167177
2 11 4298602 0 1788909683 754988 4074764
0 21 4396147 0 1788909683 949856 4270045
1 21 4375553 0 1788909683 950269 4320243
3 11 4428875 0 1788909683 950447 4232884
0 22 4500143 0 1788909684 149617 4374239
1 22 4497350 0 1788909684 151447 4441188
2 12 4535322 0 1788909684 151609 4333278
0 23 4611518 0 1788909684 296960 4518668
1 23 4597534 0 1788909684 297150 4550473
3 12 4623208 0 1788909684 297277 4475223
0 24 4694767 0 1788909684 461336 4583103
1 24 4658914 0 1788909684 461559 4592577
2 13 4725739 0 1788909684 461742 4560636
0 25 4683176 0 1788909684 513638 4677436
1 25 4882659 0 1788909684 728098 4736880
2 14 4868589 0 1788909684 728322 4787932
3 13 4900247 0 1788909684 728589 4632175
0 26 5231255 0 1788909685 95072 4864032
1 26 5208337 0 1788909685 112557 4951817
2 15 5182637 0 1788909685 112769 5065074
0 27 5403289 0 1788909685 377426 5246556
1 27 5383301 0 1788909685 377647 5307699
3 14 5433197 0 1788909685 379433 5148635
0 28 5655829 0 1788909685 654682 5491920
1 28 5651032 0 1788909685 654945 5577273
2 16 5656888 0 1788909685 655391 5378050
0 29 5794777 0 1788909685 883104 5676426
1 29 5771865 0 1788909685 883217 5707982
3 15 5874596 0 1788909685 883334 5645682
0 30 5979477 0 1788909686 110314 5829309
1 30 5953834 0 1788909686 110515 5876504
2 17 5983039 0 1788909686 110670 5755270
0 31 6238315 0 1788909686 411145 6043232
1 31 6195268 0 1788909686 411308 6084996
3 16 6245342 0 1788909686 411673 5943777
0 32 6216904 0 1788909686 494375 6213134
1 32 6459434 0 1788909686 745034 6286604
2 18 6469041 0 1788909686 745163 6134368
3 17 6429936 0 1788909686 745263 6333783
2 19 6586367 0 1788909686 973949 6569487
0 33 6796409 0 1788909687 117251 6423773
1 33 6753017 0 1788909687 117431 6479688
3 18 6730551 0 1788909687 126054 6649691
0 34 6856705 0 1788909687 337605 6708820
1 34 6851063 0 1788909687 337792 6794351
2 20 6919088 0 1788909687 337914 6698081
0 35 7155648 0 1788909687 668431 6939566
1 35 7127629 0 1788909687 668835 7000674
3 19 7173956 0 1788909687 669257 6842032
0 36 7434003 0 1788909688 25997 7176032
1 36 7411583 0 1788909688 26155 7289011
2 21 7458725 0 1788909688 26956 7099953
0 37 7580491 0 1788909688 206036 7466962
3 20 7588431 0 1788909688 206269 7407854
1 37 7579385 0 1788909688 210859 7574229
