4 1 326583 0 1788909689 84039 63686
5 1 322458 0 1788909689 90375 117953
6 1 322141 0 1788909689 90603 179863
4 2 619473 0 1788909689 410561 404766
5 2 615529 0 1788909689 410681 492797
7 1 641104 0 1788909689 410813 298812
4 3 885709 0 1788909689 713504 668001
5 3 881951 0 1788909689 713638 780618
6 2 891043 0 1788909689 713747 587657
4 4 1249920 0 1788909690 94565 1035991
5 4 1245349 0 1788909690 95623 1102780
7 2 1274750 0 1788909690 108862 879222
4 5 1462996 0 1788909690 325435 1326069
5 5 1444188 0 1788909690 325631 1375189
6 3 1475802 0 1788909690 334763 1233981
4 6 1657158 0 1788909690 565534 1529047
5 6 1637286 0 1788909690 565663 1565133
7 3 1659431 0 1788909690 565774 1418811
4 7 1899172 0 1788909690 869234 1678413
5 7 1879705 0 1788909690 870031 1779927
6 4 1915923 0 1788909690 870983 1610301
4 8 2477049 0 1788909691 496009 1975812
5 8 2412622 0 1788909691 496686 2047784
7 4 2479524 0 1788909691 497031 1851459
4 9 2956380 0 1788909692 51276 2784817
5 9 2952284 0 1788909692 51428 2877892
6 5 2958768 0 1788909692 51545 2400895
4 10 3860599 0 1788909692 994666 3305300
5 10 3836772 0 1788909692 995080 3562423
7 5 3874551 0 1788909692 997096 2928452
4 11 4100962 0 1788909693 305219 3899124
5 11 4080250 0 1788909693 306222 3986323
6 6 4113833 0 1788909693 307106 3800716
4 12 4256159 0 1788909693 545060 4098751
5 12 4162885 0 1788909693 546157 4079189
7 6 4265097 0 1788909693 546364 4021422
4 13 4351139 0 1788909693 754051 4194426
5 13 4313967 0 1788909693 754272 4217892
6 7 4364422 0 1788909693 754598 4153925
4 14 4437879 0 1788909693 884687 4350657
5 14 4437576 0 1788909693 887283 4404094
7 7 4445486 0 1788909693 887624 4311636
4 15 4603753 0 1788909694 61992 4474126
5 15 4597869 0 1788909694 62216 4538025
6 8 4606791 0 1788909694 62450 4428797
4 16 4753111 0 1788909694 278369 4606650
5 16 4726309 0 1788909694 278520 4654558
7 8 4793574 0 1788909694 279176 4575822
4 17 4955843 0 1788909694 542001 4783192
5 17 4989343 0 1788909694 593522 4859017
6 9 5019565 0 1788909694 593937 4702014
4 18 5545757 0 1788909695 191448 5061117
5 18 5631431 0 1788909695 331868 5102402
7 9 5691061 0 1788909695 332410 4899302
4 19 6353081 0 1788909696 126496 5930441
5 19 6351156 0 1788909696 126659 6135681
6 10 6402255 0 1788909696 126992 5465956
4 20 7636562 0 1788909697 439956 6440288
5 20 7621466 0 1788909697 456030 7441847
7 10 7677371 0 1788909697 458472 6345135
4 21 8072137 0 1788909697 952877 7770042
5 21 8059677 0 1788909697 955555 7921792
6 11 8105476 0 1788909697 955743 7588810
4 22 8398107 0 1788909698 322947 8145281
5 22 8389387 0 1788909698 323153 8288798
7 11 8415698 0 1788909698 328020 8021187
4 23 8853710 0 1788909698 847248 8492110
6 12 8905231 0 1788909698 847390 8370864
5 23 8857830 0 1788909698 855932 8848871
