4 1 203248 0 1788909614 237291 63481
5 1 193975 0 1788909614 238478 92776
6 1 193642 0 1788909614 238691 144379
5 2 345138 0 1788909614 416877 318242
4 2 469479 0 1788909614 537153 239594
6 2 438285 0 1788909614 537576 378079
7 1 491471 0 1788909614 537768 190740
4 3 600665 0 1788909614 708940 479257
5 3 604762 0 1788909614 709143 432438
6 3 598647 0 1788909614 709347 527174
4 4 793411 0 1788909614 920273 660133
5 4 785076 0 1788909614 920624 712013
7 2 799574 0 1788909614 920806 587439
4 5 1011828 0 1788909615 169858 840718
5 5 998404 0 1788909615 181334 900829
6 4 1042643 0 1788909615 181669 780974
4 6 1213734 0 1788909615 418699 1045271
5 6 1187232 0 1788909615 418878 1111202
7 3 1234144 0 1788909615 419106 984633
4 7 1286768 0 1788909615 553682 1208476
5 7 1259797 0 1788909615 553892 1226973
6 5 1307887 0 1788909615 554539 1171831
4 8 1305563 0 1788909615 666214 1229069
5 8 1297154 0 1788909615 666518 1256140
7 4 1371137 0 1788909615 666684 1257891
4 9 1485868 0 1788909615 861601 1329818
5 9 1462748 0 1788909615 861880 1347178
6 6 1492062 0 1788909615 863544 1294480
4 10 1621972 0 1788909616 56867 1491854
5 10 1588207 0 1788909616 58067 1529171
7 5 1647940 0 1788909616 58593 1448297
4 11 1682079 0 1788909616 184639 1599199
5 11 1626972 0 1788909616 184826 1585776
6 7 1704307 0 1788909616 185150 1575516
4 12 1645687 0 1788909616 305546 1562936
5 12 1639048 0 1788909616 305811 1602694
7 6 1740495 0 1788909616 305983 1618885
4 13 1691285 0 1788909616 408177 1625092
5 13 1689595 0 1788909616 408320 1656492
6 8 1728981 0 1788909616 408480 1625803
4 14 1799265 0 1788909616 525558 1720231
5 14 1793663 0 1788909616 525910 1748967
7 7 1802682 0 1788909616 526077 1684531
4 15 1951327 0 1788909616 692261 1843716
5 15 1930280 0 1788909616 692468 1878151
6 9 1957888 0 1788909616 692713 1790115
4 16 2000479 0 1788909616 829278 1919876
5 16 1978655 0 1788909616 829615 1941787
7 8 2028028 0 1788909616 829873 1890167
4 17 2067600 0 1788909616 948365 1987000
5 17 2030612 0 1788909616 948548 1992403
6 10 2085960 0 1788909616 948706 1966239
4 18 2140938 0 1788909617 117962 2025738
5 18 2116876 0 1788909617 118200 2058325
7 9 2196044 0 1788909617 118321 2025863
4 19 2179830 0 1788909617 231919 2110726
5 19 2174398 0 1788909617 232085 2138682
6 11 2182230 0 1788909617 232232 2067728
4 20 2270517 0 1788909617 381669 2169276
5 20 2255084 0 1788909617 381938 2204302
7 10 2302083 0 1788909617 382063 2151735
4 21 2340876 0 1788909617 513341 2256454
5 21 2324655 0 1788909617 513564 2289696
6 12 2356466 0 1788909617 513794 2223378
4 22 2414864 0 1788909617 625217 2344785
5 22 2408575 0 1788909617 627320 2370439
7 11 2426423 0 1788909617 627850 2311679
4 23 2459322 0 1788909617 734011 2392092
5 23 2452885 0 1788909617 734512 2419385
6 13 2464663 0 1788909617 734788 2354451
4 24 2501367 0 1788909617 841056 2433825
5 24 2491261 0 1788909617 841927 2457659
7 12 2547543 0 1788909617 842055 2439276
4 25 2579450 0 1788909617 944018 2512391
5 25 2578040 0 1788909617 944248 2541783
6 14 2592062 0 1788909617 944360 2488470
4 26 2665423 0 1788909618 92936 2573835
5 26 2666270 0 1788909618 94727 2621041
7 13 2696109 0 1788909618 94929 2544916
4 27 2804978 0 1788909618 303711 2659998
5 27 2802793 0 1788909618 303914 2737174
6 15 2826987 0 1788909618 304041 2615634
4 28 2991683 0 1788909618 516246 2860724
5 28 2928418 0 1788909618 516688 2861554
7 14 3008424 0 1788909618 517073 2794815
4 29 3121594 0 1788909618 725133 2980603
5 29 3114913 0 1788909618 725382 3057295
6 16 3132652 0 1788909618 725618 2923006
4 30 3314778 0 1788909618 949655 3154292
5 30 3296126 0 1788909618 949839 3186004
7 15 3343060 0 1788909618 954228 3113693
4 31 3546787 0 1788909619 215530 3376417
5 31 3546963 0 1788909619 215775 3460024
6 17 3553194 0 1788909619 216051 3286564
4 32 3766075 0 1788909619 482046 3600213
5 32 3744140 0 1788909619 482200 3662647
7 16 3783680 0 1788909619 482308 3516635
4 33 3973488 0 1788909619 722445 3809712
5 33 3967923 0 1788909619 722661 3900958
6 18 3984757 0 1788909619 722861 3743635
4 34 4241058 0 1788909620 16664 4070173
5 34 4180637 0 1788909620 17156 4108392
7 17 4264371 0 1788909620 29321 3957243
4 35 4276473 0 1788909620 123896 4272695
5 35 4584336 0 1788909620 448120 4353208
6 19 4601060 0 1788909620 448336 4169092
7 18 4565485 0 1788909620 448450 4456634
4 36 4827072 0 1788909620 732808 4542065
5 36 4822309 0 1788909620 732956 4636134
6 20 4826561 0 1788909620 743133 4720448
4 37 5262462 0 1788909621 196911 4953385
5 37 5241243 0 1788909621 200068 5059271
7 19 5272526 0 1788909621 200268 4804794
4 38 5559102 0 1788909621 525630 5324793
5 38 5551403 0 1788909621 525783 5445993
6 21 5632032 0 1788909621 597358 5231332
5 39 5750720 0 1788909621 786006 5746959
4 39 5955625 0 1788909621 985859 5658072
6 22 5941574 0 1788909621 986567 5853478
7 20 5991682 0 1788909621 987042 5529969
6 23 6087966 0 1788909622 186610 6083635
4 40 6287990 0 1788909622 354541 6004347
5 40 6303472 0 1788909622 355128 5933563
7 21 6247333 0 1788909622 355364 6183887
4 41 6481914 0 1788909622 623451 6332762
5 41 6451729 0 1788909622 623577 6382651
6 24 6486153 0 1788909622 623692 6216623
4 42 6671236 0 1788909622 851094 6524494
5 42 6654715 0 1788909622 851353 6593032
7 22 6678126 0 1788909622 852029 6449369
4 43 6785747 0 1788909623 9639 6714828
5 43 6735311 0 1788909623 10007 6698985
6 25 6809259 0 1788909623 10619 6649349
4 44 7066573 0 1788909623 360726 6852413
5 44 7053516 0 1788909623 361291 6953417
7 23 7077738 0 1788909623 361610 6725018
4 45 7373934 0 1788909623 773518 7080594
5 45 7307236 0 1788909623 773664 7136672
6 26 7432195 0 1788909623 789676 7002773
7 24 7512280 0 1788909623 993344 7291932
4 46 7507315 0 1788909624 14727 7484058
