0 1 150464 0 1788909603 669162 35279
1 1 137328 0 1788909603 672557 57043
2 1 137534 0 1788909603 673454 99612
0 2 262330 0 1788909603 818063 153250
1 2 234351 0 1788909603 818222 168246
3 1 266365 0 1788909603 818954 116337
0 3 294910 0 1788909603 935746 223886
1 3 275098 0 1788909603 935989 240309
2 2 338812 0 1788909603 936122 220547
0 4 425830 0 1788909604 104787 303480
1 4 417663 0 1788909604 105062 341726
3 2 431363 0 1788909604 105531 261340
0 5 584820 0 1788909604 295562 464882
1 5 578638 0 1788909604 295745 532926
2 3 612540 0 1788909604 307726 409333
0 6 730791 0 1788909604 489778 604190
1 6 707066 0 1788909604 489923 650858
3 3 766433 0 1788909604 490054 570954
0 7 891857 0 1788909604 794818 707461
1 7 885075 0 1788909604 795189 806977
2 4 1003303 0 1788909604 803145 689730
0 8 1551613 0 1788909605 488293 1202017
1 8 1508226 0 1788909605 488724 1321769
3 4 1553936 0 1788909605 489153 859321
0 9 2028507 0 1788909606 26560 1726226
1 9 2017258 0 1788909606 26860 1800015
2 5 2030714 0 1788909606 27486 1491199
0 10 2894955 0 1788909606 960139 2400454
1 10 2872642 0 1788909606 960338 2763610
3 5 2926611 0 1788909606 960482 1991768
0 11 3129989 0 1788909607 258455 2948787
1 11 3125360 0 1788909607 258612 3036227
2 6 3134343 0 1788909607 258781 2835439
0 12 3330467 0 1788909607 481879 3194365
1 12 3281174 0 1788909607 482036 3215721
3 6 3345879 0 1788909607 482205 3121868
1 13 3381056 0 1788909607 717096 3354361
0 13 3686868 0 1788909607 989583 3276264
2 7 3716104 0 1788909607 989831 3207857
3 7 3639249 0 1788909607 989962 3529530
0 14 3976618 0 1788909608 344710 3735362
1 14 3977797 0 1788909608 345230 3621753
2 8 3916614 0 1788909608 345693 3812081
0 15 4171316 0 1788909608 645205 3995888
1 15 4146596 0 1788909608 645772 4047134
3 8 4173162 0 1788909608 646152 3871512
0 16 4464992 0 1788909608 994864 4262715
1 16 4461360 0 1788909608 995137 4325704
2 9 4473927 0 1788909608 995313 4122837
0 17 4740501 0 1788909609 311269 4548885
1 17 4717678 0 1788909609 311466 4621520
3 9 4752615 0 1788909609 312589 4434555
0 18 4970201 0 1788909609 687990 4762449
1 18 5000540 0 1788909609 719898 4859400
2 10 5096702 0 1788909609 720377 4687182
0 19 5199866 0 1788909609 961929 5077112
1 19 5197018 0 1788909609 962189 5134966
3 10 5211577 0 1788909609 966920 4932427
0 20 5329715 0 1788909610 149394 5220301
1 20 5296312 0 1788909610 149584 5240469
2 11 5350113 0 1788909610 149714 5162021
0 21 5464708 0 1788909610 361630 5311966
1 21 5443882 0 1788909610 361811 5379175
3 11 5497132 0 1788909610 361918 5284408
0 22 5582664 0 1788909610 575352 5448138
1 22 5582883 0 1788909610 580193 5506886
2 12 5620924 0 1788909610 580425 5401827
0 23 5795961 0 1788909610 824617 5630492
1 23 5783709 0 1788909610 826540 5706684
3 12 5816473 0 1788909610 833796 5557765
0 24 5936783 0 1788909611 46566 5785645
1 24 5900857 0 1788909611 46717 5817106
2 13 5967742 0 1788909611 46959 5739219
0 25 6090912 0 1788909611 264591 5960349
1 25 6076143 0 1788909611 264796 6014690
3 13 6093418 0 1788909611 264975 5874728
0 26 6362504 0 1788909611 569536 6135498
1 26 6322298 0 1788909611 569731 6183875
2 14 6410357 0 1788909611 613305 6061373
0 27 6440590 0 1788909611 730040 6436670
1 27 6749540 0 1788909612 66891 6510910
2 15 6729468 0 1788909612 67028 6604565
3 14 6793836 0 1788909612 67183 6295957
0 28 7012541 0 1788909612 354259 6713450
1 28 7012873 0 1788909612 354940 6842563
2 16 7007978 0 1788909612 355105 6921455
0 29 7247592 0 1788909612 679132 7061951
1 29 7224772 0 1788909612 679338 7124678
3 15 7327512 0 1788909612 679464 7001891
0 30 7429123 0 1788909612 903174 7283315
1 30 7404237 0 1788909612 904131 7331465
2 17 7433427 0 1788909612 904273 7195033
0 31 7602903 0 1788909613 118946 7464398
1 31 7559892 0 1788909613 119146 7485239
3 16 7612931 0 1788909613 122477 7393374
0 32 7696534 0 1788909613 317219 7575763
1 32 7702177 0 1788909613 330992 7628740
2 18 7716673 0 1788909613 336010 7496654
0 33 7935833 0 1788909613 599889 7729392
1 33 7892570 0 1788909613 600198 7762276
3 17 7942000 0 1788909613 600540 7657867
2 19 7873323 0 1788909613 604115 7868781
