0 1 412465 0 1788909689 176013 116584
1 1 397129 0 1788909689 177209 194463
2 1 396693 0 1788909689 177462 294085
0 2 588490 0 1788909689 389071 436572
1 2 560564 0 1788909689 389284 475826
3 1 592021 0 1788909689 389458 378313
0 3 867083 0 1788909689 752768 615945
1 3 847443 0 1788909689 753183 689149
2 2 911339 0 1788909689 753499 546789
0 4 1113691 0 1788909690 37496 925753
1 4 1105635 0 1788909690 37884 997686
3 2 1119190 0 1788909690 38207 832902
0 5 1389194 0 1788909690 344785 1212032
1 5 1382955 0 1788909690 344911 1294365
2 3 1415213 0 1788909690 355249 1092002
0 6 1560269 0 1788909690 564106 1428147
1 6 1536660 0 1788909690 564367 1465924
3 3 1596088 0 1788909690 564558 1376073
0 7 1681483 0 1788909690 829294 1503680
1 7 1674552 0 1788909690 829514 1564928
2 4 1784946 0 1788909690 829637 1519157
1 8 1869988 0 1788909691 95335 1852716
0 8 2673086 0 1788909691 854614 1796190
2 5 2613347 0 1788909691 854968 2176264
3 4 2675039 0 1788909691 855105 1647439
0 9 3073659 0 1788909692 328110 2684734
1 9 3087157 0 1788909692 330059 2607431
2 6 3070151 0 1788909692 348871 2740273
0 10 3689922 0 1788909693 22467 3169127
1 10 3653333 0 1788909693 22620 3326169
3 5 3712722 0 1788909693 22756 3017688
0 11 3881956 0 1788909693 260058 3730264
1 11 3879331 0 1788909693 260507 3807515
2 7 3893832 0 1788909693 267148 3648919
0 12 4044387 0 1788909693 490098 3896498
1 12 3971688 0 1788909693 490264 3919487
3 6 4094347 0 1788909693 490608 3863625
0 13 4154195 0 1788909693 735083 3968407
1 13 4139703 0 1788909693 735265 4054288
2 8 4188394 0 1788909693 735958 3942222
0 14 4285476 0 1788909693 898417 4176405
1 14 4224621 0 1788909693 898549 4158540
3 7 4286410 0 1788909693 898692 4122563
0 15 4360563 0 1788909694 79301 4244686
1 15 4335455 0 1788909694 79481 4273442
2 9 4361918 0 1788909694 79757 4179451
0 16 4507980 0 1788909694 282702 4364590
1 16 4504733 0 1788909694 283360 4418017
3 8 4520682 0 1788909694 286918 4312625
0 17 4726290 0 1788909694 541907 4557013
1 17 4703472 0 1788909694 542109 4589354
2 10 4752866 0 1788909694 557690 4477211
0 18 5692259 0 1788909695 654898 4810222
1 18 5690929 0 1788909695 655137 5086983
3 9 5786807 0 1788909695 655332 4672806
0 19 6190626 0 1788909696 197539 5941083
1 19 6191942 0 1788909696 201962 6025360
2 11 6201929 0 1788909696 202121 5654400
0 20 6296903 0 1788909696 361431 6282572
1 20 7061537 0 1788909697 159658 6573311
2 12 7050234 0 1788909697 159869 6803927
3 10 7115591 0 1788909697 160040 6150868
2 13 7433922 0 1788909697 638273 7427998
2 14 7710990 0 1788909697 953149 7688928
0 21 7969500 0 1788909698 111271 7017645
1 21 7960305 0 1788909698 123083 7246302
3 11 7885676 0 1788909698 123213 7540562
0 22 8593106 0 1788909698 866611 8048447
1 22 8583063 0 1788909698 870743 8182640
2 15 8608781 0 1788909698 870913 7848804
3 12 8607941 0 1788909698 932008 8541588
