0 1 641549 0 1788909636 324268 132739
1 1 633569 0 1788909636 332819 341634
2 1 633034 0 1788909636 332974 503341
1 2 809081 0 1788909636 556974 805098
0 2 1111646 0 1788909636 831399 700656
2 2 1070293 0 1788909636 831624 968768
3 1 1115135 0 1788909636 831745 607491
3 2 1475174 0 1788909637 318151 1441397
0 3 1720356 0 1788909637 545269 1207630
1 3 1740613 0 1788909637 545471 1022041
2 3 1707413 0 1788909637 545601 1302378
0 4 2233250 0 1788909638 92458 1894962
1 4 2229089 0 1788909638 103853 2066141
3 3 2252597 0 1788909638 104018 1682656
0 5 2568900 0 1788909638 456542 2338766
1 5 2536319 0 1788909638 459328 2425999
2 4 2578371 0 1788909638 459499 2209257
0 6 2853587 0 1788909638 817451 2584174
1 6 2751129 0 1788909638 818112 2594921
3 4 2877936 0 1788909638 824815 2508457
3 5 3366984 0 1788909639 511503 3340244
0 7 3586401 0 1788909639 685639 3045630
1 7 3585156 0 1788909639 685857 3258139
2 5 3611847 0 1788909639 685982 2741218
0 8 3814415 0 1788909639 976489 3617217
1 8 3803065 0 1788909639 976688 3720410
3 6 3817352 0 1788909639 978146 3524593
0 9 4022119 0 1788909640 251324 3852018
1 9 4008470 0 1788909640 260187 3920055
2 6 4062447 0 1788909640 260339 3778347
0 10 4186110 0 1788909640 478598 4167783
1 10 4633481 0 1788909640 930754 4326513
2 7 4630621 0 1788909640 930968 4499466
3 7 4646855 0 1788909640 935314 3962507
3 8 4873426 0 1788909641 340161 4869721
0 11 5130829 0 1788909641 446262 4615013
1 11 5081523 0 1788909641 446406 4710859
2 8 5008761 0 1788909641 446509 4755213
0 12 5237275 0 1788909641 752010 5017771
1 12 5232315 0 1788909641 763769 5100864
3 9 5263835 0 1788909641 763895 4945851
0 13 5432800 0 1788909642 25900 5268064
1 13 5389086 0 1788909642 26097 5308927
2 9 5494162 0 1788909642 26274 5219666
0 14 5560290 0 1788909642 223487 5432829
1 14 5538264 0 1788909642 223671 5479563
3 10 5586001 0 1788909642 223911 5387643
0 15 5699429 0 1788909642 397227 5585241
1 15 5673421 0 1788909642 397416 5615021
2 10 5703635 0 1788909642 397529 5529303
0 16 5882763 0 1788909642 640572 5722307
1 16 5853408 0 1788909642 641105 5777599
3 11 5909083 0 1788909642 643871 5662133
0 17 6042615 0 1788909642 925994 5827699
1 17 6006978 0 1788909642 926342 5883175
2 11 6057999 0 1788909642 939810 5758414
0 18 6354637 0 1788909643 283829 6101277
1 18 6320781 0 1788909643 284402 6172056
3 12 6408661 0 1788909643 334745 5999678
0 19 6745711 0 1788909643 763004 6461024
1 19 6734369 0 1788909643 763176 6548538
2 12 6779596 0 1788909643 763296 6299778
0 20 7096778 0 1788909644 178728 6810094
1 20 7067793 0 1788909644 191315 6957675
3 13 7179567 0 1788909644 240510 6701733
0 21 7485521 0 1788909644 646853 7207317
1 21 7466074 0 1788909644 647378 7357001
2 13 7494730 0 1788909644 651439 7021890
0 22 8228658 0 1788909645 435509 7684714
1 22 8192436 0 1788909645 435674 8054776
3 14 8243118 0 1788909645 435796 7453623
2 14 8350944 0 1788909645 624747 8160833
0 23 8319088 0 1788909645 628969 8314647
