4 1 482975 0 1788909647 27652 171568
5 1 484068 0 1788909647 39204 273329
6 1 483707 0 1788909647 39389 394840
4 2 752079 0 1788909647 330386 599265
5 2 757449 0 1788909647 339820 670132
7 1 783095 0 1788909647 340024 470440
4 3 929071 0 1788909647 544086 813850
5 3 925333 0 1788909647 544240 859336
6 2 949035 0 1788909647 558959 720249
4 4 1165970 0 1788909647 797835 1016334
5 4 1160550 0 1788909647 798044 1114244
7 2 1177395 0 1788909647 798727 921758
4 5 1286250 0 1788909647 935908 1195253
5 5 1267457 0 1788909647 936120 1216914
6 3 1291113 0 1788909647 937293 1151423
4 6 1397034 0 1788909648 92630 1288985
5 6 1377248 0 1788909648 92845 1332468
7 3 1399446 0 1788909648 93009 1242059
4 7 1468598 0 1788909648 225879 1380303
5 7 1448577 0 1788909648 226123 1399484
6 4 1484009 0 1788909648 226288 1350091
4 8 1567137 0 1788909648 373317 1486465
5 8 1502220 0 1788909648 373504 1460756
7 4 1569018 0 1788909648 373746 1420909
4 9 1639048 0 1788909648 521164 1538671
5 9 1634989 0 1788909648 521353 1579224
6 5 1641941 0 1788909648 521938 1493042
4 10 1806006 0 1788909648 727293 1678996
5 10 1782097 0 1788909648 727624 1729558
7 5 1817998 0 1788909648 727762 1608594
4 11 1869576 0 1788909648 861053 1794422
5 11 1848137 0 1788909648 861330 1811056
6 6 1880959 0 1788909648 861452 1746373
4 12 1894034 0 1788909648 970156 1823339
5 12 1799863 0 1788909648 970355 1766720
7 6 1902041 0 1788909648 970528 1792256
4 13 1914317 0 1788909649 104450 1825218
5 13 1877418 0 1788909649 104943 1835019
6 7 1928274 0 1788909649 105669 1792528
4 14 1983237 0 1788909649 217265 1907826
5 14 1980584 0 1788909649 217510 1943378
7 7 1988288 0 1788909649 217647 1874843
4 15 2084015 0 1788909649 329474 2011756
5 15 2078134 0 1788909649 329702 2046717
6 8 2086949 0 1788909649 329828 1974117
4 16 2154479 0 1788909649 466958 2057255
5 16 2127966 0 1788909649 467397 2082157
7 8 2194756 0 1788909649 467577 2056394
4 17 2215980 0 1788909649 589359 2134284
5 17 2198201 0 1788909649 589599 2157471
6 9 2228188 0 1788909649 589781 2105119
4 18 2300343 0 1788909649 733253 2200713
5 18 2255007 0 1788909649 742663 2198116
7 9 2314769 0 1788909649 743338 2160531
4 19 2427802 0 1788909649 988437 2258058
5 19 2426159 0 1788909649 988882 2339415
6 10 2480830 0 1788909649 992788 2221083
4 20 2747593 0 1788909650 338206 2555070
5 20 2723428 0 1788909650 345213 2619646
7 10 2777298 0 1788909650 345619 2419846
4 21 2924125 0 1788909650 592085 2762936
5 21 2909643 0 1788909650 592740 2830282
6 11 2955714 0 1788909650 593202 2700491
4 22 3197505 0 1788909650 909565 2969622
5 22 3222314 0 1788909650 943300 3084941
7 11 3272679 0 1788909650 972222 2892281
4 23 3773657 0 1788909651 554416 3469177
5 23 3769317 0 1788909651 554638 3665396
6 12 3826805 0 1788909651 556184 3179655
4 24 4097655 0 1788909651 902801 3892592
5 24 4052786 0 1788909651 903108 3948211
7 12 4111046 0 1788909651 903306 3761912
4 25 4383817 0 1788909652 246748 4146479
5 25 4391356 0 1788909652 266556 4230814
6 13 4406068 0 1788909652 267367 4041142
4 26 4601864 0 1788909652 511317 4416966
5 26 4573378 0 1788909652 511524 4502828
7 13 4645250 0 1788909652 522092 4369647
4 27 4684314 0 1788909652 672001 4597228
5 27 4662868 0 1788909652 672235 4619963
6 14 4733882 0 1788909652 672972 4571956
4 28 4871097 0 1788909652 890378 4709596
5 28 4855436 0 1788909652 890633 4754923
7 14 4879064 0 1788909652 890818 4659970
4 29 5086523 0 1788909653 190121 4908190
5 29 5076182 0 1788909653 190354 4983724
6 15 5091623 0 1788909653 190526 4791173
4 30 5305903 0 1788909653 427704 5179452
5 30 5282389 0 1788909653 427900 5218130
7 15 5309027 0 1788909653 430129 5068726
4 31 5412833 0 1788909653 586323 5309788
5 31 5409025 0 1788909653 588400 5359349
6 16 5424288 0 1788909653 588634 5263026
4 32 5623891 0 1788909653 833152 5458762
5 32 5606693 0 1788909653 833297 5530900
7 16 5653973 0 1788909653 833418 5406614
4 33 5836538 0 1788909654 85274 5673168
5 33 5825844 0 1788909654 85434 5733618
6 17 5836863 0 1788909654 85556 5584196
4 34 6041350 0 1788909654 316933 5886769
5 34 6030892 0 1788909654 317131 5951554
7 17 6055428 0 1788909654 320799 5819391
4 35 6212752 0 1788909654 570662 6045538
5 35 6212895 0 1788909654 570951 6111275
6 18 6224111 0 1788909654 571263 5969283
4 36 6457228 0 1788909654 850826 6305462
5 36 6439040 0 1788909654 855409 6367766
7 18 6481172 0 1788909654 855588 6195841
4 37 6660451 0 1788909655 87655 6501517
5 37 6649512 0 1788909655 87887 6549133
6 19 6666762 0 1788909655 88041 6429084
4 38 6858040 0 1788909655 327499 6708360
5 38 6851793 0 1788909655 327751 6778320
7 19 6883014 0 1788909655 328097 6642383
4 39 7047357 0 1788909655 532370 6925685
5 39 7034412 0 1788909655 540405 6958541
6 20 7063839 0 1788909655 541000 6850025
4 40 7238534 0 1788909655 784453 7053271
5 40 7229113 0 1788909655 784738 7126561
7 20 7244402 0 1788909655 785270 6991244
4 41 7494551 0 1788909656 71735 7298819
5 41 7462636 0 1788909656 71913 7373190
6 21 7509769 0 1788909656 72058 7221384
4 42 7711425 0 1788909656 359597 7552883
5 42 7707700 0 1788909656 359869 7632468
7 21 7741407 0 1788909656 360071 7450550
6 22 7789817 0 1788909656 472298 7669704
4 43 7814165 0 1788909656 498702 7764050
