0 1 447386 0 1788909625 339703 86585
1 1 507028 0 1788909625 415875 215054
2 1 506499 0 1788909625 416036 328322
0 2 773459 0 1788909625 702809 587292
1 2 745576 0 1788909625 703065 647875
3 1 777030 0 1788909625 703236 413300
0 3 973203 0 1788909625 987658 774361
1 3 953437 0 1788909625 987946 856934
2 2 1040446 0 1788909626 11374 731382
0 4 1270005 0 1788909626 322580 1068433
1 4 1261749 0 1788909626 322767 1167769
3 2 1275153 0 1788909626 322938 939745
0 5 1564942 0 1788909626 649302 1350868
1 5 1559143 0 1788909626 649868 1440096
2 3 1593776 0 1788909626 662581 1251728
0 6 1790633 0 1788909626 923238 1637937
1 6 1766916 0 1788909626 923391 1693190
3 3 1826265 0 1788909626 923504 1551805
0 7 2046356 0 1788909627 322936 1753241
1 7 2039750 0 1788909627 323481 1886001
2 4 2150517 0 1788909627 323977 1749496
0 8 2260170 0 1788909627 570467 2114767
1 8 2216488 0 1788909627 570604 2155337
3 4 2261871 0 1788909627 570706 2013159
0 9 2495511 0 1788909627 867183 2287493
1 9 2484187 0 1788909627 867407 2374794
2 5 2497345 0 1788909627 867735 2199731
0 10 2693687 0 1788909628 132490 2506088
1 10 2671810 0 1788909628 133124 2569668
3 5 2725883 0 1788909628 133372 2452662
0 11 2902632 0 1788909628 404716 2747080
1 11 2897995 0 1788909628 404866 2802945
2 6 2906971 0 1788909628 405028 2634033
0 12 3184632 0 1788909628 709662 2981173
1 12 3135333 0 1788909628 709813 3018199
3 6 3199996 0 1788909628 709940 2894477
0 13 3261905 0 1788909628 938237 3109934
1 13 3232321 0 1788909628 941978 3147522
2 7 3294839 0 1788909628 942184 3023748
0 14 3538795 0 1788909629 279845 3327725
1 14 3581247 0 1788909629 322957 3435586
3 7 3598879 0 1788909629 323211 3213672
0 15 3767849 0 1788909629 614458 3590501
1 15 3767302 0 1788909629 614809 3697714
2 8 3812305 0 1788909629 615002 3476903
0 16 4041622 0 1788909629 936627 3812194
1 16 4033282 0 1788909629 936773 3904130
3 8 4064137 0 1788909629 936931 3741333
0 17 4260717 0 1788909630 194309 4097670
1 17 4290999 0 1788909630 235385 4179118
2 9 4328437 0 1788909630 235833 4028965
0 18 4469154 0 1788909630 466447 4333655
1 18 4382290 0 1788909630 473697 4309288
3 9 4506843 0 1788909630 474250 4226600
0 19 4554880 0 1788909630 683842 4416078
1 19 4548373 0 1788909630 684054 4486906
2 10 4591249 0 1788909630 684225 4373071
0 20 4704553 0 1788909630 877771 4557919
1 20 4684891 0 1788909630 878188 4599530
3 10 4740276 0 1788909630 879064 4544805
0 21 4838974 0 1788909631 77378 4691936
1 21 4807314 0 1788909631 77855 4752842
2 11 4851244 0 1788909631 78135 4634259
0 22 4931643 0 1788909631 264763 4807343
1 22 4899280 0 1788909631 265586 4850328
3 11 4974231 0 1788909631 265778 4785508
0 23 5009843 0 1788909631 400745 4916345
1 23 4998685 0 1788909631 400959 4946824
2 12 5032943 0 1788909631 403871 4893597
0 24 5227901 0 1788909631 680736 5047871
1 24 5197575 0 1788909631 680975 5106518
3 12 5264697 0 1788909631 681145 4983876
0 25 5409601 0 1788909631 954776 5236883
1 25 5407707 0 1788909631 955002 5323381
2 13 5435937 0 1788909631 955415 5150792
0 26 5719591 0 1788909632 296157 5494596
1 26 5715732 0 1788909632 296381 5635466
3 13 5755396 0 1788909632 317668 5392214
0 27 5947278 0 1788909632 594242 5741345
1 27 5931456 0 1788909632 594525 5833528
2 14 5973700 0 1788909632 594752 5674736
0 28 6153957 0 1788909632 865136 5972332
1 28 6161195 0 1788909632 876530 6051187
3 14 6185730 0 1788909632 876698 5903008
0 29 6415567 0 1788909633 136312 6255632
1 29 6410929 0 1788909633 136499 6338285
2 15 6421012 0 1788909633 136698 6149149
0 30 6619823 0 1788909633 448008 6422956
1 30 6603697 0 1788909633 448161 6530745
3 15 6664293 0 1788909633 469452 6330885
0 31 6962824 0 1788909633 836336 6747541
1 31 6953438 0 1788909633 836601 6838705
2 16 6989105 0 1788909633 836775 6599596
0 32 7186569 0 1788909634 119441 6987275
1 32 7126766 0 1788909634 119721 7021068
3 16 7230210 0 1788909634 119871 6946434
0 33 7524402 0 1788909634 526835 7295223
1 33 7494844 0 1788909634 527002 7367447
2 17 7575243 0 1788909634 569546 7122401
0 34 7842850 0 1788909634 924097 7586544
3 17 7886829 0 1788909634 924503 7488937
1 34 7883114 0 1788909634 987525 7819431
