4 1 415631 0 1788909625 301746 70665
5 1 519304 0 1788909625 415879 178820
6 1 518877 0 1788909625 415998 335738
4 2 872790 0 1788909625 792535 627861
5 2 868896 0 1788909625 792705 739319
7 1 894529 0 1788909625 792897 403108
4 3 1156276 0 1788909626 112728 952348
5 3 1152532 0 1788909626 112877 1096542
6 2 1161624 0 1788909626 112986 839841
4 4 1498677 0 1788909626 471980 1220096
5 4 1493463 0 1788909626 472395 1308055
7 2 1509921 0 1788909626 472692 1149662
4 5 1771308 0 1788909626 762404 1563767
5 5 1753085 0 1788909626 763186 1659290
6 3 1789648 0 1788909626 777266 1472308
4 6 2062502 0 1788909627 99536 1842678
5 6 2076129 0 1788909627 133165 1939476
7 3 2103612 0 1788909627 138614 1712726
4 7 2162330 0 1788909627 261049 2132599
5 7 2412713 0 1788909627 531698 2257289
6 4 2448416 0 1788909627 532133 2015544
7 4 2386400 0 1788909627 532565 2293373
4 8 2649179 0 1788909627 796797 2383756
5 8 2584344 0 1788909627 797067 2409685
6 5 2575771 0 1788909627 797206 2488314
4 9 2825894 0 1788909628 53696 2664104
5 9 2802696 0 1788909628 53898 2722267
7 5 2835714 0 1788909628 59267 2573015
4 10 3069343 0 1788909628 356309 2873461
5 10 3034738 0 1788909628 356670 2955495
6 6 3094057 0 1788909628 356781 2790633
4 11 3237352 0 1788909628 591983 3085544
5 11 3182253 0 1788909628 592178 3098751
7 6 3259404 0 1788909628 592318 3023120
4 12 3337236 0 1788909628 849167 3175112
5 12 3330573 0 1788909628 849407 3268421
6 7 3432098 0 1788909628 849657 3174188
4 13 3542975 0 1788909629 111939 3382807
5 13 3541397 0 1788909629 112193 3477945
7 7 3594565 0 1788909629 126135 3317322
4 14 3805432 0 1788909629 383797 3646049
5 14 3799688 0 1788909629 384005 3689327
6 8 3808641 0 1788909629 384107 3536224
5 15 4014968 0 1788909629 629227 4011166
4 15 4249285 0 1788909629 842290 3910928
6 9 4188555 0 1788909629 842471 4085759
7 8 4255691 0 1788909629 842587 3796702
4 16 4532693 0 1788909630 235723 4324374
5 16 4555042 0 1788909630 235911 4161130
6 10 4521251 0 1788909630 236067 4407846
4 17 4682756 0 1788909630 452763 4539401
5 17 4678643 0 1788909630 452991 4601850
7 9 4726226 0 1788909630 459062 4491095
4 18 4817965 0 1788909630 671361 4689278
5 18 4769539 0 1788909630 671613 4698591
6 11 4842717 0 1788909630 671811 4623416
4 19 4924061 0 1788909630 833820 4811997
5 19 4901948 0 1788909630 833999 4840246
7 10 4929929 0 1788909630 834089 4766951
4 20 5044803 0 1788909631 23728 4911331
5 20 5014568 0 1788909631 23966 4946708
6 12 5060971 0 1788909631 24193 4870375
4 21 5188158 0 1788909631 229138 5047857
5 21 5176578 0 1788909631 230076 5106704
7 11 5207482 0 1788909631 232017 4998927
4 22 5308279 0 1788909631 379095 5211058
5 22 5257791 0 1788909631 379987 5201695
6 13 5318607 0 1788909631 381031 5166394
4 23 5435499 0 1788909631 569197 5303614
5 23 5422772 0 1788909631 569355 5355095
7 12 5442748 0 1788909631 569507 5250753
4 24 5622224 0 1788909631 824963 5466874
5 24 5628923 0 1788909631 833293 5550781
6 14 5641732 0 1788909631 833492 5377179
4 25 5923666 0 1788909632 141945 5723358
5 25 5891276 0 1788909632 142167 5793969
7 13 5925704 0 1788909632 142342 5608044
4 26 6175594 0 1788909632 456123 5981065
5 26 6127144 0 1788909632 456269 6007909
6 15 6177589 0 1788909632 457173 5862115
4 27 6372714 0 1788909632 725906 6225400
5 27 6365410 0 1788909632 726129 6283286
7 14 6375459 0 1788909632 726263 6105132
4 28 6559946 0 1788909633 288 6365590
5 28 6555388 0 1788909633 425 6447690
6 16 6624555 0 1788909633 1189 6348992
4 29 6825487 0 1788909633 288027 6651568
5 29 6825070 0 1788909633 288309 6740506
7 15 6832863 0 1788909633 288473 6544434
4 30 7203860 0 1788909633 709644 6939917
5 30 7214725 0 1788909633 729653 7087904
6 17 7242834 0 1788909633 729782 6800676
5 31 7389348 0 1788909633 940048 7385863
4 31 7642953 0 1788909634 163836 7302815
6 18 7596055 0 1788909634 164097 7507055
7 16 7643396 0 1788909634 164209 7188641
4 32 7882111 0 1788909634 472286 7706926
5 32 7882347 0 1788909634 472478 7572185
6 19 7949861 0 1788909634 550890 7784152
4 33 8209554 0 1788909634 826575 8039849
7 17 8220210 0 1788909634 827019 7865265
5 33 8214403 0 1788909634 842083 8195236
