4 1 635141 0 1788909636 311507 209632
5 1 635719 0 1788909636 322544 369572
6 1 635311 0 1788909636 322682 491275
4 2 1077512 0 1788909636 787508 748674
5 2 1075760 0 1788909636 789821 899466
7 1 1104873 0 1788909636 793492 619093
7 2 1545568 0 1788909637 298590 1531421
4 3 1723964 0 1788909637 470668 1207791
5 3 1721033 0 1788909637 471629 1368213
6 2 1743852 0 1788909637 485465 1045240
4 4 2375170 0 1788909638 144353 1998870
5 4 2366755 0 1788909638 144624 2202567
7 3 2381202 0 1788909638 144756 1706270
4 5 2663036 0 1788909638 463389 2455575
5 5 2668853 0 1788909638 494106 2543943
6 3 2712953 0 1788909638 494300 2362757
4 6 3024250 0 1788909638 871537 2747942
5 6 2997756 0 1788909638 871724 2862195
7 4 3044613 0 1788909638 871897 2631722
4 7 3178358 0 1788909639 87593 3164021
7 5 3581436 0 1788909639 519304 3565468
4 8 3827196 0 1788909639 830169 3706902
5 7 3898914 0 1788909639 835330 3385668
6 4 3946546 0 1788909639 835516 2970948
4 9 4103728 0 1788909640 117532 3923335
5 8 4099689 0 1788909640 117742 4019076
7 6 4107328 0 1788909640 119014 3818200
4 10 4401513 0 1788909640 454488 4154215
6 5 4413304 0 1788909640 454757 4075837
4 11 4569892 0 1788909640 693058 4493023
5 9 4615971 0 1788909640 693187 4262641
7 7 4581183 0 1788909640 693366 4341846
4 12 5042735 0 1788909641 242911 4669585
5 10 5035300 0 1788909641 243110 4781610
6 6 5098452 0 1788909641 243333 4547808
4 13 5214854 0 1788909641 523938 5032311
5 11 5202315 0 1788909641 524136 5112447
7 8 5222134 0 1788909641 524315 4940384
4 14 5468603 0 1788909641 829650 5274500
5 12 5479396 0 1788909641 845113 5370050
6 7 5486053 0 1788909641 845267 5164575
4 15 5721009 0 1788909642 95577 5569742
5 13 5718630 0 1788909642 95777 5640071
7 9 5727284 0 1788909642 95899 5460729
4 16 5901154 0 1788909642 305664 5750455
5 14 5861744 0 1788909642 305911 5797626
6 8 5922831 0 1788909642 306088 5712055
4 17 6031829 0 1788909642 525110 5900034
5 15 6020291 0 1788909642 525358 5961825
7 10 6054361 0 1788909642 525481 5834241
4 18 6185972 0 1788909642 746230 6022789
5 16 6181902 0 1788909642 746502 6098395
6 9 6231347 0 1788909642 754434 6001625
4 19 6342633 0 1788909642 986279 6184342
5 17 6294177 0 1788909642 986501 6205482
7 11 6367333 0 1788909642 986678 6126663
7 12 6735749 0 1788909643 489222 6731633
4 20 6890255 0 1788909643 590264 6384229
5 18 6868113 0 1788909643 590416 6516915
6 10 6896128 0 1788909643 590540 6291206
4 21 7147046 0 1788909643 946696 6881402
5 19 7132074 0 1788909643 946860 6992607
7 13 7177796 0 1788909643 946972 6820937
4 22 7775820 0 1788909644 619570 7410770
5 20 7832458 0 1788909644 685134 7496786
6 11 7854247 0 1788909644 685502 7115263
4 23 8531113 0 1788909645 443560 8262491
5 21 8526895 0 1788909645 443906 8400789
7 14 8583198 0 1788909645 444265 7757617
6 12 8682988 0 1788909645 606936 8505748
4 24 8676843 0 1788909645 613678 8669767
