4 1 152761 0 1788909603 665043 35979
5 1 143078 0 1788909603 665820 60720
6 1 142991 0 1788909603 666280 107586
4 2 260165 0 1788909603 806078 152872
5 2 256362 0 1788909603 806339 196185
7 1 281986 0 1788909603 806521 140306
4 3 357265 0 1788909603 939885 272987
5 3 353502 0 1788909603 940015 313502
6 2 363412 0 1788909603 940942 228298
4 4 521323 0 1788909604 120794 391732
5 4 515886 0 1788909604 120986 453580
7 2 532224 0 1788909604 121162 350800
4 5 664989 0 1788909604 282253 563658
5 5 646312 0 1788909604 282581 604019
6 3 674033 0 1788909604 287820 506755
4 6 816349 0 1788909604 479550 698497
5 6 796835 0 1788909604 480039 730968
7 3 819901 0 1788909604 481071 620784
4 7 979982 0 1788909604 704869 844035
5 7 962550 0 1788909604 707702 892038
6 4 998149 0 1788909604 708034 769409
4 8 1318101 0 1788909605 91886 1029120
5 8 1253223 0 1788909605 92113 1143423
7 4 1319898 0 1788909605 92231 932323
4 9 1791046 0 1788909605 640767 1391598
5 9 1786988 0 1788909605 640958 1651279
6 5 1793468 0 1788909605 641071 1243797
4 10 2126523 0 1788909606 15415 1863708
5 10 2102425 0 1788909606 15558 1955301
7 5 2138292 0 1788909606 15662 1763183
4 11 2237176 0 1788909606 196258 2233066
5 11 3019380 0 1788909607 178 2707841
6 6 3052331 0 1788909607 430 2066723
7 6 2964528 0 1788909607 621 2855111
4 12 3252530 0 1788909607 296257 2956153
5 12 3158589 0 1788909607 296687 2939192
6 7 3169827 0 1788909607 314828 3061613
4 13 3345899 0 1788909607 541030 3191292
5 13 3344397 0 1788909607 541361 3270166
7 7 3383951 0 1788909607 541689 3138290
5 14 3649181 0 1788909607 859666 3644051
4 14 3842280 0 1788909608 46812 3485904
6 8 3856389 0 1788909608 58023 3339012
7 8 3845150 0 1788909608 58214 3750945
4 15 4132258 0 1788909608 372686 3946894
5 15 4153744 0 1788909608 372917 3827392
6 9 4098546 0 1788909608 378631 3994829
4 16 4306271 0 1788909608 635469 4152333
5 16 4294702 0 1788909608 635686 4226716
7 9 4328795 0 1788909608 635832 4065505
4 17 4524256 0 1788909608 920431 4344494
5 17 4520105 0 1788909608 920621 4415953
6 10 4565310 0 1788909608 924314 4276286
4 18 4728202 0 1788909609 207765 4571719
5 18 4679669 0 1788909609 207910 4610374
7 10 4754403 0 1788909609 209666 4464901
4 19 5000929 0 1788909609 536856 4766022
5 19 4978809 0 1788909609 537028 4887032
6 11 5006821 0 1788909609 537149 4677090
4 20 5244033 0 1788909609 849127 5061120
5 20 5213795 0 1788909609 849361 5121099
7 11 5260116 0 1788909609 849507 4947311
4 21 5409719 0 1788909610 76867 5282796
5 21 5397647 0 1788909610 77313 5342917
6 12 5426739 0 1788909610 77442 5198174
4 22 5582266 0 1788909610 279250 5443037
5 22 5531073 0 1788909610 279437 5447026
7 12 5590963 0 1788909610 279555 5388100
4 23 5756486 0 1788909610 516351 5582667
5 23 5743732 0 1788909610 516483 5659353
6 13 5763641 0 1788909610 516568 5526051
4 24 5904607 0 1788909610 733512 5766121
5 24 5903178 0 1788909610 733715 5830764
7 13 5915922 0 1788909610 733851 5698184
4 25 6117451 0 1788909610 961899 5970883
5 25 6085142 0 1788909610 962201 6021177
6 14 6119728 0 1788909610 962534 5890497
4 26 6283121 0 1788909611 189817 6132644
5 26 6242512 0 1788909611 197808 6155418
7 14 6292295 0 1788909611 198047 6055815
4 27 6471707 0 1788909611 451067 6291062
5 27 6464382 0 1788909611 451269 6378298
6 15 6474858 0 1788909611 451830 6212547
4 28 6724129 0 1788909611 790638 6497847
5 28 6724905 0 1788909611 796110 6629269
7 15 6793735 0 1788909611 796538 6447995
4 29 7039433 0 1788909612 128141 6842386
5 29 7039173 0 1788909612 128580 6949642
6 16 7047359 0 1788909612 129137 6702151
4 30 7384681 0 1788909612 516634 7095801
5 30 7419061 0 1788909612 560157 7219846
7 16 7447467 0 1788909612 560583 7010589
4 31 7689360 0 1788909612 836411 7489386
5 31 7659664 0 1788909612 836531 7549257
6 17 7689638 0 1788909612 836619 7369400
4 32 7790357 0 1788909613 6657 7679141
5 32 7790462 0 1788909613 6805 7729024
7 17 7812902 0 1788909613 7112 7642066
4 33 8145810 0 1788909613 378787 7903463
5 33 8143098 0 1788909613 386287 8004953
6 18 8159356 0 1788909613 386553 7779207
4 34 8214742 0 1788909613 529499 8147871
7 18 8275833 0 1788909613 529678 8112171
5 34 8225128 0 1788909613 550643 8203709
