4 1 245425 0 1788909508 596078 51407
5 1 235739 0 1788909508 596851 100330
6 1 235394 0 1788909508 597053 150083
4 2 418979 0 1788909508 803262 288159
5 2 415067 0 1788909508 803415 341994
7 1 440625 0 1788909508 803530 230780
4 3 627972 0 1788909509 48963 474412
5 3 624813 0 1788909509 49696 541597
6 2 634588 0 1788909509 50488 387128
4 4 870510 0 1788909509 308352 697198
5 4 865028 0 1788909509 308499 776432
7 2 881785 0 1788909509 309093 621361
4 5 1103001 0 1788909509 558636 939156
5 5 1084198 0 1788909509 558837 1011448
6 3 1112636 0 1788909509 564793 855890
4 6 1307641 0 1788909509 809212 1150184
5 6 1287801 0 1788909509 809374 1205716
7 3 1309929 0 1788909509 809469 1058843
4 7 1493122 0 1788909510 56379 1336997
5 7 1473063 0 1788909510 56586 1384299
6 4 1508450 0 1788909510 56706 1260553
4 8 1746578 0 1788909510 358734 1574033
5 8 1681641 0 1788909510 358901 1592445
7 4 1748300 0 1788909510 359004 1445337
4 9 1910522 0 1788909510 598613 1776478
5 9 1906489 0 1788909510 598830 1834388
6 5 1913081 0 1788909510 599054 1672490
4 10 2104408 0 1788909510 831670 1952850
5 10 2080361 0 1788909510 831864 2009015
7 5 2116238 0 1788909510 831979 1882605
4 11 2307852 0 1788909511 105305 2128272
5 11 2286303 0 1788909511 105471 2207380
6 6 2319119 0 1788909511 105588 2044924
4 12 2469244 0 1788909511 351341 2329147
5 12 2375004 0 1788909511 351472 2302951
7 6 2477595 0 1788909511 352058 2230052
4 13 2648235 0 1788909511 644343 2456753
5 13 2610998 0 1788909511 644500 2515094
6 7 2661238 0 1788909511 644609 2367651
4 14 3063986 0 1788909512 103991 2733381
5 14 3078423 0 1788909512 121326 2861457
7 7 3086317 0 1788909512 121652 2608806
4 15 4185022 0 1788909513 236456 3652196
5 15 4179481 0 1788909513 237024 3855780
6 8 4188793 0 1788909513 237649 3054596
4 16 4413700 0 1788909513 532155 4250398
5 16 4386941 0 1788909513 532349 4304224
7 8 4453689 0 1788909513 532486 4156293
7 9 4541100 0 1788909513 775645 4537182
4 17 4669084 0 1788909513 848438 4431742
5 17 4651350 0 1788909513 848724 4498957
6 9 4681273 0 1788909513 848841 4339516
4 18 4866491 0 1788909514 160123 4622291
5 18 4842350 0 1788909514 160283 4713807
7 10 4921549 0 1788909514 160435 4609316
4 19 5204081 0 1788909514 572779 4916723
5 19 5210948 0 1788909514 585245 5051984
6 10 5219464 0 1788909514 586075 4793160
4 20 5377772 0 1788909514 805533 5350549
5 20 5801902 0 1788909515 245365 5539080
6 11 5771652 0 1788909515 245588 5662122
7 11 5849169 0 1788909515 245758 5175899
4 21 6061695 0 1788909515 550768 5755870
5 21 6048951 0 1788909515 554470 5845173
6 12 6036582 0 1788909515 554619 5948357
4 22 6388441 0 1788909515 923796 6134852
5 22 6338704 0 1788909515 925439 6218738
7 12 6398603 0 1788909515 925565 6023585
4 23 6584820 0 1788909516 183055 6393158
5 23 6572140 0 1788909516 183262 6480758
6 13 6592083 0 1788909516 183380 6332270
4 24 6778984 0 1788909516 446260 6617288
5 24 6777581 0 1788909516 446489 6702203
7 13 6790387 0 1788909516 446685 6526492
4 25 7029874 0 1788909516 712691 6875675
5 25 6997860 0 1788909516 713289 6919931
6 14 7032486 0 1788909516 713662 6764777
4 26 7343070 0 1788909517 88136 7103410
5 26 7294742 0 1788909517 88405 7176774
7 14 7344494 0 1788909517 88616 6968318
4 27 7402140 0 1788909517 219871 7398570
5 27 7684979 0 1788909517 510236 7495619
6 15 7695085 0 1788909517 510427 7272576
7 15 7669439 0 1788909517 510612 7575433
4 28 7794911 0 1788909517 699791 7605090
5 28 7790361 0 1788909517 699935 7651443
6 16 7779971 0 1788909517 700119 7698687
4 29 7970321 0 1788909517 898099 7849075
5 29 7946859 0 1788909517 898345 7895619
7 16 7971448 0 1788909517 898527 7772505
4 30 8104198 0 1788909518 83664 7972099
5 30 8098471 0 1788909518 83822 8027056
6 17 8113908 0 1788909518 84230 7927533
4 31 8272697 0 1788909518 287934 8157808
5 31 8255593 0 1788909518 288173 8192742
7 17 8302876 0 1788909518 288297 8097989
6 18 8325944 0 1788909518 380613 8232920
4 32 8329192 0 1788909518 383905 8325722
