0 1 458499 0 1788909668 377519 111472
1 1 457548 0 1788909668 393099 205244
2 1 457212 0 1788909668 393452 334284
0 2 707883 0 1788909668 663937 550842
1 2 680279 0 1788909668 664471 594029
3 1 711679 0 1788909668 664589 423578
0 3 873827 0 1788909668 914984 717854
1 3 853983 0 1788909668 915195 763708
2 2 917681 0 1788909668 915312 666100
0 4 1021152 0 1788909669 100429 900688
1 4 1012928 0 1788909669 100649 958639
3 2 1026278 0 1788909669 100766 840079
0 5 1144202 0 1788909669 255265 1043863
1 5 1138083 0 1788909669 255511 1086178
2 3 1167605 0 1788909669 263112 1004674
0 6 1310143 0 1788909669 469451 1155278
1 6 1286479 0 1788909669 469657 1224225
3 3 1345839 0 1788909669 469782 1131043
0 7 1474840 0 1788909669 778123 1235375
1 7 1467810 0 1788909669 778244 1321841
2 4 1578640 0 1788909669 778803 1269048
0 8 1737585 0 1788909670 74585 1542614
1 8 1694661 0 1788909670 75480 1601981
3 4 1740339 0 1788909670 75878 1442226
0 9 1916467 0 1788909670 314842 1770202
1 9 1905170 0 1788909670 315094 1842986
2 5 1918155 0 1788909670 315248 1677210
0 10 2088271 0 1788909670 553776 1948784
1 10 2066273 0 1788909670 554290 1994931
3 5 2120219 0 1788909670 554411 1880381
0 11 2296869 0 1788909670 825657 2086636
1 11 2292434 0 1788909670 826008 2184232
2 6 2301431 0 1788909670 826190 2028735
0 12 2505691 0 1788909671 57425 2353088
1 12 2456485 0 1788909671 57667 2373076
3 6 2521232 0 1788909671 57880 2275603
0 13 2621875 0 1788909671 324910 2454318
1 13 2588797 0 1788909671 325158 2500057
2 7 2651243 0 1788909671 325291 2382261
0 14 2904090 0 1788909671 671843 2744486
1 14 2903711 0 1788909671 672123 2802849
3 7 2921206 0 1788909671 672240 2573568
0 15 2988047 0 1788909671 861359 2854012
1 15 2987379 0 1788909671 861589 2928243
2 8 3032701 0 1788909671 862101 2842215
0 16 3239613 0 1788909672 161320 3055876
1 16 3231274 0 1788909672 161467 3142892
3 8 3262144 0 1788909672 161641 2961634
0 17 3384395 0 1788909672 344690 3274238
1 17 3373855 0 1788909672 344943 3318265
2 9 3410978 0 1788909672 345077 3226933
0 18 3562080 0 1788909672 586076 3401134
1 18 3485517 0 1788909672 603628 3407172
3 9 3609639 0 1788909672 603748 3350303
0 19 3724058 0 1788909672 879723 3501642
1 19 3717465 0 1788909672 879849 3624101
2 10 3760272 0 1788909672 879952 3465849
0 20 3856948 0 1788909673 56869 3743375
1 20 3837074 0 1788909673 57073 3780840
3 10 3891684 0 1788909673 57175 3714029
0 21 3936138 0 1788909673 201246 3849421
1 21 3904264 0 1788909673 201507 3858024
2 11 3948045 0 1788909673 201638 3803069
0 22 4029018 0 1788909673 388840 3897786
1 22 3996403 0 1788909673 389412 3932428
3 11 4078629 0 1788909673 396879 3882724
0 23 4230754 0 1788909673 648358 4068536
1 23 4219571 0 1788909673 648549 4153879
2 12 4251099 0 1788909673 648730 3990465
0 24 4367410 0 1788909673 846948 4243348
1 24 4337107 0 1788909673 847211 4286406
3 12 4404247 0 1788909673 847398 4204942
0 25 4435375 0 1788909674 7253 4322055
1 25 4433392 0 1788909674 7389 4376642
2 13 4461365 0 1788909674 7545 4300351
0 26 4561308 0 1788909674 164576 4468622
1 26 4557644 0 1788909674 164997 4511164
3 13 4576727 0 1788909674 165701 4417936
0 27 4625636 0 1788909674 299303 4541631
1 27 4609872 0 1788909674 299643 4571168
2 14 4652137 0 1788909674 299891 4516522
0 28 4692553 0 1788909674 430435 4612097
1 28 4688771 0 1788909674 430809 4649004
3 14 4713261 0 1788909674 430933 4580766
0 29 4836535 0 1788909674 583983 4737967
1 29 4831881 0 1788909674 584155 4791002
2 15 4841951 0 1788909674 584339 4687813
0 30 4883736 0 1788909674 738623 4776285
1 30 4867713 0 1788909674 738879 4817417
3 15 4907243 0 1788909674 739104 4751811
0 31 4984724 0 1788909674 884939 4899004
1 31 4975282 0 1788909674 885148 4929489
2 16 5011219 0 1788909674 885592 4863987
0 32 5075991 0 1788909675 35566 4981284
1 32 5016240 0 1788909675 35897 4969983
3 16 5119676 0 1788909675 36040 4968291
0 33 5166069 0 1788909675 195204 5065997
1 33 5136719 0 1788909675 195581 5087999
2 17 5174779 0 1788909675 195786 5014303
0 34 5267170 0 1788909675 375119 5140198
1 34 5244258 0 1788909675 375371 5171333
3 17 5311137 0 1788909675 375514 5129867
0 35 5358092 0 1788909675 520453 5262864
1 35 5296797 0 1788909675 521232 5248692
2 18 5382680 0 1788909675 521717 5235861
0 36 5457151 0 1788909675 695986 5328073
1 36 5439816 0 1788909675 696134 5385434
3 18 5472585 0 1788909675 702849 5288986
0 37 5843562 0 1788909676 155328 5467164
1 37 5819926 0 1788909676 155455 5671094
2 19 5870825 0 1788909676 155566 5410894
2 20 6317547 0 1788909676 692556 6289570
2 21 6405052 0 1788909676 806782 6399617
0 38 6551337 0 1788909676 912710 5993800
1 38 6544452 0 1788909676 913532 6115587
3 19 6569678 0 1788909676 927786 5789995
1 39 6591134 0 1788909677 78878 6577635
0 39 6781891 0 1788909677 202889 6572099
2 22 6798233 0 1788909677 203056 6507706
3 20 6695634 0 1788909677 203141 6621578
0 40 6816771 0 1788909677 389554 6701384
1 40 6864615 0 1788909677 389800 6671115
2 23 6816834 0 1788909677 389969 6758880
0 41 6951745 0 1788909677 564045 6840088
1 41 6931185 0 1788909677 564297 6869092
3 21 6986774 0 1788909677 564483 6811585
0 42 7045448 0 1788909677 787458 6916093
1 42 7038507 0 1788909677 788912 6966616
2 24 7113803 0 1788909677 789060 6888444
3 22 7042950 0 1788909677 794538 7035356
