0 1 837184 0 1788909700 410370 398033
1 1 825265 0 1788909700 414982 597504
2 1 824837 0 1788909700 415245 738816
0 2 1085915 0 1788909700 696135 899579
1 2 1058300 0 1788909700 696659 982559
3 1 1089766 0 1788909700 696842 803002
0 3 1176706 0 1788909700 872031 1073445
1 3 1157162 0 1788909700 872542 1113820
2 2 1220938 0 1788909700 872736 1044076
0 4 1277642 0 1788909701 11087 1181725
1 4 1269588 0 1788909701 11475 1223747
3 2 1283182 0 1788909701 11838 1143127
0 5 1459332 0 1788909701 224563 1311303
1 5 1453342 0 1788909701 224937 1371136
2 3 1492813 0 1788909701 242487 1261149
0 6 1620178 0 1788909701 433653 1514439
1 6 1596544 0 1788909701 433889 1551367
3 3 1655987 0 1788909701 434096 1446104
0 7 1675402 0 1788909701 632851 1556050
1 7 1668679 0 1788909701 633280 1619399
2 4 1779089 0 1788909701 633419 1579075
0 8 1789253 0 1788909701 780421 1689603
1 8 1745684 0 1788909701 780670 1692815
3 4 1791123 0 1788909701 780828 1642937
0 9 1967599 0 1788909702 20140 1791257
1 9 1956228 0 1788909702 20318 1859860
2 5 1984622 0 1788909702 35883 1728911
1 10 2108126 0 1788909702 250311 2104218
0 10 2309501 0 1788909702 429173 2047924
2 6 2250409 0 1788909702 429335 2169662
3 5 2341625 0 1788909702 429985 1931442
0 11 2444472 0 1788909702 632213 2321010
1 11 2449388 0 1788909702 632342 2245934
2 7 2450508 0 1788909702 641322 2371616
0 12 2615199 0 1788909702 870549 2460434
1 12 2543449 0 1788909702 871665 2466237
3 6 2665889 0 1788909702 871789 2425924
0 13 2686950 0 1788909703 77478 2587158
1 13 2673187 0 1788909703 78389 2627840
2 8 2723004 0 1788909703 80206 2513027
0 14 2800892 0 1788909703 223471 2721077
1 14 2740347 0 1788909703 223914 2702988
3 7 2802180 0 1788909703 224101 2655188
0 15 2825793 0 1788909703 354171 2739708
1 15 2800708 0 1788909703 354372 2758876
2 9 2827470 0 1788909703 354949 2695426
0 16 2926835 0 1788909703 511196 2815416
1 16 2923192 0 1788909703 511458 2865753
3 8 2935705 0 1788909703 511579 2777727
0 17 3027669 0 1788909703 652927 2937939
1 17 3005074 0 1788909703 653350 2958097
2 10 3039114 0 1788909703 653576 2896468
0 18 3012162 0 1788909703 784439 2929594
1 18 3010866 0 1788909703 784712 2970309
3 9 3106686 0 1788909703 784849 2974450
0 19 3099948 0 1788909703 916499 3009877
1 19 3097497 0 1788909703 917155 3049350
2 11 3107838 0 1788909703 917670 2974358
0 20 3201724 0 1788909704 75890 3119829
1 20 3168356 0 1788909704 76116 3129563
3 10 3222140 0 1788909704 76228 3062142
0 21 3293400 0 1788909704 244810 3192722
1 21 3272599 0 1788909704 245016 3221584
2 12 3325864 0 1788909704 245139 3156263
0 22 3350500 0 1788909704 397676 3245313
1 22 3346063 0 1788909704 397861 3299025
3 11 3384028 0 1788909704 398018 3230562
0 23 3496844 0 1788909704 579989 3385190
1 23 3482898 0 1788909704 580217 3436415
2 13 3508559 0 1788909704 580330 3325662
0 24 3544904 0 1788909704 709174 3465054
1 24 3508988 0 1788909704 709335 3467854
3 12 3575930 0 1788909704 709636 3446033
0 25 3603892 0 1788909704 832057 3521094
1 25 3589104 0 1788909704 832246 3540403
2 14 3606349 0 1788909704 832393 3482877
0 26 3690411 0 1788909704 951930 3608262
1 26 3652024 0 1788909704 953945 3604801
3 13 3696760 0 1788909704 954195 3574351
0 27 3740257 0 1788909705 84196 3670940
1 27 3712494 0 1788909705 84332 3680854
2 15 3756612 0 1788909705 84446 3623817
0 28 3793590 0 1788909705 189796 3725934
1 28 3793470 0 1788909705 190026 3754753
3 14 3798174 0 1788909705 190222 3691926
0 29 3884059 0 1788909705 290499 3823402
1 29 3807676 0 1788909705 293704 3773444
2 16 3892294 0 1788909705 293909 3787942
0 30 3910336 0 1788909705 435669 3803910
1 30 3907828 0 1788909705 436368 3831966
3 15 3927480 0 1788909705 436534 3781261
0 31 3971447 0 1788909705 535480 3904414
1 31 3965144 0 1788909705 535675 3928622
2 17 3986350 0 1788909705 540732 3881105
0 32 3977404 0 1788909705 651228 3906375
1 32 3976283 0 1788909705 651456 3941500
3 16 4037842 0 1788909705 651583 3921427
0 33 4045842 0 1788909705 758870 3975116
1 33 4040883 0 1788909705 759427 4004397
2 18 4077143 0 1788909705 760446 3967642
0 34 4102518 0 1788909705 887798 4019467
1 34 4094782 0 1788909705 887986 4047380
3 17 4126667 0 1788909705 888783 3996373
0 35 4193245 0 1788909706 71848 4069199
1 35 4187574 0 1788909706 72005 4120898
2 19 4255601 0 1788909706 72130 4071039
0 36 4334293 0 1788909706 244778 4219028
1 36 4306081 0 1788909706 244989 4248162
3 18 4352149 0 1788909706 245152 4178509
0 37 4414452 0 1788909706 404149 4304911
1 37 4392029 0 1788909706 404303 4343816
2 20 4438531 0 1788909706 404464 4278539
0 38 4517905 0 1788909706 541153 4420758
1 38 4512183 0 1788909706 541359 4477521
3 19 4527939 0 1788909706 543479 4388378
0 39 4608357 0 1788909706 667347 4527535
1 39 4593211 0 1788909706 668375 4551137
2 21 4613098 0 1788909706 668996 4485011
0 40 4603499 0 1788909706 765173 4543831
1 40 4586351 0 1788909706 765703 4553495
3 20 4624246 0 1788909706 766156 4524856
0 41 4671573 0 1788909706 898875 4579613
1 41 4667225 0 1788909706 899101 4613073
2 22 4672272 0 1788909706 899222 4537571
0 42 4755780 0 1788909707 43058 4666576
1 42 4713772 0 1788909707 43197 4670966
3 21 4777351 0 1788909707 43818 4631903
0 43 4777114 0 1788909707 181686 4698889
1 43 4776670 0 1788909707 182426 4742731
2 23 4786950 0 1788909707 183127 4646687
0 44 4852626 0 1788909707 297592 4770949
1 44 4845520 0 1788909707 297870 4799339
3 22 4875540 0 1788909707 298065 4758938
0 45 4974441 0 1788909707 465633 4868860
1 45 4974710 0 1788909707 466241 4923565
2 24 4976735 0 1788909707 466874 4807178
0 46 5112328 0 1788909707 618491 5019287
1 46 5049673 0 1788909707 618744 4998879
3 23 5123801 0 1788909707 618894 4970284
0 47 5158400 0 1788909707 746525 5086078
1 47 5111903 0 1788909707 746768 5074806
2 25 5168774 0 1788909707 746893 5040076
0 48 5200654 0 1788909707 878634 5107086
1 48 5196176 0 1788909707 878837 5142578
3 24 5217138 0 1788909707 879048 5084425
0 49 5252811 0 1788909708 34790 5148737
1 49 5247658 0 1788909708 34988 5193536
2 26 5255332 0 1788909708 35639 5098047
0 50 5313671 0 1788909708 179561 5224928
1 50 5301425 0 1788909708 179748 5261881
3 25 5377548 0 1788909708 179855 5232153
0 51 5371068 0 1788909708 285799 5302891
1 51 5325291 0 1788909708 286553 5288995
2 27 5378340 0 1788909708 286839 5270628
0 52 5396814 0 1788909708 391030 5321232
1 52 5396819 0 1788909708 391486 5359469
3 26 5411155 0 1788909708 391904 5304872
0 53 5460166 0 1788909708 497923 5386768
1 53 5457544 0 1788909708 498117 5416887
2 28 5502850 0 1788909708 498264 5395070
0 54 5538597 0 1788909708 596008 5477961
1 54 5524291 0 1788909708 596411 5493544
3 27 5553869 0 1788909708 596736 5454809
0 55 5593335 0 1788909708 695426 5523720
1 55 5570668 0 1788909708 695617 5532711
2 29 5600180 0 1788909708 696956 5498974
0 56 5649675 0 1788909708 821676 5565287
1 56 5646058 0 1788909708 821864 5605698
3 28 5667713 0 1788909708 821955 5540932
0 57 5704833 0 1788909708 941933 5635394
1 57 5685898 0 1788909708 942118 5649153
2 30 5747823 0 1788909708 942249 5627056
0 58 5773904 0 1788909709 87253 5668168
1 58 5746494 0 1788909709 94807 5685285
3 29 5793644 0 1788909709 94995 5640300
0 59 5835111 0 1788909709 249120 5726143
1 59 5763333 0 1788909709 249343 5703944
2 31 5894536 0 1788909709 250930 5729088
0 60 5770484 0 1788909709 400557 5666092
1 60 5704871 0 1788909709 401126 5646427
3 30 5855431 0 1788909709 401253 5701252
0 61 5778155 0 1788909709 493738 5725003
2 32 5798114 0 1788909709 495912 5699109
1 61 5732250 0 1788909709 501628 5724042
