4 1 420147 0 1788909678 589414 103608
5 1 424943 0 1788909678 604670 217218
6 1 424586 0 1788909678 604859 313014
4 2 615640 0 1788909678 818539 486117
5 2 611812 0 1788909678 818774 543138
7 1 637371 0 1788909678 818891 407631
4 3 894622 0 1788909679 134227 678142
5 3 891340 0 1788909679 134839 742289
6 2 900537 0 1788909679 135052 583810
5 4 1045744 0 1788909679 307830 1037615
4 4 1194411 0 1788909679 450867 960826
6 3 1180417 0 1788909679 451188 1110420
7 2 1205437 0 1788909679 451360 880186
4 5 1387850 0 1788909679 681105 1218553
5 5 1416780 0 1788909679 691030 1173259
6 4 1379501 0 1788909679 697656 1282806
4 6 1593733 0 1788909679 933921 1469825
5 6 1569906 0 1788909679 936776 1498343
7 3 1616828 0 1788909679 937015 1360618
4 7 1897251 0 1788909680 299389 1626233
5 7 1873854 0 1788909680 303172 1701690
6 5 1922921 0 1788909680 304794 1551653
4 8 2067061 0 1788909680 562936 1900297
5 8 2059189 0 1788909680 563777 1988853
7 4 2138486 0 1788909680 569256 1868425
4 9 2459033 0 1788909680 969989 2191935
5 9 2435790 0 1788909680 970145 2293718
6 6 2469860 0 1788909680 976567 2055345
4 10 2709700 0 1788909681 279818 2499009
5 10 2678541 0 1788909681 283625 2565303
7 5 2749252 0 1788909681 295129 2420737
4 11 2901148 0 1788909681 538931 2739822
5 11 2851820 0 1788909681 544899 2769178
6 7 2929144 0 1788909681 545212 2662415
4 12 2989162 0 1788909681 784245 2808387
5 12 2982554 0 1788909681 784540 2900671
7 6 3083987 0 1788909681 784699 2837679
4 13 3116792 0 1788909681 968909 2996724
5 13 3115154 0 1788909681 969103 3046991
6 8 3168529 0 1788909681 983252 2969225
4 14 3381963 0 1788909682 243481 3214956
5 14 3376346 0 1788909682 243816 3295446
7 7 3388628 0 1788909682 247247 3110074
4 15 3650430 0 1788909682 526589 3456815
5 15 3629451 0 1788909682 526864 3511409
6 9 3656976 0 1788909682 527026 3372871
4 16 3755427 0 1788909682 719450 3637328
5 16 3737956 0 1788909682 724139 3672951
7 8 3789159 0 1788909682 726228 3589138
4 17 3907612 0 1788909682 923601 3793050
5 17 3870558 0 1788909682 923718 3813769
6 10 3925844 0 1788909682 923813 3721284
4 18 3889321 0 1788909683 1569 3885273
5 18 4295594 0 1788909683 432142 4098571
6 11 4247630 0 1788909683 432943 4151742
7 9 4380876 0 1788909683 438377 3865889
4 19 4485960 0 1788909683 673273 4244667
5 19 4480557 0 1788909683 673468 4328222
6 12 4458426 0 1788909683 673630 4353499
4 20 4649635 0 1788909683 911713 4503203
5 20 4619374 0 1788909683 911925 4545700
7 10 4665671 0 1788909683 912046 4426706
4 21 4773924 0 1788909684 98058 4648891
5 21 4761596 0 1788909684 98247 4702617
6 13 4792126 0 1788909684 99815 4603729
4 22 4877931 0 1788909684 231900 4789929
5 22 4826762 0 1788909684 232112 4783912
7 11 4886708 0 1788909684 232286 4752236
4 23 4986682 0 1788909684 403532 4860627
5 23 4973993 0 1788909684 403729 4919935
6 14 4994232 0 1788909684 404144 4821672
4 24 5114143 0 1788909684 600033 4992988
5 24 5114764 0 1788909684 602287 5059474
7 12 5129963 0 1788909684 604878 4928037
4 25 5279185 0 1788909684 780617 5167770
5 25 5246754 0 1788909684 780799 5192474
6 15 5281161 0 1788909684 780952 5100007
4 26 5644446 0 1788909685 208128 5410881
5 26 5596038 0 1788909685 208317 5483084
7 13 5645836 0 1788909685 208574 5217685
4 27 5788181 0 1788909685 424527 5644361
5 27 5781229 0 1788909685 425101 5703066
6 16 5791613 0 1788909685 425570 5573862
4 28 5916951 0 1788909685 640446 5785336
5 28 5912779 0 1788909685 640969 5840337
7 14 5981553 0 1788909685 641340 5764030
4 29 6092729 0 1788909685 838422 5958023
5 29 6094095 0 1788909685 840487 6024771
6 17 6104691 0 1788909685 843454 5901402
4 30 6302876 0 1788909686 91813 6147591
5 30 6293983 0 1788909686 92064 6223149
7 15 6322371 0 1788909686 92472 6067959
4 31 6537414 0 1788909686 341450 6365893
5 31 6507834 0 1788909686 341686 6406919
6 18 6537842 0 1788909686 341808 6287563
4 32 6739300 0 1788909686 612585 6573855
5 32 6739522 0 1788909686 612849 6659186
7 16 6762140 0 1788909686 613336 6489971
4 33 7041317 0 1788909686 931279 6828374
5 33 7031241 0 1788909686 931414 6929830
6 19 7056307 0 1788909686 940489 6728102
4 34 7197683 0 1788909687 169426 7057678
5 34 7187749 0 1788909687 170249 7123851
7 17 7259609 0 1788909687 170438 7020239
4 35 7426987 0 1788909687 425994 7294821
5 35 7407994 0 1788909687 426183 7354846
6 20 7443703 0 1788909687 426350 7186502
4 36 7742751 0 1788909687 788621 7539430
5 36 7738218 0 1788909687 790014 7591806
7 18 7749367 0 1788909687 790327 7384575
4 37 8110246 0 1788909688 179919 7841469
5 37 8086110 0 1788909688 180160 7932045
6 21 8117300 0 1788909688 180266 7723603
7 19 8098334 0 1788909688 198884 8079022
