6 1 519315 0 1788909700 97250 502222
4 1 820938 0 1788909700 387867 96245
5 1 811203 0 1788909700 388592 239027
7 1 810212 0 1788909700 389393 693608
4 2 1025053 0 1788909700 629677 874142
5 2 997877 0 1788909700 630053 902894
6 2 1030110 0 1788909700 630669 779054
4 3 1183857 0 1788909700 825017 1059694
5 3 1181630 0 1788909700 825214 1108655
7 2 1188193 0 1788909700 825459 989924
4 4 1327331 0 1788909700 987077 1231348
5 4 1318899 0 1788909700 987331 1269820
6 3 1333345 0 1788909700 987463 1170671
4 5 1457422 0 1788909701 148337 1348808
5 5 1434703 0 1788909701 150518 1377149
7 3 1478891 0 1788909701 150801 1314939
4 6 1624519 0 1788909701 362368 1493474
5 6 1598153 0 1788909701 362685 1545014
6 4 1645194 0 1788909701 363041 1430134
4 7 1769828 0 1788909701 569626 1623114
5 7 1743116 0 1788909701 570095 1680782
7 4 1790895 0 1788909701 570428 1578610
4 8 1837568 0 1788909701 731105 1738470
5 8 1829064 0 1788909701 731314 1787076
6 5 1903080 0 1788909701 731512 1739416
4 9 1991078 0 1788909701 899694 1878836
5 9 1979684 0 1788909701 911701 1914243
7 5 2007821 0 1788909701 912188 1826509
4 10 2249669 0 1788909702 217448 2068568
5 10 2214895 0 1788909702 217641 2099279
6 6 2274214 0 1788909702 217753 1954830
4 11 2516129 0 1788909702 551573 2327346
5 11 2473523 0 1788909702 564262 2371485
7 6 2555870 0 1788909702 569599 2203452
4 12 2623671 0 1788909702 816416 2462883
5 12 2616910 0 1788909702 816557 2546287
6 7 2719398 0 1788909702 817771 2453044
4 13 2847624 0 1788909703 97402 2699632
5 13 2846381 0 1788909703 97991 2797237
7 7 2894644 0 1788909703 107028 2603778
4 14 2988285 0 1788909703 247463 2900509
5 14 2982533 0 1788909703 247664 2941263
6 8 2991500 0 1788909703 247780 2840371
4 15 3101422 0 1788909703 375242 3016979
5 15 3080361 0 1788909703 375434 3041606
7 8 3107901 0 1788909703 375611 2979277
4 16 3177091 0 1788909703 538774 3061043
5 16 3155184 0 1788909703 539029 3091590
6 9 3204428 0 1788909703 539158 3040267
4 17 3268286 0 1788909703 681937 3187186
5 17 3231324 0 1788909703 682145 3189787
7 9 3286726 0 1788909703 682356 3142887
4 18 3305358 0 1788909703 815267 3219110
5 18 3281251 0 1788909703 815461 3235548
6 10 3360413 0 1788909703 815575 3226501
4 19 3402134 0 1788909703 987109 3269912
5 19 3396682 0 1788909703 987255 3312492
7 10 3404539 0 1788909703 987426 3232121
4 20 3498202 0 1788909704 142239 3387306
5 20 3482633 0 1788909704 142373 3428737
6 11 3529667 0 1788909704 142532 3374013
4 21 3583433 0 1788909704 288783 3504902
5 21 3567131 0 1788909704 288925 3522772
7 11 3598914 0 1788909704 289126 3451871
4 22 3688996 0 1788909704 432234 3593881
5 22 3680833 0 1788909704 432463 3622393
6 12 3698655 0 1788909704 432968 3554102
4 23 3792043 0 1788909704 599616 3683688
5 23 3785284 0 1788909704 599795 3731779
7 12 3803336 0 1788909704 606346 3628968
4 24 3857808 0 1788909704 730382 3778896
5 24 3846971 0 1788909704 730522 3811883
6 13 3903525 0 1788909704 730922 3772022
4 25 3957680 0 1788909704 855132 3873982
5 25 3956261 0 1788909704 855354 3912826
7 13 3970339 0 1788909704 855523 3844756
4 26 4009441 0 1788909704 969839 3928701
5 26 4013417 0 1788909704 974760 3961704
6 14 4043176 0 1788909704 974881 3923210
4 27 4063417 0 1788909705 95035 3986480
5 27 4061256 0 1788909705 95262 4019913
7 14 4085440 0 1788909705 95380 3959670
4 28 4149748 0 1788909705 207197 4077394
5 28 4086343 0 1788909705 207498 4050280
6 15 4167373 0 1788909705 208907 4053271
4 29 4171642 0 1788909705 308066 4111567
5 29 4164925 0 1788909705 308279 4132961
7 15 4182606 0 1788909705 308457 4080459
4 30 4273524 0 1788909705 441287 4168352
5 30 4255517 0 1788909705 442116 4201813
6 16 4298372 0 1788909705 442425 4163822
4 31 4338142 0 1788909705 539770 4273104
5 31 4338261 0 1788909705 539958 4302330
7 16 4344331 0 1788909705 540073 4245058
4 32 4413261 0 1788909705 662117 4339408
5 32 4391485 0 1788909705 662430 4352688
6 17 4431182 0 1788909705 662695 4308044
4 33 4491799 0 1788909705 773642 4419231
5 33 4486248 0 1788909705 773871 4446611
7 17 4503006 0 1788909705 773995 4390895
4 34 4620299 0 1788909705 928789 4503019
5 34 4559657 0 1788909705 929060 4490745
6 18 4633041 0 1788909705 930876 4475563
4 35 4785481 0 1788909706 165790 4644386
5 35 4769354 0 1788909706 166023 4697330
7 18 4786639 0 1788909706 166800 4548365
4 36 4917743 0 1788909706 356363 4780555
5 36 4913040 0 1788909706 356571 4845597
6 19 4940843 0 1788909706 356693 4749573
4 37 5057413 0 1788909706 518041 4984075
5 37 5050909 0 1788909706 518243 5019808
7 19 5069243 0 1788909706 518699 4906497
4 38 5150220 0 1788909706 648430 5063261
5 38 5149165 0 1788909706 648578 5104636
6 20 5158196 0 1788909706 649906 5026093
4 39 5213932 0 1788909706 742177 5157972
5 39 5179192 0 1788909706 742312 5151326
7 20 5235438 0 1788909706 742702 5140928
4 40 5294812 0 1788909706 872689 5216534
5 40 5288284 0 1788909706 872825 5247688
6 21 5304765 0 1788909706 872936 5173809
4 41 5384047 0 1788909707 15576 5292916
5 41 5374930 0 1788909707 15846 5334503
7 21 5416571 0 1788909707 16007 5272977
4 42 5483852 0 1788909707 158273 5391983
5 42 5453785 0 1788909707 158518 5420674
6 22 5488342 0 1788909707 158767 5344837
4 43 5556323 0 1788909707 269065 5482106
5 43 5539736 0 1788909707 269260 5505274
7 22 5562634 0 1788909707 269423 5451258
4 44 5661507 0 1788909707 418285 5562224
5 44 5615238 0 1788909707 422820 5570290
6 23 5688806 0 1788909707 423051 5534548
4 45 5748103 0 1788909707 575142 5660441
5 45 5734722 0 1788909707 575382 5697060
7 23 5758852 0 1788909707 575609 5601304
4 46 5767131 0 1788909707 699600 5688220
5 46 5700667 0 1788909707 699980 5660910
6 24 5810142 0 1788909707 700509 5684468
4 47 5770878 0 1788909707 811176 5694425
5 47 5720487 0 1788909707 814916 5676120
7 24 5801119 0 1788909707 815068 5685458
4 48 5860500 0 1788909707 972477 5751298
5 48 5832454 0 1788909707 972626 5781241
6 25 5870716 0 1788909707 972790 5708806
4 49 5967229 0 1788909708 134795 5862626
5 49 5942632 0 1788909708 135228 5898974
7 25 5971922 0 1788909708 135346 5807993
4 50 5965673 0 1788909708 246422 5896124
5 50 5948641 0 1788909708 246899 5913274
6 26 6008180 0 1788909708 247261 5895275
4 51 6024120 0 1788909708 353302 5951739
5 51 6020963 0 1788909708 354265 5984116
7 26 6026896 0 1788909708 355352 5917769
4 52 6102538 0 1788909708 465016 6037766
5 52 6085027 0 1788909708 465205 6050258
6 27 6131857 0 1788909708 465369 6019592
4 53 6138437 0 1788909708 574080 6077045
5 53 6138451 0 1788909708 574357 6107858
7 27 6190494 0 1788909708 574552 6080696
4 54 6159033 0 1788909708 672246 6092392
5 54 6142090 0 1788909708 672381 6109754
6 28 6171590 0 1788909708 672544 6072934
4 55 6245574 0 1788909708 801440 6162251
5 55 6240342 0 1788909708 805011 6197166
7 28 6257786 0 1788909708 805486 6124308
4 56 6357204 0 1788909708 923495 6288023
5 56 6327242 0 1788909708 923741 6299411
6 29 6358035 0 1788909708 923867 6233622
4 57 6413217 0 1788909709 64394 6316807
5 57 6412651 0 1788909709 64717 6367162
7 29 6422088 0 1788909709 65314 6280079
4 58 6530805 0 1788909709 197994 6443868
5 58 6470423 0 1788909709 198437 6420856
6 30 6538938 0 1788909709 198560 6404562
4 59 6480091 0 1788909709 322162 6401105
5 59 6459284 0 1788909709 322350 6420813
7 30 6531878 0 1788909709 327353 6402363
4 60 6569440 0 1788909709 456708 6488858
5 60 6545523 0 1788909709 456924 6508182
6 31 6586858 0 1788909709 457626 6451153
7 31 6582559 0 1788909709 515980 6523005
4 61 6501704 0 1788909709 520809 6496659
