0 1 402442 0 1788909657 651866 111600
1 1 390901 0 1788909657 656857 194557
2 1 394132 0 1788909657 660777 287829
0 2 449187 0 1788909657 735646 444634
1 2 628950 0 1788909657 943548 519152
2 2 615699 0 1788909657 943735 560190
3 1 660587 0 1788909657 943901 368289
0 3 866113 0 1788909658 237675 571761
1 3 846295 0 1788909658 237913 640190
2 3 833831 0 1788909658 238724 734205
0 4 985043 0 1788909658 403169 893987
1 4 981335 0 1788909658 407247 931918
3 2 997837 0 1788909658 407519 827735
0 5 1138176 0 1788909658 586009 1019118
1 5 1132992 0 1788909658 587339 1076238
2 4 1146009 0 1788909658 587477 961385
0 6 1271117 0 1788909658 784701 1141758
1 6 1255271 0 1788909658 785839 1199272
3 3 1296393 0 1788909658 786106 1096037
0 7 1343258 0 1788909658 984097 1215642
1 7 1318301 0 1788909658 984244 1251570
2 5 1350678 0 1788909658 984366 1148654
0 8 1381620 0 1788909659 92844 1312298
1 8 1365727 0 1788909659 93226 1331118
3 4 1426013 0 1788909659 93419 1316452
0 9 1458461 0 1788909659 198790 1388837
1 9 1434438 0 1788909659 199036 1401230
2 6 1471346 0 1788909659 200125 1363329
0 10 1515972 0 1788909659 334394 1419993
1 10 1479414 0 1788909659 334578 1429283
3 5 1538822 0 1788909659 334732 1402629
0 11 1603417 0 1788909659 467395 1520561
1 11 1600592 0 1788909659 467645 1563965
2 7 1608634 0 1788909659 467827 1474887
0 12 1631722 0 1788909659 563309 1567158
1 12 1559172 0 1788909659 563626 1529615
3 6 1681662 0 1788909659 563800 1584833
0 13 1604817 0 1788909659 671582 1529609
1 13 1590405 0 1788909659 671844 1549357
2 8 1639499 0 1788909659 672939 1529605
0 14 1696812 0 1788909659 795629 1614437
1 14 1636103 0 1788909659 795908 1595070
3 7 1697942 0 1788909659 796100 1573128
0 15 1715373 0 1788909659 919988 1637778
1 15 1690316 0 1788909659 920218 1653472
2 9 1716670 0 1788909659 920386 1591605
0 16 1836525 0 1788909660 97124 1708267
1 16 1832841 0 1788909660 97344 1755899
3 8 1845395 0 1788909660 97508 1667636
0 17 1973124 0 1788909660 274618 1864184
1 17 1950352 0 1788909660 274866 1899436
2 10 1984343 0 1788909660 275043 1806125
0 18 2034334 0 1788909660 482849 1917548
1 18 2033019 0 1788909660 483103 1977432
3 9 2128885 0 1788909660 483286 1919915
0 19 2162204 0 1788909660 654993 2049535
1 19 2159339 0 1788909660 655236 2105663
2 11 2169644 0 1788909660 655713 1996499
0 20 2269311 0 1788909660 819715 2164015
1 20 2237563 0 1788909660 821562 2182221
3 10 2291432 0 1788909660 821758 2124393
0 21 2516362 0 1788909661 144010 2333090
1 21 2495590 0 1788909661 144245 2411193
2 12 2548851 0 1788909661 144363 2223779
0 22 2717290 0 1788909661 440704 2519869
1 22 2728312 0 1788909661 456349 2593040
3 11 2766496 0 1788909661 456723 2453635
0 23 3020056 0 1788909661 779438 2791989
1 23 3006477 0 1788909661 780033 2939195
2 13 3032207 0 1788909661 780216 2691924
0 24 3197525 0 1788909662 38034 3030330
1 24 3161762 0 1788909662 38347 3066861
3 12 3228509 0 1788909662 38452 2969289
0 25 3266687 0 1788909662 171090 3192171
1 25 3252382 0 1788909662 171761 3217030
2 14 3269614 0 1788909662 171896 3135396
0 26 3348171 0 1788909662 285928 3273416
1 26 3308737 0 1788909662 286896 3272870
3 13 3353355 0 1788909662 287028 3236310
0 27 3367926 0 1788909662 388102 3298524
1 27 3340283 0 1788909662 388359 3307319
2 15 3384459 0 1788909662 388531 3281582
0 28 3499461 0 1788909662 571905 3357586
1 28 3499304 0 1788909662 572097 3421129
3 14 3503976 0 1788909662 572262 3319615
0 29 3682950 0 1788909662 765628 3569819
1 29 3603572 0 1788909662 765838 3549792
2 16 3688497 0 1788909662 766350 3493010
0 30 3731179 0 1788909662 932750 3624978
1 30 3728202 0 1788909662 932979 3671835
3 15 3766842 0 1788909662 952134 3580054
0 31 3855325 0 1788909663 95597 3769056
1 31 3849098 0 1788909663 95868 3808771
2 17 3865367 0 1788909663 95987 3701891
0 32 3861678 0 1788909663 211740 3788843
1 32 3860521 0 1788909663 211932 3822732
3 16 3922194 0 1788909663 212173 3805343
1 33 3933617 0 1788909663 328399 3930485
0 33 4056961 0 1788909663 446227 3877244
2 18 4086901 0 1788909663 446441 3851920
3 17 4008213 0 1788909663 446567 3945153
0 34 4029099 0 1788909663 498542 4025464
1 34 4214794 0 1788909663 676313 3984457
2 19 4183747 0 1788909663 676513 4069688
3 18 4121864 0 1788909663 676704 4065524
0 35 4322075 0 1788909663 882743 4115355
1 35 4313711 0 1788909663 882951 4168237
2 20 4301540 0 1788909663 888263 4204760
0 36 4461486 0 1788909664 103657 4321061
1 36 4437977 0 1788909664 103911 4354097
3 19 4489222 0 1788909664 104368 4235224
0 37 4633580 0 1788909664 325357 4491883
1 37 4626590 0 1788909664 326075 4556571
2 21 4645560 0 1788909664 334073 4414825
0 38 4740228 0 1788909664 472363 4654469
1 38 4740621 0 1788909664 475849 4698953
3 20 4770635 0 1788909664 476049 4619011
0 39 4874582 0 1788909664 692731 4749970
1 39 4855023 0 1788909664 692935 4801476
2 22 4941712 0 1788909664 693114 4720760
0 40 5116516 0 1788909665 19704 4884418
1 40 5116319 0 1788909665 19860 5023862
3 21 5164380 0 1788909665 19970 4836925
0 41 5328089 0 1788909665 270794 5162821
2 23 5362826 0 1788909665 270940 5111334
0 42 5364697 0 1788909665 437111 5274861
1 41 5473759 0 1788909665 437275 5235139
3 22 5441235 0 1788909665 446897 5264848
1 42 5572149 0 1788909665 670913 5568493
0 43 5848459 0 1788909665 930452 5464579
2 24 5849806 0 1788909665 930616 5355830
3 23 5809607 0 1788909665 930811 5641906
0 44 6046321 0 1788909666 212699 5876009
1 43 6084268 0 1788909666 212857 5801574
2 25 6047903 0 1788909666 215333 5960860
0 45 6361245 0 1788909666 532575 6123582
1 44 6350647 0 1788909666 533048 6226811
3 24 6378917 0 1788909666 546685 6044650
0 46 6576723 0 1788909666 831080 6413016
1 45 6567171 0 1788909666 831535 6488713
2 26 6591465 0 1788909666 836773 6286978
0 47 6753510 0 1788909667 91658 6583612
1 46 6739014 0 1788909667 93233 6646695
3 25 6782284 0 1788909667 93387 6519304
2 27 6830419 0 1788909667 189319 6732486
0 48 6747642 0 1788909667 204188 6732176
