0 1 352869 0 1788909751 671401 74575
1 1 367262 0 1788909751 702325 145167
2 1 366929 0 1788909751 702682 236816
0 2 689268 0 1788909752 44835 487397
1 2 661379 0 1788909752 45084 554498
3 1 692850 0 1788909752 45273 314172
0 3 956014 0 1788909752 396685 717952
1 3 937068 0 1788909752 397795 812837
2 2 1001087 0 1788909752 398231 647413
0 4 1331781 0 1788909752 810572 1062663
1 4 1323516 0 1788909752 810749 1201443
3 2 1336913 0 1788909752 810914 911720
0 5 1760102 0 1788909753 270678 1448925
1 5 1753899 0 1788909753 270840 1572164
2 3 1799928 0 1788909753 294949 1315241
0 6 1996182 0 1788909753 555003 1799644
1 6 1972452 0 1788909753 555144 1872602
3 3 2032022 0 1788909753 555478 1698666
0 7 2137648 0 1788909753 840444 1946409
1 7 2130896 0 1788909753 840844 2034419
2 4 2252057 0 1788909753 851733 1955067
0 8 2356004 0 1788909754 92517 2177658
1 8 2313222 0 1788909754 93554 2215458
3 4 2359167 0 1788909754 94218 2105191
0 9 2577128 0 1788909754 375015 2421780
1 9 2565802 0 1788909754 375239 2478031
2 5 2578793 0 1788909754 375399 2295374
0 10 2688071 0 1788909754 553089 2572577
1 10 2665828 0 1788909754 553359 2607550
3 5 2719848 0 1788909754 553553 2540871
0 11 2859291 0 1788909754 787591 2720489
1 11 2854807 0 1788909754 787894 2773360
2 6 2869293 0 1788909754 793567 2626549
0 12 3066153 0 1788909755 17400 2895589
1 12 3017269 0 1788909755 17964 2943476
3 6 3082179 0 1788909755 18339 2851238
0 13 3194528 0 1788909755 297077 2998593
1 13 3161406 0 1788909755 297279 3096353
2 7 3223841 0 1788909755 297402 2943541
0 14 3432819 0 1788909755 600085 3233638
1 14 3446051 0 1788909755 613976 3326639
3 7 3463612 0 1788909755 614159 3146188
1 15 3581730 0 1788909755 855454 3560956
1 16 3681274 0 1788909756 2495 3668823
0 15 3820545 0 1788909756 93369 3417391
2 8 3864700 0 1788909756 93613 3370886
3 8 3794899 0 1788909756 93909 3626038
0 16 4007747 0 1788909756 341358 3860489
1 17 4011881 0 1788909756 341587 3763448
2 9 3981890 0 1788909756 341698 3914056
0 17 4213880 0 1788909756 607502 4072503
1 18 4184359 0 1788909756 607868 4109368
3 9 4242219 0 1788909756 612821 3970521
0 18 4361786 0 1788909756 880978 4147134
1 19 4339402 0 1788909756 894580 4214914
2 10 4377193 0 1788909756 894817 4089603
0 19 4448853 0 1788909757 13857 4432715
1 20 4681400 0 1788909757 280834 4516493
2 11 4661499 0 1788909757 281011 4579867
3 10 4719290 0 1788909757 281187 4318428
0 20 4826387 0 1788909757 479493 4627426
1 21 4815062 0 1788909757 479683 4666005
2 12 4783031 0 1788909757 479787 4722257
0 21 4974739 0 1788909757 734075 4787319
1 22 4942070 0 1788909757 734593 4841541
3 11 5019960 0 1788909757 737723 4761432
0 22 5068779 0 1788909757 885896 4967359
1 23 5057607 0 1788909757 886097 5008114
2 13 5089345 0 1788909757 886489 4936658
0 23 5193144 0 1788909758 72196 5054387
1 24 5162745 0 1788909758 72362 5076942
3 12 5229811 0 1788909758 72475 5042951
0 24 5505056 0 1788909758 476446 5244800
1 25 5503088 0 1788909758 476599 5399348
2 14 5531035 0 1788909758 476728 5122714
0 25 5744591 0 1788909758 747373 5543940
1 26 5740718 0 1788909758 747583 5608424
3 13 5767720 0 1788909758 756208 5487592
0 26 5937819 0 1788909759 10999 5766438
1 27 5929839 0 1788909759 19124 5823577
2 15 5975848 0 1788909759 23115 5699867
0 27 6784947 0 1788909759 922342 6036185
1 28 6780909 0 1788909759 922461 6277986
3 14 6805412 0 1788909759 922597 5891464
0 28 7511074 0 1788909760 658035 6882628
1 29 7510217 0 1788909760 662004 7305287
2 16 7522720 0 1788909760 664621 6780094
0 29 8031967 0 1788909761 286368 7673049
1 30 8030357 0 1788909761 301037 7887150
3 15 8069890 0 1788909761 301264 7420952
2 17 8075947 0 1788909761 349832 8010950
