0 1 429704 0 1788909803 994546 100538
1 1 424893 0 1788909804 6267 216128
2 1 424538 0 1788909804 6601 312980
0 2 769459 0 1788909804 371336 517991
1 2 741718 0 1788909804 371734 602341
3 1 773438 0 1788909804 372170 395516
0 3 998683 0 1788909804 685664 800279
1 3 979812 0 1788909804 686847 870826
2 2 1043575 0 1788909804 687029 727636
0 4 1276923 0 1788909805 2023 1069630
1 4 1268771 0 1788909805 2314 1162050
3 2 1282120 0 1788909805 2431 965078
0 5 1727001 0 1788909805 483887 1531142
1 5 1720944 0 1788909805 484195 1600541
2 3 1757091 0 1788909805 498422 1260347
0 6 1974803 0 1788909805 779934 1788409
1 6 1951781 0 1788909805 780782 1851818
3 3 2016724 0 1788909805 786489 1712296
0 7 2186358 0 1788909806 135463 1951933
1 7 2179441 0 1788909806 135698 2067815
2 4 2289836 0 1788909806 135822 1933083
0 8 2287274 0 1788909806 270098 2280979
1 8 2604606 0 1788909806 631248 2336053
2 5 2588526 0 1788909806 631442 2482426
3 4 2650251 0 1788909806 631612 2153926
0 9 2937923 0 1788909806 982120 2586790
1 9 2928263 0 1788909806 984009 2704669
2 6 2918461 0 1788909806 998477 2804120
0 10 3477964 0 1788909807 611804 3110817
1 10 3442396 0 1788909807 612978 3341203
3 5 3529191 0 1788909807 640519 2870309
0 11 3824866 0 1788909808 4263 3570237
1 11 3821961 0 1788909808 4431 3678196
2 7 3829941 0 1788909808 4551 3430974
2 8 4096948 0 1788909808 445807 4085328
0 12 4281739 0 1788909808 528745 3939330
1 12 4212762 0 1788909808 532633 3979355
3 6 4341554 0 1788909808 539111 3806422
0 13 4490360 0 1788909808 887217 4225321
1 13 4473998 0 1788909808 887575 4381044
2 9 4529150 0 1788909808 911334 4141378
1 14 4712815 0 1788909809 231949 4669472
0 14 4950572 0 1788909809 425795 4581507
2 10 4906015 0 1788909809 426048 4818675
3 7 5012101 0 1788909809 426337 4461058
0 15 5122169 0 1788909809 689699 4955837
1 15 5144634 0 1788909809 689955 4880209
2 11 5114522 0 1788909809 690538 5037217
0 16 5360251 0 1788909809 966369 5173126
1 16 5349909 0 1788909809 966820 5247336
3 8 5387061 0 1788909809 966983 5109481
0 17 5609333 0 1788909810 279153 5422857
1 17 5526615 0 1788909810 290548 5419447
2 12 5650831 0 1788909810 290763 5325932
0 18 5618155 0 1788909810 419642 5600429
1 18 5935114 0 1788909810 743321 5726675
2 13 5932204 0 1788909810 743519 5834142
3 9 5978195 0 1788909810 743697 5513222
0 19 6309563 0 1788909811 155308 5897369
1 19 6289680 0 1788909811 155502 6011419
2 14 6256202 0 1788909811 155618 6103051
0 20 6547902 0 1788909811 490969 6350987
1 20 6527085 0 1788909811 491158 6424911
3 10 6581708 0 1788909811 492639 6244116
0 21 6826836 0 1788909811 865669 6573519
1 21 6833466 0 1788909811 876921 6701338
2 15 6871394 0 1788909811 877040 6485065
0 22 7172566 0 1788909812 247366 6951785
1 22 7158587 0 1788909812 247561 7058716
3 11 7184301 0 1788909812 247729 6801529
0 23 7378681 0 1788909812 534607 7179612
1 23 7342813 0 1788909812 534816 7258115
2 16 7409628 0 1788909812 534990 7121732
0 24 7594623 0 1788909812 814443 7397854
1 24 7579932 0 1788909812 814729 7470531
3 12 7597209 0 1788909812 814909 7316662
0 25 7959562 0 1788909813 212737 7655786
1 25 7940671 0 1788909813 234249 7691459
2 17 7985420 0 1788909813 234511 7554114
0 26 8220878 0 1788909813 556472 8029979
1 26 8193166 0 1788909813 556660 8095633
3 13 8237442 0 1788909813 556933 7892990
2 18 8176919 0 1788909813 560625 8172421
