4 1 349516 0 1788909793 405735 70524
5 1 358634 0 1788909793 425314 176348
6 1 358363 0 1788909793 425589 258333
4 2 605695 0 1788909793 695545 425832
5 2 612748 0 1788909793 706662 509232
7 1 638695 0 1788909793 707167 337042
4 3 1388029 0 1788909794 514587 693505
5 3 1384295 0 1788909794 514745 1007965
6 2 1393381 0 1788909794 514848 573637
4 4 1720258 0 1788909794 863667 1477233
5 4 1722419 0 1788909794 871457 1612661
7 2 1750329 0 1788909794 883204 1381458
4 5 1917133 0 1788909795 78334 1787368
5 5 1898310 0 1788909795 78517 1830478
6 3 1930604 0 1788909795 88328 1698573
4 6 2084641 0 1788909795 291780 1951248
5 6 2065927 0 1788909795 293067 2002328
7 3 2092702 0 1788909795 297809 1872928
4 7 2230651 0 1788909795 499476 2113319
5 7 2210588 0 1788909795 499677 2158141
6 4 2246031 0 1788909795 499853 2037744
4 8 2457921 0 1788909795 775644 2302815
5 8 2395803 0 1788909795 778631 2318369
7 4 2462521 0 1788909795 778791 2182983
4 9 2593473 0 1788909795 987132 2459585
5 9 2589875 0 1788909795 987783 2526038
6 5 2596858 0 1788909795 988398 2375533
4 10 2875939 0 1788909796 308769 2644117
5 10 2851900 0 1788909796 308971 2729717
7 5 2887830 0 1788909796 309137 2561727
4 11 2926259 0 1788909796 429279 2922250
5 11 3099517 0 1788909796 624252 2967134
6 6 3132604 0 1788909796 624640 2813232
7 6 3045042 0 1788909796 625072 2977641
4 12 3294449 0 1788909796 882113 3035304
5 12 3201486 0 1788909796 883522 3014479
6 7 3194908 0 1788909796 883847 3069752
4 13 3294302 0 1788909797 33371 3219207
5 13 3292602 0 1788909797 33504 3255820
7 7 3336438 0 1788909797 38113 3180238
4 14 3442305 0 1788909797 190775 3338429
5 14 3436907 0 1788909797 191329 3380284
6 8 3445882 0 1788909797 191454 3287573
4 15 3555389 0 1788909797 318499 3466215
5 15 3534255 0 1788909797 318619 3481738
7 8 3561813 0 1788909797 318814 3433056
4 16 3756392 0 1788909797 607367 3528905
5 16 3734474 0 1788909797 607609 3604903
6 9 3783758 0 1788909797 607779 3494284
4 17 4047247 0 1788909797 950188 3822956
5 17 4010338 0 1788909797 950450 3869763
7 9 4065678 0 1788909797 950599 3682383
4 18 4071844 0 1788909798 71043 4068890
5 18 4361188 0 1788909798 384688 4150610
6 10 4440387 0 1788909798 384840 3995244
7 10 4312827 0 1788909798 385005 4226531
4 19 4588217 0 1788909798 662482 4310186
5 19 4582862 0 1788909798 662726 4407968
6 11 4560798 0 1788909798 662955 4477799
4 20 4799956 0 1788909798 948986 4600235
5 20 4769741 0 1788909798 949244 4653810
7 11 4816034 0 1788909798 949361 4528882
4 21 5025345 0 1788909799 236431 4847757
5 21 5012986 0 1788909799 236589 4929800
6 12 5068512 0 1788909799 263152 4754102
4 22 5441394 0 1788909799 682316 5102438
5 22 5398040 0 1788909799 690342 5229913
7 12 5458148 0 1788909799 690677 5003487
4 23 5720854 0 1788909800 24656 5504076
5 23 5708105 0 1788909800 24793 5612579
6 13 5728088 0 1788909800 24952 5385279
6 14 5959557 0 1788909800 346300 5933514
4 24 6060355 0 1788909800 433197 5753632
5 24 6058970 0 1788909800 433445 5856475
7 13 6071807 0 1788909800 433672 5662493
4 25 6286298 0 1788909800 707295 6093273
5 25 6257743 0 1788909800 707432 6172745
6 15 6330617 0 1788909800 719002 6044543
4 26 6463700 0 1788909800 962931 6297657
5 26 6442209 0 1788909800 963118 6357314
7 14 6513010 0 1788909800 963643 6256336
4 27 6706493 0 1788909801 237317 6527203
5 27 6690771 0 1788909801 237510 6611405
6 16 6714323 0 1788909801 237620 6439232
4 28 6931960 0 1788909801 547101 6721882
5 28 6921626 0 1788909801 547342 6837332
7 15 6937065 0 1788909801 547511 6626654
4 29 7153525 0 1788909801 786869 7001621
5 29 7130202 0 1788909801 787255 7051167
6 17 7185622 0 1788909801 818267 6914256
5 30 7331113 0 1788909802 22031 7327892
4 30 7547466 0 1788909802 232499 7229623
6 18 7541859 0 1788909802 232847 7407662
7 16 7557127 0 1788909802 233017 7110728
4 31 7775120 0 1788909802 513267 7592440
5 31 7792588 0 1788909802 513392 7511281
6 19 7753922 0 1788909802 514159 7652418
4 32 8025585 0 1788909802 796719 7846780
5 32 8019995 0 1788909802 796909 7920190
7 17 8036735 0 1788909802 797014 7752732
4 33 8145930 0 1788909802 943711 8080611
6 20 8156788 0 1788909802 943914 8009201
5 33 8152444 0 1788909803 11139 8084731
