4 1 350627 0 1788909751 662784 65052
5 1 357643 0 1788909751 680260 168565
6 1 357292 0 1788909751 680456 250857
4 2 668407 0 1788909752 14195 479552
5 2 664542 0 1788909752 14395 562951
7 1 693377 0 1788909752 17788 336213
4 3 964917 0 1788909752 347413 762574
5 3 973441 0 1788909752 359830 859836
6 2 982564 0 1788909752 359970 636475
4 4 1470508 0 1788909752 869855 1101793
5 4 1465068 0 1788909752 870043 1285452
7 2 1481910 0 1788909752 870724 958461
4 5 1716637 0 1788909753 133776 1681174
5 5 2070744 0 1788909753 506888 1812598
6 3 2111583 0 1788909753 525244 1447456
7 3 2064479 0 1788909753 525524 1938496
4 6 2310059 0 1788909753 773136 2043562
5 6 2290255 0 1788909753 773334 2158666
6 4 2264066 0 1788909753 773826 2193958
4 7 2480437 0 1788909754 25465 2303133
5 7 2453611 0 1788909754 25819 2369471
7 4 2501269 0 1788909754 26032 2248104
4 8 2685420 0 1788909754 324186 2489193
5 8 2676840 0 1788909754 324319 2588782
6 5 2750813 0 1788909754 324473 2451454
4 9 2865180 0 1788909754 519025 2735303
5 9 2841994 0 1788909754 519239 2777768
7 5 2870782 0 1788909754 520378 2674308
4 10 3035342 0 1788909754 748351 2882692
5 10 3000499 0 1788909754 748473 2926619
6 6 3061821 0 1788909754 750588 2829992
4 11 3137759 0 1788909754 918432 3025190
5 11 3084599 0 1788909754 920567 3014513
7 6 3164279 0 1788909754 923236 2989191
4 12 3176053 0 1788909755 114027 3051116
5 12 3169276 0 1788909755 114152 3095931
6 7 3270724 0 1788909755 114327 3073064
4 13 3380324 0 1788909755 375330 3185762
5 13 3378699 0 1788909755 375538 3283355
7 7 3420553 0 1788909755 378167 3156175
4 14 3645325 0 1788909755 649733 3442994
5 14 3639907 0 1788909755 650267 3551397
6 8 3671683 0 1788909755 673192 3373263
6 9 3939830 0 1788909756 19789 3917660
4 15 4083278 0 1788909756 102326 3747794
5 15 4062146 0 1788909756 102448 3884857
7 8 4089629 0 1788909756 102568 3636257
4 16 4231603 0 1788909756 360676 4046964
5 16 4221116 0 1788909756 361976 4097301
6 10 4255188 0 1788909756 362101 3994282
4 17 4370489 0 1788909756 566539 4247160
5 17 4366870 0 1788909756 567261 4301751
7 9 4410760 0 1788909756 569639 4192790
4 18 4511561 0 1788909756 790999 4352562
5 18 4468717 0 1788909756 796833 4369785
6 11 4553533 0 1788909756 808670 4311123
4 19 4747747 0 1788909757 83548 4565388
5 19 4725597 0 1788909757 83691 4624364
7 10 4753727 0 1788909757 83930 4453497
4 20 4895682 0 1788909757 300651 4778662
5 20 4865421 0 1788909757 300862 4805539
6 12 4911966 0 1788909757 301231 4694132
4 21 5049232 0 1788909757 516255 4930365
5 21 5036934 0 1788909757 516475 4978300
7 11 5066020 0 1788909757 516598 4849848
4 22 5213858 0 1788909757 710718 5081076
5 22 5162739 0 1788909757 710979 5097759
6 13 5222704 0 1788909757 711172 5027476
4 23 5305535 0 1788909757 865275 5197394
5 23 5292928 0 1788909757 865555 5234687
7 12 5312962 0 1788909757 865764 5157635
4 24 5376412 0 1788909758 5192 5292668
5 24 5375345 0 1788909758 5757 5335403
6 14 5388365 0 1788909758 6168 5247178
4 25 5624179 0 1788909758 268502 5437053
5 25 5591722 0 1788909758 268656 5520379
7 13 5630307 0 1788909758 272989 5362213
4 26 5853914 0 1788909758 560485 5656377
5 26 5805541 0 1788909758 560709 5744373
6 15 5855196 0 1788909758 560823 5562654
4 27 6038583 0 1788909758 817819 5855915
5 27 6031470 0 1788909758 818232 5937052
7 14 6047931 0 1788909758 824779 5783347
4 28 6187554 0 1788909759 53939 6016776
5 28 6185170 0 1788909759 56249 6074801
6 16 6254751 0 1788909759 57428 6014914
4 29 6711824 0 1788909759 600407 6320779
5 29 6711285 0 1788909759 600567 6514291
7 15 6728486 0 1788909759 610140 6165637
4 30 7243955 0 1788909760 175874 6952155
5 30 7248188 0 1788909760 189159 7043687
6 17 7276532 0 1788909760 189524 6687138
4 31 8076181 0 1788909761 23108 7522255
5 31 8046572 0 1788909761 23314 7821456
7 16 8076569 0 1788909761 23425 7228717
6 18 8242111 0 1788909761 236196 8028857
4 32 8238021 0 1788909761 254196 8219210
