0 1 156428 0 1788909709 923280 47413
1 1 140886 0 1788909709 924268 72420
2 1 140370 0 1788909709 924442 108144
0 2 315055 0 1788909710 118940 187739
1 2 296977 0 1788909710 129001 210731
3 1 328500 0 1788909710 129241 122112
0 3 471264 0 1788909710 360253 322932
1 3 451679 0 1788909710 360724 355491
2 2 515815 0 1788909710 361278 271619
0 4 646506 0 1788909710 573615 504570
1 4 643705 0 1788909710 579258 569402
3 2 657269 0 1788909710 579589 437139
0 5 810544 0 1788909710 769440 670699
1 5 812298 0 1788909710 777559 731261
2 3 836078 0 1788909710 779417 629499
0 6 978599 0 1788909710 985740 830413
1 6 959398 0 1788909710 990408 863016
3 3 1018944 0 1788909710 990718 797054
0 7 995537 0 1788909711 146651 891969
1 7 992091 0 1788909711 150357 934827
2 4 1102721 0 1788909711 150716 929765
0 8 1192095 0 1788909711 376928 1025598
1 8 1148464 0 1788909711 377115 1053097
3 4 1193858 0 1788909711 377229 963113
0 9 1282500 0 1788909711 528706 1185562
1 9 1271122 0 1788909711 528878 1222041
2 5 1284080 0 1788909711 529005 1131825
0 10 1392656 0 1788909711 705994 1267488
1 10 1371185 0 1788909711 707035 1313227
3 5 1425210 0 1788909711 707234 1246459
0 11 1485217 0 1788909711 861837 1391076
1 11 1485762 0 1788909711 867167 1431921
2 6 1495270 0 1788909711 867861 1332712
0 12 1626689 0 1788909712 26255 1521214
1 12 1582954 0 1788909712 31969 1521748
3 6 1647777 0 1788909712 32256 1477073
0 13 1761886 0 1788909712 312753 1612734
1 13 1736748 0 1788909712 320941 1649620
2 7 1804428 0 1788909712 326309 1504248
0 14 1970115 0 1788909712 585700 1801198
1 14 1994915 0 1788909712 611159 1890845
3 7 2012448 0 1788909712 611314 1713619
0 15 2100028 0 1788909712 821171 1963117
1 15 2099780 0 1788909712 821822 2032106
2 8 2147486 0 1788909712 824718 1908174
0 16 2258850 0 1788909713 28390 2133134
1 16 2250589 0 1788909713 28614 2188034
3 8 2281491 0 1788909713 28821 2073697
0 17 2640872 0 1788909713 448999 2317359
1 17 2630224 0 1788909713 449144 2416446
2 9 2667312 0 1788909713 449242 2241024
0 18 2812910 0 1788909713 684738 2670130
1 18 2737510 0 1788909713 703453 2643929
3 9 2866308 0 1788909713 708250 2606771
0 19 2921156 0 1788909713 924653 2807706
1 19 2914715 0 1788909713 924931 2849474
2 10 2957606 0 1788909713 925117 2716838
0 20 3123259 0 1788909714 171012 2957281
1 20 3103437 0 1788909714 171268 3032580
3 10 3158124 0 1788909714 171447 2911046
0 21 3234048 0 1788909714 346988 3119463
1 21 3202149 0 1788909714 347225 3151792
2 11 3245950 0 1788909714 347376 3069330
0 22 3346973 0 1788909714 554628 3204905
1 22 3314245 0 1788909714 555086 3257732
3 11 3402738 0 1788909714 568820 3179869
0 23 3575278 0 1788909714 840714 3383067
1 23 3569375 0 1788909714 846184 3450403
2 12 3600911 0 1788909714 846375 3308834
0 24 3835193 0 1788909715 162563 3616351
1 24 3812500 0 1788909715 170436 3707634
3 12 3879750 0 1788909715 170733 3549311
0 25 3942326 0 1788909715 362036 3838596
1 25 3940402 0 1788909715 362232 3898540
2 13 3975162 0 1788909715 369178 3768269
0 26 4135407 0 1788909715 586507 3981578
1 26 4131662 0 1788909715 586846 4044704
3 13 4150216 0 1788909715 587022 3924959
0 27 4328501 0 1788909715 850000 4162081
1 27 4314560 0 1788909715 852163 4233461
2 14 4356742 0 1788909715 852329 4090647
0 28 4451350 0 1788909716 37063 4333064
1 28 4447387 0 1788909716 37257 4384585
3 14 4471931 0 1788909716 37435 4284196
0 29 4629384 0 1788909716 224665 4505953
1 29 4625069 0 1788909716 225174 4554853
2 15 4635135 0 1788909716 225355 4446615
0 30 4684572 0 1788909716 387292 4593193
1 30 4670753 0 1788909716 389752 4628201
3 15 4711956 0 1788909716 391649 4542729
0 31 4785003 0 1788909716 533051 4699980
1 31 4776269 0 1788909716 533967 4730804
2 16 4813280 0 1788909716 535485 4664106
0 32 4851939 0 1788909716 659346 4773260
1 32 4792056 0 1788909716 659545 4750464
3 16 4896013 0 1788909716 660209 4768559
0 33 4912244 0 1788909716 789211 4826108
1 33 4882810 0 1788909716 789503 4841859
2 17 4921538 0 1788909716 790376 4790253
0 34 4976411 0 1788909716 932193 4888289
1 34 4953491 0 1788909716 932437 4914655
3 17 5020461 0 1788909716 932670 4876308
0 35 5039196 0 1788909717 49390 4963078
1 35 4978475 0 1788909717 50743 4935586
2 18 5064049 0 1788909717 50919 4945052
0 36 5114646 0 1788909717 201314 5008872
1 36 5097616 0 1788909717 201767 5039067
3 18 5124059 0 1788909717 202154 4970347
0 37 5210475 0 1788909717 370073 5115168
1 37 5187499 0 1788909717 370861 5137678
2 19 5238895 0 1788909717 371468 5068485
0 38 5325639 0 1788909717 534844 5216302
1 38 5318218 0 1788909717 535131 5256734
3 19 5330360 0 1788909717 536300 5163329
0 39 5468136 0 1788909717 717702 5358454
1 39 5467904 0 1788909717 720559 5414443
2 20 5497829 0 1788909717 720670 5310327
0 40 5453105 0 1788909717 788680 5442751
1 40 5565945 0 1788909717 921284 5483551
2 21 5548762 0 1788909717 921779 5509840
3 20 5658038 0 1788909717 926868 5448649
0 41 5707107 0 1788909718 127723 5500076
1 41 5706889 0 1788909718 127856 5553809
2 22 5702471 0 1788909718 128012 5635788
0 42 5884659 0 1788909718 365602 5724395
1 42 5844659 0 1788909718 367748 5768300
3 21 5911494 0 1788909718 371626 5667385
0 43 5960797 0 1788909718 559035 5845161
1 43 5960766 0 1788909718 560186 5900504
2 23 5970488 0 1788909718 560329 5770702
0 44 6132223 0 1788909718 770853 5985553
1 44 6125001 0 1788909718 771016 6053783
3 22 6154945 0 1788909718 771135 5942589
0 45 6392445 0 1788909719 77302 6194994
1 45 6392266 0 1788909719 77461 6290198
2 24 6393799 0 1788909719 77603 6086657
0 46 6468286 0 1788909719 168115 6463097
1 46 6767557 0 1788909719 530292 6498469
2 25 6758785 0 1788909719 530569 6541555
3 23 6842050 0 1788909719 530807 6388244
0 47 6949153 0 1788909719 730943 6748092
1 47 6918907 0 1788909719 747438 6902188
