4 1 518831 0 1788909762 427886 138457
5 1 509436 0 1788909762 428951 326154
6 1 509409 0 1788909762 429471 412586
4 2 683271 0 1788909762 625958 577127
5 2 679362 0 1788909762 626112 625783
7 1 704936 0 1788909762 626244 506041
4 3 693305 0 1788909762 672698 688555
5 3 859622 0 1788909762 842908 745071
6 2 869239 0 1788909762 843542 651464
7 2 864037 0 1788909762 849748 794400
4 4 1021100 0 1788909763 17344 846418
5 4 1015664 0 1788909763 17537 901697
6 3 1007152 0 1788909763 17711 940428
4 5 1233635 0 1788909763 266677 1068719
5 5 1227643 0 1788909763 285586 1131396
7 3 1280716 0 1788909763 294753 1003090
4 6 1607079 0 1788909763 687055 1325324
5 6 1581113 0 1788909763 687826 1463154
6 4 1628567 0 1788909763 688541 1206493
4 7 1808815 0 1788909763 950741 1660719
5 7 1781758 0 1788909763 950864 1706087
7 4 1829295 0 1788909763 950955 1556161
4 8 1861280 0 1788909764 96943 1783274
5 8 1852824 0 1788909764 97200 1816539
6 5 1926774 0 1788909764 97332 1780020
4 9 2025365 0 1788909764 276109 1890493
5 9 2006123 0 1788909764 280267 1932999
7 5 2034590 0 1788909764 281085 1850201
4 10 2090395 0 1788909764 400301 2007641
5 10 2055646 0 1788909764 400518 2012098
6 6 2115028 0 1788909764 400693 1989993
4 11 2155070 0 1788909764 532641 2059590
5 11 2100003 0 1788909764 532869 2060614
7 6 2177146 0 1788909764 533001 2044204
4 12 2105973 0 1788909764 640844 2037288
5 12 2099292 0 1788909764 641066 2063047
6 7 2200670 0 1788909764 641170 2091746
4 13 2160685 0 1788909764 752589 2087921
5 13 2159413 0 1788909764 753150 2119827
7 7 2203189 0 1788909764 757700 2086059
4 14 2265660 0 1788909764 866966 2204607
5 14 2264519 0 1788909764 871778 2229544
6 8 2273765 0 1788909764 872173 2153127
4 15 2385467 0 1788909765 1413 2297592
5 15 2364366 0 1788909765 1566 2319807
7 8 2394959 0 1788909765 4796 2256851
4 16 2500618 0 1788909765 204428 2364949
5 16 2478598 0 1788909765 204570 2419129
6 9 2527824 0 1788909765 204681 2324210
4 17 2618130 0 1788909765 373907 2516997
5 17 2581083 0 1788909765 374031 2524343
7 9 2636374 0 1788909765 374132 2466228
4 18 2684542 0 1788909765 536577 2588222
5 18 2660939 0 1788909765 537275 2607294
6 10 2740231 0 1788909765 537520 2576474
4 19 2836241 0 1788909765 763342 2681213
5 19 2831121 0 1788909765 763821 2761684
7 10 2838931 0 1788909765 763946 2610739
4 20 2987055 0 1788909765 973218 2828761
5 20 2971645 0 1788909765 973511 2889498
6 11 3018656 0 1788909765 973649 2808125
4 21 3170343 0 1788909766 217819 2983476
5 21 3154029 0 1788909766 217950 3041499
7 11 3186834 0 1788909766 219173 2940554
4 22 3500916 0 1788909766 586282 3205909
5 22 3507912 0 1788909766 601669 3372149
6 12 3525360 0 1788909766 601799 3141116
4 23 3699464 0 1788909766 849164 3540034
5 23 3692665 0 1788909766 849304 3621601
7 12 3708035 0 1788909766 853173 3439966
4 24 3818908 0 1788909767 33609 3704878
5 24 3808211 0 1788909767 33889 3740315
6 13 3864517 0 1788909767 34042 3679409
4 25 3940005 0 1788909767 179585 3862868
5 25 3938783 0 1788909767 180003 3903896
7 13 3952922 0 1788909767 180232 3805894
4 26 4000135 0 1788909767 302660 3917742
5 26 4002504 0 1788909767 305973 3948110
6 14 4032362 0 1788909767 306194 3904913
4 27 4058777 0 1788909767 432522 3970812
5 27 4056618 0 1788909767 432751 4011446
7 14 4080863 0 1788909767 432929 3950317
4 28 4178659 0 1788909767 578234 4079850
5 28 4115140 0 1788909767 578423 4053476
6 15 4194940 0 1788909767 578600 4048578
4 29 4220429 0 1788909767 698980 4137867
5 29 4216865 0 1788909767 702346 4176888
7 15 4234568 0 1788909767 702546 4109274
4 30 4305312 0 1788909767 815202 4233831
5 30 4286949 0 1788909767 815675 4249215
6 16 4331168 0 1788909767 817348 4212359
4 31 4377233 0 1788909767 920987 4316671
5 31 4377371 0 1788909767 921196 4348730
7 16 4387897 0 1788909767 925767 4276780
4 32 4494198 0 1788909768 85181 4398836
5 32 4472391 0 1788909768 85463 4428547
6 17 4511944 0 1788909768 85584 4347093
4 33 4584002 0 1788909768 207972 4509689
5 33 4578396 0 1788909768 208147 4535811
7 17 4595182 0 1788909768 208298 4471812
4 34 4654648 0 1788909768 305266 4588118
5 34 4594002 0 1788909768 305532 4558630
6 18 4669892 0 1788909768 309853 4567780
4 35 4672050 0 1788909768 394486 4616961
5 35 4655937 0 1788909768 394733 4629932
7 18 4672580 0 1788909768 394869 4582716
4 36 4713701 0 1788909768 494448 4649407
5 36 4709042 0 1788909768 494700 4679124
6 19 4737247 0 1788909768 495224 4636211
4 37 4786648 0 1788909768 589403 4724265
5 37 4780791 0 1788909768 590252 4745030
7 19 4798938 0 1788909768 590521 4702675
4 38 4876945 0 1788909768 717283 4785014
5 38 4876051 0 1788909768 717591 4828233
6 20 4883904 0 1788909768 717742 4755299
4 39 4940862 0 1788909768 811234 4885658
5 39 4906221 0 1788909768 811467 4878821
7 20 4962243 0 1788909768 811635 4867651
4 40 5001594 0 1788909768 921599 4918284
5 40 4995167 0 1788909768 921835 4947982
6 21 5011637 0 1788909768 921934 4900686
4 41 5070299 0 1788909769 43955 4984266
5 41 5061465 0 1788909769 44508 5014764
7 21 5103473 0 1788909769 45036 4979716
4 42 5126760 0 1788909769 143308 5067350
5 42 5096685 0 1788909769 143545 5066015
6 22 5131204 0 1788909769 143755 5030989
4 43 5194298 0 1788909769 249166 5127958
5 43 5177896 0 1788909769 249546 5149386
7 22 5200751 0 1788909769 249666 5094189
4 44 5271832 0 1788909769 370736 5204062
5 44 5221249 0 1788909769 370957 5183522
6 23 5294749 0 1788909769 371122 5172587
4 45 5316652 0 1788909769 485818 5240965
5 45 5303176 0 1788909769 485963 5265558
7 23 5327200 0 1788909769 486084 5211536
4 46 5316633 0 1788909769 591229 5248156
5 46 5249983 0 1788909769 591423 5217686
6 24 5361642 0 1788909769 594135 5253094
4 47 5316356 0 1788909769 698781 5257582
5 47 5265243 0 1788909769 701799 5232660
7 24 5345878 0 1788909769 701955 5234913
4 48 5339555 0 1788909769 793659 5279874
5 48 5311864 0 1788909769 794163 5282498
6 25 5350333 0 1788909769 794534 5254249
4 49 5398934 0 1788909769 908627 5318692
5 49 5374159 0 1788909769 908882 5336736
7 25 5403525 0 1788909769 909076 5287884
4 50 5415092 0 1788909770 37970 5327762
5 50 5397826 0 1788909770 38211 5348072
6 26 5457206 0 1788909770 38414 5327123
4 51 5489642 0 1788909770 160951 5410760
5 51 5486282 0 1788909770 161711 5441762
7 26 5491308 0 1788909770 161890 5366934
4 52 5580617 0 1788909770 285223 5503243
5 52 5563157 0 1788909770 285463 5533230
6 27 5610284 0 1788909770 285923 5485018
4 53 5659807 0 1788909770 437577 5580703
5 53 5659889 0 1788909770 437921 5623235
7 27 5711912 0 1788909770 438097 5558869
4 54 5683435 0 1788909770 538775 5613266
5 54 5666628 0 1788909770 539047 5626657
6 28 5696136 0 1788909770 539217 5593689
4 55 5745893 0 1788909770 643886 5678315
5 55 5737325 0 1788909770 644121 5705441
7 28 5754955 0 1788909770 644782 5648695
4 56 5855490 0 1788909770 763908 5770303
5 56 5825494 0 1788909770 764120 5781298
6 29 5856283 0 1788909770 764242 5735707
4 57 5941001 0 1788909770 934305 5824968
5 57 5940341 0 1788909770 934535 5872284
7 29 5949274 0 1788909770 934628 5778304
4 58 6045784 0 1788909771 55099 5970328
5 58 5985865 0 1788909771 56006 5950038
6 30 6054927 0 1788909771 56675 5932373
4 59 6013816 0 1788909771 198014 5910736
5 59 5993132 0 1788909771 198326 5943478
7 30 6064786 0 1788909771 202388 5917265
4 60 6100949 0 1788909771 330345 6019090
5 60 6077061 0 1788909771 330590 6033848
6 31 6117925 0 1788909771 330820 5984839
4 61 6076186 0 1788909771 437419 6009973
5 61 6015512 0 1788909771 437676 5981364
7 31 6162276 0 1788909771 437824 6054530
4 62 6082673 0 1788909771 529529 6023488
5 62 6082271 0 1788909771 529981 6054007
6 32 6105859 0 1788909771 530120 6012813
4 63 6148801 0 1788909771 634866 6077882
5 63 6135867 0 1788909771 635011 6097310
7 32 6180245 0 1788909771 635154 6074340
4 64 6189262 0 1788909771 738887 6123421
5 64 6146991 0 1788909771 739179 6112867
6 33 6207934 0 1788909771 739389 6103045
6 34 6227828 0 1788909771 867027 6223603
4 65 6240570 0 1788909771 867265 6150227
5 65 6239256 0 1788909771 867394 6195799
7 33 6273736 0 1788909771 867498 6144871
