0 1 149073 0 1788909782 410574 32310
1 1 133716 0 1788909782 411748 49360
2 1 133424 0 1788909782 412147 90138
0 2 291522 0 1788909782 590058 149356
1 2 267744 0 1788909782 594418 170616
3 1 299217 0 1788909782 594608 114948
0 3 340845 0 1788909782 724484 256984
1 3 321117 0 1788909782 724811 276779
2 2 384882 0 1788909782 724995 249664
0 4 415814 0 1788909782 837573 339099
1 4 407995 0 1788909782 838197 371126
3 2 421455 0 1788909782 838425 307235
0 5 480285 0 1788909782 933830 414753
1 5 474313 0 1788909782 934224 439230
2 3 498013 0 1788909782 936003 399317
0 6 524627 0 1788909783 26417 469132
1 6 501328 0 1788909783 26988 473361
3 3 561033 0 1788909783 27457 467155
0 7 556340 0 1788909783 202104 411725
1 7 549413 0 1788909783 202330 446442
2 4 659810 0 1788909783 202455 483553
0 8 711266 0 1788909783 390748 599588
1 8 671078 0 1788909783 394379 622295
3 4 716564 0 1788909783 394584 523786
0 9 781251 0 1788909783 522107 698883
1 9 769932 0 1788909783 522338 734357
2 5 782898 0 1788909783 522473 650908
0 10 808857 0 1788909783 616844 746339
1 10 788047 0 1788909783 618546 755229
3 5 842516 0 1788909783 619190 745151
0 11 844905 0 1788909783 716174 778220
1 11 840350 0 1788909783 716406 805199
2 6 849322 0 1788909783 716564 748700
0 12 925613 0 1788909783 819828 851664
1 12 876578 0 1788909783 820242 833845
3 6 941271 0 1788909783 820400 836861
0 13 888564 0 1788909783 934081 817827
1 13 855969 0 1788909783 934811 821315
2 7 918479 0 1788909783 935010 803094
0 14 979319 0 1788909784 89554 881507
1 14 978846 0 1788909784 89740 933116
3 7 999909 0 1788909784 93425 840220
0 15 997914 0 1788909784 213707 925407
1 15 997242 0 1788909784 213935 959028
2 8 1042299 0 1788909784 214181 917520
0 16 1051260 0 1788909784 315450 983021
1 16 1043009 0 1788909784 315684 1006439
3 8 1078583 0 1788909784 320562 971388
0 17 1112608 0 1788909784 415385 1050848
1 17 1102061 0 1788909784 415631 1073211
2 9 1139388 0 1788909784 415969 1038607
0 18 1168581 0 1788909784 535059 1084887
1 18 1074684 0 1788909784 535276 1029134
3 9 1198851 0 1788909784 535442 1078488
0 19 1137577 0 1788909784 635724 1072013
1 19 1131087 0 1788909784 635954 1097390
2 10 1173970 0 1788909784 636132 1072643
0 20 1212269 0 1788909784 754672 1142291
1 20 1192457 0 1788909784 754938 1153965
3 10 1247291 0 1788909784 755264 1127506
0 21 1253073 0 1788909784 860662 1188401
1 21 1221882 0 1788909784 861607 1187305
2 11 1265713 0 1788909784 861788 1158369
0 22 1245414 0 1788909784 947718 1189328
1 22 1212360 0 1788909784 947852 1182724
3 11 1287307 0 1788909784 948040 1199733
0 23 1280695 0 1788909785 40781 1220484
1 23 1269449 0 1788909785 40908 1238377
2 12 1301011 0 1788909785 41124 1207384
0 24 1343163 0 1788909785 165183 1251858
1 24 1312772 0 1788909785 165357 1252616
3 12 1379809 0 1788909785 165442 1254904
0 25 1384933 0 1788909785 299293 1296667
1 25 1383250 0 1788909785 299729 1333890
2 13 1411959 0 1788909785 300621 1276394
0 26 1511376 0 1788909785 457126 1398670
1 26 1507468 0 1788909785 457302 1437549
3 13 1526885 0 1788909785 458341 1367588
0 27 1622023 0 1788909785 638173 1517289
1 27 1606964 0 1788909785 639218 1554641
2 14 1659925 0 1788909785 650161 1466639
0 28 1712064 0 1788909785 792427 1626690
1 28 1708054 0 1788909785 792574 1668384
3 14 1732581 0 1788909785 792734 1577688
0 29 1832936 0 1788909785 922866 1748719
1 29 1828268 0 1788909785 923023 1784370
2 15 1838250 0 1788909785 923121 1707330
0 30 1900359 0 1788909786 97728 1769070
1 30 1884349 0 1788909786 97998 1817653
3 15 1923833 0 1788909786 98176 1747486
0 31 2033984 0 1788909786 276681 1933557
1 31 2025201 0 1788909786 277550 1982057
2 16 2060833 0 1788909786 277687 1880261
0 32 2124527 0 1788909786 426583 2032374
1 32 2065040 0 1788909786 427180 2018247
3 16 2168719 0 1788909786 427565 2017530
0 33 2190596 0 1788909786 562213 2098320
1 33 2161099 0 1788909786 562442 2116149
2 17 2199075 0 1788909786 562563 2058984
0 34 2217452 0 1788909786 667884 2155807
1 34 2194523 0 1788909786 668118 2164320
3 17 2261395 0 1788909786 668256 2154554
0 35 2257314 0 1788909786 762158 2194820
1 35 2195486 0 1788909786 762403 2163427
2 18 2281732 0 1788909786 763251 2186159
0 36 2273591 0 1788909786 854908 2215984
1 36 2256362 0 1788909786 855162 2229234
3 18 2282584 0 1788909786 855330 2189049
0 37 2299410 0 1788909786 953659 2235009
1 37 2275786 0 1788909786 953797 2243383
2 19 2326685 0 1788909786 953908 2227496
0 38 2374026 0 1788909787 77880 2299702
1 38 2366596 0 1788909787 78158 2329834
3 19 2377737 0 1788909787 78326 2252855
0 39 2489478 0 1788909787 233690 2390371
1 39 2486552 0 1788909787 233857 2439577
2 20 2522353 0 1788909787 239845 2360152
0 40 2524311 0 1788909787 354536 2454256
1 40 2504748 0 1788909787 354737 2467621
3 20 2591428 0 1788909787 354908 2469946
0 41 2549742 0 1788909787 465008 2477175
1 41 2549631 0 1788909787 465248 2512235
2 21 2597692 0 1788909787 465359 2486488
0 42 2611791 0 1788909787 566574 2538307
1 42 2591094 0 1788909787 566687 2555192
3 21 2646605 0 1788909787 566796 2544299
0 43 2589808 0 1788909787 674300 2514447
1 43 2581814 0 1788909787 674701 2544927
2 22 2657274 0 1788909787 675013 2548706
0 44 2667753 0 1788909787 778593 2598011
1 44 2645596 0 1788909787 778876 2607469
3 22 2685034 0 1788909787 779104 2579859
0 45 2695742 0 1788909787 874196 2635011
1 45 2694835 0 1788909787 874342 2668611
2 23 2733836 0 1788909787 874501 2637722
0 46 2788201 0 1788909787 971608 2717290
1 46 2777370 0 1788909787 971849 2738501
3 23 2792124 0 1788909787 971969 2694012
0 47 2824468 0 1788909788 90902 2745640
1 47 2814592 0 1788909788 91032 2767648
2 24 2834016 0 1788909788 91401 2713969
0 48 2851085 0 1788909788 201310 2784835
1 48 2835204 0 1788909788 201500 2803038
3 24 2878435 0 1788909788 201615 2767455
0 49 2846644 0 1788909788 315266 2765189
1 49 2845162 0 1788909788 315456 2794618
2 25 2945118 0 1788909788 316095 2830121
0 50 3057084 0 1788909788 547706 2884794
1 50 2994287 0 1788909788 548491 2904475
3 25 3073020 0 1788909788 548664 2838765
0 51 3084588 0 1788909788 681402 3003473
1 51 3078516 0 1788909788 681561 3040786
2 26 3115164 0 1788909788 681801 2979925
0 52 3107244 0 1788909788 776308 3046849
1 52 3094612 0 1788909788 777144 3061372
3 26 3127687 0 1788909788 777264 3026601
0 53 3180150 0 1788909788 863879 3124403
1 53 3137975 0 1788909788 864047 3110529
2 27 3181278 0 1788909788 864261 3093137
0 54 3220510 0 1788909788 951693 3161738
1 54 3206254 0 1788909788 951980 3176090
3 27 3223269 0 1788909788 952157 3134790
0 55 3260108 0 1788909789 45199 3195431
1 55 3255004 0 1788909789 45409 3219378
2 28 3285719 0 1788909789 46154 3190970
0 56 3289616 0 1788909789 132174 3234730
1 56 3272108 0 1788909789 132425 3242903
3 28 3320007 0 1788909789 133271 3231691
0 57 3326952 0 1788909789 209693 3275940
1 57 3284418 0 1788909789 209833 3257810
2 29 3345944 0 1788909789 210065 3267862
0 58 3298939 0 1788909789 288605 3248019
1 58 3287272 0 1788909789 288936 3260960
3 29 3344582 0 1788909789 289116 3264950
0 59 3333628 0 1788909789 378337 3274205
1 59 3276229 0 1788909789 378552 3245688
2 30 3342059 0 1788909789 378687 3251785
0 60 3228739 0 1788909789 462876 3172941
1 60 3144684 0 1788909789 463072 3116053
3 30 3289424 0 1788909789 463748 3203818
0 61 3182756 0 1788909789 568870 3110923
1 61 3165403 0 1788909789 569301 3123789
2 31 3184854 0 1788909789 569425 3078113
0 62 3214645 0 1788909789 707362 3128330
1 62 3204431 0 1788909789 707567 3164502
3 31 3249964 0 1788909789 707658 3110959
0 63 3321360 0 1788909789 833169 3244185
1 63 3319387 0 1788909789 833342 3279491
2 32 3322678 0 1788909789 833459 3196365
0 64 3442972 0 1788909789 972007 3348448
1 64 3444569 0 1788909789 982180 3384524
3 32 3453590 0 1788909789 982381 3304148
0 65 3573966 0 1788909790 122979 3482946
1 65 3554772 0 1788909790 123206 3508707
2 33 3575237 0 1788909790 123593 3423189
0 66 3688896 0 1788909790 289198 3574081
1 66 3655765 0 1788909790 289378 3595816
3 33 3728505 0 1788909790 300049 3551119
0 67 3843683 0 1788909790 507344 3720085
1 67 3838204 0 1788909790 507486 3780863
2 34 3864164 0 1788909790 507606 3645440
0 68 4039590 0 1788909790 732063 3898139
1 68 4032493 0 1788909790 732300 3962703
3 34 4051812 0 1788909790 732424 3826539
0 69 4300153 0 1788909791 4136 4118040
1 69 4297866 0 1788909791 4283 4230807
2 35 4301987 0 1788909791 4719 4028887
0 70 4484830 0 1788909791 219899 4346144
1 70 4468801 0 1788909791 220135 4399833
3 35 4505681 0 1788909791 220255 4289356
0 71 4657598 0 1788909791 431915 4532828
1 71 4650165 0 1788909791 432165 4593332
2 36 4670299 0 1788909791 432375 4457548
0 72 4838643 0 1788909791 636694 4701254
1 72 4820423 0 1788909791 636913 4747732
3 36 4844850 0 1788909791 637093 4639231
3 37 5008306 0 1788909791 847191 5004149
0 73 5074583 0 1788909791 898517 4891277
1 73 5068563 0 1788909791 898676 4941717
2 37 5079552 0 1788909791 899114 4816865
0 74 5281208 0 1788909792 160997 5110531
1 74 5244040 0 1788909792 161186 5165603
3 38 5318446 0 1788909792 161352 5055424
2 38 5323017 0 1788909792 277100 5206668
0 75 5274993 0 1788909792 280610 5271182
