3 1 379303 0 1788909720 664624 364290
0 1 506875 0 1788909720 758305 120158
1 1 495221 0 1788909720 763181 182232
2 1 506805 0 1788909720 775456 305077
0 2 693853 0 1788909721 10455 541361
1 2 680608 0 1788909721 10649 611010
3 2 732510 0 1788909721 20973 469597
0 3 822025 0 1788909721 215648 689092
1 3 808893 0 1788909721 215791 730298
2 2 842340 0 1788909721 215908 636748
0 4 956829 0 1788909721 376960 849361
1 4 950882 0 1788909721 378800 899189
3 3 967362 0 1788909721 379049 803742
0 5 1103003 0 1788909721 552842 993996
1 5 1100028 0 1788909721 556380 1052397
2 3 1113032 0 1788909721 556505 927751
0 6 1179648 0 1788909721 695236 1092129
1 6 1162854 0 1788909721 695428 1123870
3 4 1203861 0 1788909721 695579 1060873
0 7 1201212 0 1788909721 844058 1109401
1 7 1176370 0 1788909721 844318 1132182
2 4 1208759 0 1788909721 844451 1059103
0 8 1244504 0 1788909721 957733 1175283
1 8 1228438 0 1788909721 957941 1191796
3 5 1288711 0 1788909721 958121 1174371
0 9 1381701 0 1788909722 124034 1271368
1 9 1357584 0 1788909722 124186 1301021
2 5 1397365 0 1788909722 128149 1226673
0 10 1459780 0 1788909722 280208 1359382
1 10 1423320 0 1788909722 280489 1376687
3 6 1482822 0 1788909722 280737 1325838
0 11 1591938 0 1788909722 457921 1469827
1 11 1593891 0 1788909722 462949 1544442
2 6 1601948 0 1788909722 463145 1418681
0 12 1689989 0 1788909722 623582 1575123
1 12 1617337 0 1788909722 623796 1562028
3 7 1740289 0 1788909722 624432 1571973
0 13 1791859 0 1788909722 861615 1615631
1 13 1780870 0 1788909722 864315 1701652
2 7 1838272 0 1788909722 873717 1587410
2 8 1900412 0 1788909723 106134 1874249
0 14 2085520 0 1788909723 186343 1842336
1 14 2024746 0 1788909723 186556 1853853
3 8 2097575 0 1788909723 197738 1754787
0 15 2227952 0 1788909723 459890 2078458
1 15 2206048 0 1788909723 460165 2132794
2 9 2253891 0 1788909723 460511 1979466
0 16 2566598 0 1788909723 833106 2310678
1 16 2540544 0 1788909723 833249 2365198
3 9 2570748 0 1788909723 833351 2197015
0 17 2760911 0 1788909724 87430 2613629
1 17 2731941 0 1788909724 88347 2644974
2 10 2809594 0 1788909724 113092 2529433
1 18 2945277 0 1788909724 433352 2941599
1 19 3201292 0 1788909724 699194 3197598
0 18 3320670 0 1788909724 772759 2817892
2 11 3278313 0 1788909724 773108 3103059
3 10 3322958 0 1788909724 773478 2635911
3 11 3390656 0 1788909724 988174 3386029
0 19 3503579 0 1788909725 55988 3285599
1 20 3523880 0 1788909725 56211 3237107
2 12 3470389 0 1788909725 56392 3336722
0 20 3641030 0 1788909725 291690 3492230
1 21 3600270 0 1788909725 292502 3527760
3 12 3663068 0 1788909725 292721 3426083
0 21 3752466 0 1788909725 482507 3629359
1 22 3742512 0 1788909725 492526 3668099
2 13 3768183 0 1788909725 493602 3564200
0 22 3929885 0 1788909725 705447 3801790
1 23 3894496 0 1788909725 706445 3834399
3 13 3948410 0 1788909725 709797 3720880
0 23 4039327 0 1788909725 917917 3904563
1 24 4013756 0 1788909725 918043 3940154
2 14 4076326 0 1788909725 918840 3862582
0 24 4144333 0 1788909726 65717 4052821
1 25 4136105 0 1788909726 71784 4077951
3 14 4165750 0 1788909726 72157 4011138
0 25 4232881 0 1788909726 213046 4137216
1 26 4207244 0 1788909726 213321 4153087
2 15 4273680 0 1788909726 213442 4125060
0 26 4394741 0 1788909726 444822 4280031
1 27 4375568 0 1788909726 445859 4319202
3 15 4423961 0 1788909726 446143 4190505
0 27 4520138 0 1788909726 594936 4424962
1 28 4515348 0 1788909726 595206 4463337
2 16 4520903 0 1788909726 595351 4369326
0 28 4550005 0 1788909726 714276 4471663
1 29 4527212 0 1788909726 714509 4488507
3 16 4630092 0 1788909726 714775 4509954
0 29 4630346 0 1788909726 837128 4554098
1 30 4605367 0 1788909726 837993 4567709
2 17 4634600 0 1788909726 838177 4510457
0 30 4695865 0 1788909726 944639 4626831
1 31 4653357 0 1788909726 945341 4618511
3 17 4703565 0 1788909726 945841 4594581
0 31 4712066 0 1788909727 65483 4636432
1 32 4704356 0 1788909727 65902 4668138
2 18 4714327 0 1788909727 66394 4592314
0 32 4818586 0 1788909727 215373 4726035
1 33 4775773 0 1788909727 216132 4732575
3 18 4825551 0 1788909727 216822 4673931
0 33 4897769 0 1788909727 369217 4802931
1 34 4875444 0 1788909727 370216 4825179
2 19 4907842 0 1788909727 371365 4751544
2 20 4981465 0 1788909727 570193 4960171
0 34 5065863 0 1788909727 628537 4869525
1 35 5057553 0 1788909727 628798 4929613
3 19 5072234 0 1788909727 629079 4811975
0 35 5120480 0 1788909727 764657 5026327
1 36 5100648 0 1788909727 768587 5044925
2 21 5151756 0 1788909727 768907 5011119
0 36 5204316 0 1788909727 898098 5121214
1 37 5199785 0 1788909727 901276 5155022
3 20 5211183 0 1788909727 901701 5073794
0 37 5366744 0 1788909728 100885 5216138
1 38 5365754 0 1788909728 102987 5272665
2 22 5395743 0 1788909728 103163 5190531
0 38 5447655 0 1788909728 267808 5341274
1 39 5428161 0 1788909728 268078 5375336
3 21 5514851 0 1788909728 268259 5347195
0 39 5543419 0 1788909728 448613 5429230
1 40 5543717 0 1788909728 449262 5482210
2 23 5591843 0 1788909728 449438 5409958
0 40 5756073 0 1788909728 700783 5575848
1 41 5735456 0 1788909728 700978 5623314
3 22 5791205 0 1788909728 701324 5538248
0 41 5899855 0 1788909728 974274 5711655
1 42 5897688 0 1788909728 980503 5776510
2 24 5972996 0 1788909728 980663 5692854
0 42 5991661 0 1788909729 92430 5968169
1 43 6161236 0 1788909729 284444 6047462
2 25 6154062 0 1788909729 284656 6118980
3 23 6200795 0 1788909729 284793 5890021
0 43 6280926 0 1788909729 449309 6115672
1 44 6280101 0 1788909729 449535 6173282
2 26 6279866 0 1788909729 449639 6226476
0 44 6421359 0 1788909729 605765 6331107
1 45 6358643 0 1788909729 605956 6318579
3 24 6432746 0 1788909729 606081 6275713
0 45 6520830 0 1788909729 787199 6408886
1 46 6475199 0 1788909729 788308 6414348
2 27 6532077 0 1788909729 788439 6349151
0 46 6572384 0 1788909729 928608 6501886
1 47 6567885 0 1788909729 928789 6533380
3 25 6588737 0 1788909729 928890 6446825
0 47 6573858 0 1788909730 34080 6508557
1 48 6568722 0 1788909730 34295 6536430
2 28 6575856 0 1788909730 34406 6469817
0 48 6654731 0 1788909730 198864 6535398
1 49 6642486 0 1788909730 199051 6572774
3 26 6718628 0 1788909730 199178 6553342
2 29 6615473 0 1788909730 202215 6611745
