4 1 152223 0 1788909772 229326 41973
5 1 143046 0 1788909772 230609 68583
6 1 142628 0 1788909772 230737 103350
4 2 242187 0 1788909772 352921 169300
5 2 238663 0 1788909772 353461 199884
7 1 264224 0 1788909772 353580 139688
4 3 316266 0 1788909772 463707 248238
5 3 312558 0 1788909772 463892 278417
6 2 321937 0 1788909772 464288 210348
4 4 411840 0 1788909772 576133 350525
5 4 406359 0 1788909772 576280 377340
7 2 422685 0 1788909772 576445 309685
4 5 508530 0 1788909772 690615 429945
5 5 489751 0 1788909772 690841 457341
6 3 513255 0 1788909772 691862 397254
4 6 584494 0 1788909772 812517 503743
5 6 564641 0 1788909772 812665 528452
7 3 586833 0 1788909772 812823 464380
4 7 638324 0 1788909772 928032 559241
5 7 618369 0 1788909772 928342 576690
6 4 653800 0 1788909772 928506 537611
4 8 801781 0 1788909773 140388 668418
5 8 736862 0 1788909773 140574 666053
7 4 804485 0 1788909773 141640 587893
4 9 868092 0 1788909773 282634 800955
5 9 864009 0 1788909773 282800 833615
6 5 870696 0 1788909773 283120 727726
4 10 921885 0 1788909773 375598 860692
5 10 898486 0 1788909773 376440 867108
7 5 934381 0 1788909773 376572 840266
4 11 965220 0 1788909773 489123 891465
5 11 943816 0 1788909773 489435 906912
6 6 976733 0 1788909773 489653 862482
4 12 987533 0 1788909773 596081 912675
5 12 894038 0 1788909773 596958 860061
7 6 996399 0 1788909773 597314 887945
4 13 979737 0 1788909773 702296 903667
5 13 942533 0 1788909773 702485 904126
6 7 992871 0 1788909773 702693 886067
4 14 1046857 0 1788909773 813314 974030
5 14 1044638 0 1788909773 813992 1002935
7 7 1053213 0 1788909773 814998 940104
4 15 1150949 0 1788909773 928834 1074292
5 15 1145291 0 1788909773 929285 1109138
6 8 1154476 0 1788909773 929783 1037511
4 16 1219165 0 1788909774 64070 1124926
5 16 1197465 0 1788909774 69324 1142127
7 8 1264257 0 1788909774 69505 1123344
4 17 1303092 0 1788909774 208897 1205867
5 17 1285224 0 1788909774 209050 1239218
6 9 1315198 0 1788909774 209217 1169528
4 18 1379334 0 1788909774 344671 1291532
5 18 1324787 0 1788909774 344870 1289959
7 9 1385023 0 1788909774 346020 1247689
4 19 1295405 0 1788909774 388468 1291133
5 19 1392909 0 1788909774 488058 1333824
6 10 1444189 0 1788909774 488573 1299955
7 10 1388253 0 1788909774 489000 1359749
4 20 1461528 0 1788909774 584568 1364783
5 20 1430777 0 1788909774 584988 1370928
6 11 1415401 0 1788909774 585315 1386241
4 21 1495502 0 1788909774 711027 1409147
5 21 1479202 0 1788909774 711172 1429357
7 11 1510895 0 1788909774 711282 1383217
4 22 1567621 0 1788909774 821034 1493881
5 22 1559405 0 1788909774 821210 1519752
6 12 1577847 0 1788909774 822334 1466320
4 23 1633237 0 1788909774 950985 1566066
5 23 1626487 0 1788909774 951173 1593707
7 12 1638094 0 1788909774 951279 1507489
4 24 1678092 0 1788909775 60842 1606355
5 24 1667601 0 1788909775 61327 1630783
6 13 1724541 0 1788909775 62113 1613189
4 25 1773399 0 1788909775 181026 1688567
5 25 1771965 0 1788909775 181233 1731986
7 13 1786786 0 1788909775 182144 1664839
4 26 1914962 0 1788909775 385535 1789760
5 26 1916161 0 1788909775 387679 1848116
6 14 1948330 0 1788909775 390210 1738953
4 27 1999630 0 1788909775 541423 1895743
5 27 1999471 0 1788909775 543652 1930762
7 14 2024076 0 1788909775 544190 1864774
4 28 2120094 0 1788909775 687717 2024170
5 28 2061529 0 1788909775 692859 2010960
6 15 2141358 0 1788909775 693067 1988842
4 29 2168533 0 1788909775 815132 2090982
5 29 2161878 0 1788909775 815407 2123510
7 15 2179576 0 1788909775 815601 2051287
4 30 2305775 0 1788909775 983712 2186615
5 30 2287533 0 1788909775 984307 2211359
6 16 2330522 0 1788909775 984750 2160632
4 31 2506256 0 1788909776 218058 2342701
5 31 2506528 0 1788909776 218400 2402071
7 16 2512628 0 1788909776 218545 2277474
4 32 2631376 0 1788909776 390407 2543300
5 32 2609778 0 1788909776 390898 2562580
6 17 2649441 0 1788909776 391130 2472258
4 33 2706746 0 1788909776 498763 2640240
5 33 2701110 0 1788909776 498909 2667747
7 17 2717938 0 1788909776 499101 2609066
4 34 2789734 0 1788909776 608400 2714615
5 34 2729046 0 1788909776 608625 2685020
6 18 2800756 0 1788909776 608765 2690514
4 35 2826522 0 1788909776 717006 2755228
5 35 2811520 0 1788909776 718363 2771039
7 18 2828180 0 1788909776 718517 2717843
4 36 2878133 0 1788909776 826929 2811299
5 36 2873369 0 1788909776 827076 2841757
6 19 2901282 0 1788909776 827308 2790714
4 37 2963477 0 1788909776 934279 2886717
5 37 2957002 0 1788909776 934511 2913935
7 19 2975449 0 1788909776 935080 2867047
4 38 3045884 0 1788909777 54269 2967286
5 38 3044871 0 1788909777 54459 3000101
6 20 3052765 0 1788909777 54650 2931861
4 39 3121369 0 1788909777 159790 3053296
5 39 3087578 0 1788909777 160872 3052824
7 20 3143660 0 1788909777 161100 3036609
4 40 3199517 0 1788909777 287569 3111814
5 40 3193045 0 1788909777 287761 3143283
6 21 3209542 0 1788909777 287887 3081080
4 41 3266279 0 1788909777 407983 3189505
5 41 3257222 0 1788909777 408314 3218513
7 21 3298882 0 1788909777 408493 3176963
4 42 3358327 0 1788909777 542923 3267786
5 42 3328240 0 1788909777 543148 3287967
6 22 3362696 0 1788909777 543296 3227108
4 43 3422677 0 1788909777 645593 3364814
5 43 3406615 0 1788909777 646313 3377364
7 22 3429525 0 1788909777 646488 3325632
4 44 3463373 0 1788909777 730326 3406042
5 44 3412840 0 1788909777 730596 3384315
6 23 3486405 0 1788909777 730826 3400742
4 45 3475187 0 1788909777 812400 3419642
5 45 3461822 0 1788909777 812657 3432177
7 23 3486228 0 1788909777 813161 3403203
4 46 3451824 0 1788909777 894468 3396763
5 46 3385954 0 1788909777 895442 3356102
6 24 3495498 0 1788909777 896039 3411681
4 47 3459195 0 1788909778 9667 3382469
5 47 3405238 0 1788909778 9843 3360318
7 24 3489678 0 1788909778 13803 3370000
4 48 3491090 0 1788909778 113241 3428630
5 48 3463167 0 1788909778 113514 3433794
6 25 3501488 0 1788909778 113738 3397082
4 49 3532390 0 1788909778 210132 3465264
5 49 3507744 0 1788909778 210517 3471270
7 25 3537430 0 1788909778 211029 3439436
4 50 3506408 0 1788909778 297333 3451019
5 50 3489139 0 1788909778 297572 3460381
6 26 3548491 0 1788909778 297748 3459817
4 51 3576990 0 1788909778 416346 3493241
5 51 3573291 0 1788909778 416768 3534612
7 26 3578617 0 1788909778 417247 3458470
4 52 3676039 0 1788909778 548692 3593362
5 52 3658531 0 1788909778 548884 3613789
6 27 3705407 0 1788909778 549094 3572276
4 53 3699901 0 1788909778 645720 3640561
5 53 3699827 0 1788909778 645907 3667220
7 27 3751784 0 1788909778 646017 3654110
4 54 3719713 0 1788909778 743101 3655428
5 54 3703033 0 1788909778 743499 3669866
6 28 3732791 0 1788909778 743920 3634445
4 55 3767451 0 1788909778 833492 3706843
5 55 3758837 0 1788909778 833681 3728191
7 28 3775929 0 1788909778 833804 3685024
4 56 3847839 0 1788909778 924305 3789005
5 56 3817801 0 1788909778 924476 3789753
6 29 3848657 0 1788909778 924664 3757228
4 57 3861140 0 1788909779 22493 3790915
5 57 3860527 0 1788909779 22768 3829655
7 29 3869799 0 1788909779 23200 3770565
4 58 3930783 0 1788909779 108146 3874274
5 58 3870184 0 1788909779 108373 3844175
6 30 3938774 0 1788909779 108570 3852481
4 59 3837606 0 1788909779 189853 3782562
5 59 3816817 0 1788909779 190058 3789936
7 30 3884508 0 1788909779 190158 3802290
4 60 3878947 0 1788909779 276390 3822426
5 60 3855578 0 1788909779 277155 3827990
6 31 3896333 0 1788909779 277276 3808737
4 61 3828792 0 1788909779 358072 3774190
5 61 3768086 0 1788909779 358299 3741238
7 31 3914873 0 1788909779 358470 3832588
4 62 3830959 0 1788909779 445863 3776636
5 62 3830353 0 1788909779 446111 3802170
6 32 3853972 0 1788909779 446281 3765533
4 63 3883883 0 1788909779 537997 3821818
5 63 3870935 0 1788909779 538127 3837402
7 32 3915274 0 1788909779 538231 3822663
4 64 3963272 0 1788909779 680946 3857938
5 64 3924218 0 1788909779 684455 3854862
6 33 3985113 0 1788909779 684616 3838253
4 65 4058268 0 1788909779 853012 3951168
5 65 4056963 0 1788909779 853149 4013275
7 33 4091511 0 1788909779 853321 3918886
4 66 4145315 0 1788909779 967483 4073183
5 66 4142146 0 1788909779 967948 4106167
6 34 4160877 0 1788909779 968123 4045539
4 67 4267993 0 1788909780 105977 4171564
5 67 4242891 0 1788909780 106119 4197757
7 34 4269165 0 1788909780 106281 4130106
4 68 4310492 0 1788909780 234009 4230301
5 68 4273112 0 1788909780 234260 4231405
6 35 4327316 0 1788909780 237904 4195142
4 69 4368316 0 1788909780 348045 4300118
5 69 4357316 0 1788909780 348248 4321593
7 35 4369566 0 1788909780 348727 4254582
4 70 4434366 0 1788909780 453167 4369392
5 70 4428433 0 1788909780 453345 4399414
6 36 4435309 0 1788909780 453510 4329590
4 71 4466045 0 1788909780 543733 4410499
5 71 4432614 0 1788909780 543925 4403517
7 36 4498062 0 1788909780 544113 4406881
4 72 4481582 0 1788909780 639490 4419271
5 72 4479389 0 1788909780 639903 4449101
6 37 4518172 0 1788909780 641227 4420479
4 73 4528044 0 1788909780 724092 4476771
5 73 4488982 0 1788909780 724309 4462109
7 37 4546895 0 1788909780 724465 4461364
4 74 4534514 0 1788909780 814194 4477984
5 74 4516567 0 1788909780 814447 4488201
6 38 4573220 0 1788909780 814640 4482474
4 75 4566229 0 1788909780 911418 4503546
5 75 4541202 0 1788909780 911570 4508374
7 38 4604180 0 1788909780 911681 4506496
4 76 4592071 0 1788909781 9429 4528709
5 76 4539829 0 1788909781 9629 4508324
6 39 4630139 0 1788909781 13557 4527760
4 77 4638356 0 1788909781 143110 4559349
5 77 4630891 0 1788909781 143624 4597263
7 39 4640097 0 1788909781 144081 4505027
4 78 4708232 0 1788909781 242297 4642761
5 78 4632949 0 1788909781 242527 4594698
6 40 4711562 0 1788909781 242668 4611782
4 79 4632118 0 1788909781 339599 4571368
5 79 4597198 0 1788909781 339852 4562349
7 40 4691254 0 1788909781 340023 4593101
4 80 4658192 0 1788909781 428390 4600106
5 80 4644626 0 1788909781 428603 4614009
6 41 4682513 0 1788909781 428716 4593165
4 81 4705056 0 1788909781 539811 4625225
5 81 4681280 0 1788909781 540021 4633291
7 41 4751427 0 1788909781 540191 4639400
4 82 4759053 0 1788909781 647348 4685915
5 82 4709415 0 1788909781 647620 4678402
6 42 4785799 0 1788909781 647744 4677612
4 83 4755585 0 1788909781 754124 4683023
5 83 4729105 0 1788909781 754349 4694515
7 42 4771273 0 1788909781 754512 4663802
4 84 4841332 0 1788909781 889892 4740151
5 84 4788024 0 1788909781 891273 4728816
6 43 4863902 0 1788909781 894760 4723035
4 85 4918691 0 1788909782 38619 4815256
5 85 4907896 0 1788909782 39818 4846185
7 43 4928033 0 1788909782 40084 4777709
6 44 4913872 0 1788909782 51633 4900472
