4 1 311509 0 1788909741 159652 71711
5 1 302513 0 1788909741 161116 130054
6 1 302517 0 1788909741 161666 244662
4 2 456214 0 1788909741 337988 340334
5 2 453257 0 1788909741 339095 403164
7 1 480427 0 1788909741 340823 299013
4 3 544879 0 1788909741 463361 463569
5 3 541159 0 1788909741 463533 496948
6 2 550296 0 1788909741 463688 424347
4 4 639373 0 1788909741 574705 570510
5 4 635091 0 1788909741 576052 602831
7 2 651715 0 1788909741 576514 538332
4 5 738637 0 1788909741 691763 667653
5 5 720191 0 1788909741 692321 683339
6 3 744071 0 1788909741 693718 624660
4 6 817502 0 1788909741 816565 738868
5 6 797640 0 1788909741 816704 760041
7 3 819884 0 1788909741 816914 694133
4 7 928192 0 1788909741 988940 810601
5 7 908313 0 1788909741 989326 844578
6 4 948014 0 1788909741 993761 770665
4 8 1130811 0 1788909742 240457 942133
5 8 1090263 0 1788909742 265015 977059
7 4 1157649 0 1788909742 265844 879985
4 9 1221669 0 1788909742 407251 1136066
5 9 1217563 0 1788909742 407394 1177858
6 5 1224119 0 1788909742 407583 1054274
4 10 1292682 0 1788909742 517436 1224587
5 10 1268625 0 1788909742 517619 1235298
7 5 1304551 0 1788909742 517782 1193830
4 11 1333830 0 1788909742 628773 1261269
5 11 1312310 0 1788909742 628970 1278856
6 6 1345181 0 1788909742 629141 1233163
4 12 1390388 0 1788909742 769977 1296491
5 12 1296600 0 1788909742 770561 1251681
7 6 1399395 0 1788909742 771349 1256578
4 13 1414160 0 1788909742 907759 1318223
5 13 1377015 0 1788909742 908008 1339327
6 7 1427312 0 1788909742 908174 1288847
4 14 1465025 0 1788909743 2520 1404708
5 14 1462810 0 1788909743 3204 1437194
7 7 1470509 0 1788909743 3334 1374727
4 15 1550481 0 1788909743 99406 1481236
5 15 1544566 0 1788909743 99600 1499890
6 8 1553372 0 1788909743 99719 1455979
4 16 1659838 0 1788909743 275783 1544639
5 16 1633174 0 1788909743 276072 1569766
7 8 1700142 0 1788909743 276430 1522839
4 17 1744032 0 1788909743 420877 1647952
5 17 1726207 0 1788909743 421073 1674315
6 9 1756120 0 1788909743 421179 1610472
4 18 1844293 0 1788909743 580670 1747321
5 18 1789763 0 1788909743 580887 1746951
7 9 1850075 0 1788909743 582112 1688591
4 19 1859836 0 1788909743 723938 1770802
5 19 1857902 0 1788909743 724091 1812738
6 10 1908871 0 1788909743 724295 1764940
4 20 1992747 0 1788909743 886827 1889513
5 20 1963959 0 1788909743 889211 1913175
7 10 2017987 0 1788909743 889774 1851912
4 21 2067671 0 1788909744 39098 1972931
5 21 2052733 0 1788909744 39297 2006800
6 11 2098458 0 1788909744 39412 1944316
4 22 2197564 0 1788909744 213091 2075052
5 22 2189260 0 1788909744 213713 2124467
7 11 2212477 0 1788909744 215486 2035836
4 23 2288697 0 1788909744 372923 2186363
5 23 2284427 0 1788909744 373215 2233374
6 12 2340941 0 1788909744 373787 2179458
4 24 2416997 0 1788909744 525610 2322563
5 24 2372006 0 1788909744 525795 2323446
7 12 2430177 0 1788909744 525904 2276894
4 25 2550865 0 1788909744 717263 2403935
5 25 2538766 0 1788909744 717434 2446353
6 13 2553029 0 1788909744 717795 2360520
4 26 2745749 0 1788909744 958669 2574338
5 26 2717303 0 1788909744 958917 2637650
7 13 2779176 0 1788909744 959484 2536745
4 27 2959607 0 1788909745 250761 2742377
5 27 2938249 0 1788909745 251082 2823249
6 14 3008774 0 1788909745 251331 2715932
4 28 3198804 0 1788909745 521552 3028696
5 28 3183043 0 1788909745 521706 3085275
7 14 3207140 0 1788909745 522362 2935179
4 29 3518008 0 1788909745 925073 3223570
5 29 3507661 0 1788909745 925300 3411035
6 15 3523088 0 1788909745 925458 3118843
4 30 3836655 0 1788909746 261923 3622023
5 30 3813321 0 1788909746 262298 3683609
7 15 3837963 0 1788909746 262533 3500266
4 31 4133239 0 1788909746 610196 3926798
5 31 4138854 0 1788909746 621697 4004500
6 16 4154640 0 1788909746 622453 3793810
4 32 4409843 0 1788909746 922572 4221341
5 32 4396181 0 1788909746 926252 4287394
7 16 4443451 0 1788909746 926364 4125985
4 33 4700160 0 1788909747 252363 4449856
5 33 4689446 0 1788909747 252504 4557167
6 17 4700521 0 1788909747 252682 4370214
4 34 4950834 0 1788909747 529883 4778269
5 34 4941014 0 1788909747 530720 4839151
7 17 4968354 0 1788909747 537193 4683244
5 35 5035067 0 1788909747 696591 5022864
4 35 5206778 0 1788909747 868155 4950587
6 18 5219976 0 1788909747 870594 4879013
7 18 5193068 0 1788909747 870951 5102507
4 36 5566790 0 1788909748 286625 5233823
5 36 5589904 0 1788909748 286969 5170872
6 19 5562401 0 1788909748 287148 5396558
4 37 5795278 0 1788909748 537121 5649940
5 37 5795485 0 1788909748 544034 5717834
7 19 5813634 0 1788909748 544306 5554958
4 38 5998029 0 1788909748 777454 5844022
5 38 5997064 0 1788909748 777692 5930755
6 20 6004928 0 1788909748 777853 5757311
4 39 6315309 0 1788909749 124770 6076307
5 39 6281741 0 1788909749 126076 6142434
7 20 6366923 0 1788909749 155403 5988639
4 40 6695287 0 1788909749 554379 6411666
5 40 6688780 0 1788909749 554536 6506959
6 21 6710408 0 1788909749 559793 6272444
4 41 7066099 0 1788909749 978843 6768320
5 41 7056900 0 1788909749 979031 6954309
7 21 7098491 0 1788909749 979141 6673426
4 42 7387496 0 1788909750 343132 7149941
5 42 7357309 0 1788909750 343258 7269093
6 22 7391713 0 1788909750 343353 7026567
4 43 7577803 0 1788909750 571759 7410638
5 43 7575313 0 1788909750 586052 7462898
7 22 7598219 0 1788909750 586223 7354934
4 44 7764175 0 1788909750 802167 7695331
6 23 7786910 0 1788909750 802371 7556094
5 44 7717088 0 1788909750 805884 7713049
