0 1 103942 0 1788909518 911725 70800
1 1 368424 0 1788909519 192738 163202
2 1 367983 0 1788909519 192986 221033
3 1 351447 0 1788909519 193119 307633
0 2 486864 0 1788909519 331680 347685
1 2 458906 0 1788909519 331861 366259
2 2 445622 0 1788909519 332016 395015
0 3 559201 0 1788909519 509176 451058
1 3 546065 0 1788909519 509316 487523
3 2 579498 0 1788909519 509418 401510
0 4 736225 0 1788909519 712708 589921
1 4 728649 0 1788909519 712919 657707
2 3 745058 0 1788909519 713098 538630
0 5 971454 0 1788909519 977646 773283
1 5 968368 0 1788909519 981073 833171
3 3 981465 0 1788909519 981291 712581
0 6 1113440 0 1788909520 185382 984943
1 6 1096640 0 1788909520 185566 1046980
2 4 1137657 0 1788909520 185729 929378
0 7 1234033 0 1788909520 433230 1069114
1 7 1209108 0 1788909520 433409 1128194
3 4 1241551 0 1788909520 433597 993118
0 8 1412932 0 1788909520 682514 1270065
1 8 1397089 0 1788909520 682946 1322256
2 5 1457389 0 1788909520 683153 1207224
0 9 1640951 0 1788909520 939637 1448861
1 9 1616932 0 1788909520 939887 1499617
3 5 1653863 0 1788909520 941001 1395059
0 10 1847374 0 1788909521 224155 1653337
1 10 1810785 0 1788909521 224307 1727888
2 6 1870885 0 1788909521 225153 1581684
0 11 2078699 0 1788909521 501035 1909304
1 11 2075763 0 1788909521 501173 2002788
3 6 2083779 0 1788909521 501329 1806270
0 12 2239590 0 1788909521 729535 2084412
1 12 2167169 0 1788909521 729980 2107632
2 7 2289669 0 1788909521 730165 2060331
0 13 2298310 0 1788909521 923433 2166617
1 13 2286703 0 1788909521 926501 2208254
3 7 2334833 0 1788909521 926631 2137533
0 14 2535459 0 1788909522 192635 2356625
1 14 2474605 0 1788909522 192768 2396786
2 8 2539567 0 1788909522 196083 2266705
0 15 2599820 0 1788909522 362794 2496116
1 15 2574780 0 1788909522 363041 2526312
3 8 2609698 0 1788909522 371772 2430376
0 16 2805628 0 1788909522 624584 2659962
1 16 2801983 0 1788909522 624845 2741972
2 9 2814586 0 1788909522 625056 2552104
0 17 2951476 0 1788909522 811328 2825415
1 17 2928573 0 1788909522 811445 2876490
3 9 2962487 0 1788909522 811545 2774870
1 18 2925338 0 1788909522 933780 2915382
0 18 3099807 0 1788909523 106681 2870898
2 10 3194206 0 1788909523 106965 2898315
3 10 3062678 0 1788909523 107106 3002790
0 19 3207021 0 1788909523 261275 3107299
1 19 3210731 0 1788909523 261878 3055239
2 11 3173411 0 1788909523 262095 3119295
0 20 3340089 0 1788909523 482445 3194930
1 20 3328756 0 1788909523 482626 3263897
3 11 3373986 0 1788909523 482748 3152281
0 21 3547447 0 1788909523 754460 3356283
1 21 3506437 0 1788909523 755022 3395260
2 12 3569417 0 1788909523 755424 3296209
0 22 3802353 0 1788909524 88747 3607012
1 22 3782564 0 1788909524 88931 3681745
3 12 3807401 0 1788909524 89173 3472242
0 23 4186569 0 1788909524 518483 3980731
1 23 4150763 0 1788909524 519064 4018004
2 13 4201834 0 1788909524 519574 3770692
0 24 4437038 0 1788909524 871981 4263236
1 24 4411514 0 1788909524 872154 4318167
3 13 4473790 0 1788909524 872656 4107302
0 25 4774699 0 1788909525 252436 4534703
1 25 4760632 0 1788909525 252663 4623714
2 14 4790047 0 1788909525 252807 4409090
0 26 5001951 0 1788909525 538468 4827495
1 26 4976838 0 1788909525 539268 4889910
3 14 5043522 0 1788909525 539637 4742566
0 27 5259124 0 1788909525 865559 5049723
1 27 5239084 0 1788909525 865729 5144715
2 15 5287373 0 1788909525 865907 4959208
0 28 5598082 0 1788909526 229234 5348920
1 28 5602600 0 1788909526 238811 5466381
3 15 5612166 0 1788909526 242968 5234471
0 29 5741313 0 1788909526 461938 5586355
1 29 5720151 0 1788909526 463802 5621868
2 16 5823065 0 1788909526 464101 5587910
0 30 6059752 0 1788909526 822888 5902067
1 30 6037229 0 1788909526 826207 5961643
3 16 6066417 0 1788909526 826346 5692368
0 31 6341321 0 1788909527 146449 6134601
1 31 6298244 0 1788909527 146581 6176764
2 17 6365357 0 1788909527 163986 6023920
2 18 6568443 0 1788909527 516068 6564643
0 32 6776101 0 1788909527 685870 6344643
1 32 6768511 0 1788909527 686409 6448616
3 17 6827982 0 1788909527 736403 6237850
0 33 7100022 0 1788909528 96735 6931540
1 33 7077048 0 1788909528 96924 6997634
2 19 7143948 0 1788909528 97088 6715857
0 34 7289498 0 1788909528 340622 7144981
1 34 7227691 0 1788909528 340889 7179996
3 18 7313583 0 1788909528 341384 7068674
0 35 7363605 0 1788909528 491203 7266632
1 35 7346328 0 1788909528 491410 7303314
2 20 7372552 0 1788909528 491579 7218035
0 36 7432120 0 1788909528 632650 7340527
1 36 7408601 0 1788909528 632893 7360275
3 19 7459629 0 1788909528 633133 7317442
0 37 7496026 0 1788909528 746161 7431594
2 21 7499504 0 1788909528 746374 7385566
1 37 7493256 0 1788909528 751099 7488009
