4 1 166088 0 1788909709 926566 50486
5 1 158576 0 1788909709 929514 81625
6 1 160061 0 1788909709 931544 116571
4 2 299542 0 1788909710 93651 199012
5 2 296043 0 1788909710 94215 238717
7 1 321749 0 1788909710 94479 153398
4 3 481799 0 1788909710 312614 331642
5 3 478030 0 1788909710 312738 387202
6 2 487099 0 1788909710 312824 267660
4 4 685213 0 1788909710 532879 544266
5 4 679783 0 1788909710 533078 621580
7 2 696058 0 1788909710 533191 475310
4 5 834450 0 1788909710 699909 732346
5 5 818029 0 1788909710 702494 757983
6 3 846158 0 1788909710 708139 667954
4 6 1008131 0 1788909710 919528 867862
5 6 988514 0 1788909710 919912 894779
7 3 1011101 0 1788909710 920465 782872
4 7 1172421 0 1788909711 145503 1046956
5 7 1152364 0 1788909711 145712 1091264
6 4 1187761 0 1788909711 145842 961007
4 8 1336513 0 1788909711 358494 1185446
5 8 1271579 0 1788909711 358664 1197207
7 4 1338239 0 1788909711 358768 1124196
4 9 1449870 0 1788909711 547786 1328281
5 9 1445776 0 1788909711 547941 1371290
6 5 1452279 0 1788909711 548077 1262107
4 10 1578405 0 1788909711 715493 1465889
5 10 1554311 0 1788909711 715639 1502064
7 5 1590606 0 1788909711 716172 1421951
4 11 1658339 0 1788909711 865617 1566048
5 11 1636912 0 1788909711 865906 1584426
6 6 1669791 0 1788909711 866085 1518954
4 12 1733716 0 1788909712 25638 1619933
5 12 1639525 0 1788909712 25818 1576887
7 6 1741744 0 1788909712 26032 1580681
4 13 1886216 0 1788909712 292150 1733562
5 13 1848957 0 1788909712 292284 1784663
6 7 1899175 0 1788909712 292371 1632201
4 14 2108583 0 1788909712 558412 1956545
5 14 2144389 0 1788909712 597116 2022181
7 7 2152355 0 1788909712 597515 1846736
4 15 2370129 0 1788909712 831388 2215097
5 15 2364157 0 1788909712 831525 2289772
6 8 2372979 0 1788909712 831659 2099480
4 16 2527644 0 1788909713 55923 2385619
5 16 2503929 0 1788909713 59162 2422826
7 8 2570677 0 1788909713 59299 2342624
4 17 2764697 0 1788909713 353877 2559500
5 17 2746981 0 1788909713 354181 2660365
6 9 2780151 0 1788909713 357545 2478323
4 18 3072815 0 1788909713 721526 2860477
5 18 3046898 0 1788909713 750356 2906211
7 9 3106200 0 1788909713 750570 2709278
4 19 3225767 0 1788909714 2204 3072400
5 19 3223817 0 1788909714 2341 3124789
6 10 3276193 0 1788909714 3951 2967511
4 20 3423554 0 1788909714 229968 3297161
5 20 3394398 0 1788909714 231984 3346264
7 10 3448049 0 1788909714 232171 3217932
4 21 3538473 0 1788909714 422234 3398173
5 21 3523599 0 1788909714 422498 3438770
6 11 3569558 0 1788909714 422846 3375902
4 22 3729946 0 1788909714 657807 3588142
5 22 3727069 0 1788909714 663857 3632332
7 11 3754235 0 1788909714 669578 3506623
5 23 3934754 0 1788909714 935876 3924966
4 23 4121565 0 1788909715 118124 3776548
6 12 4173500 0 1788909715 118680 3710966
7 12 4110810 0 1788909715 118871 4017263
4 24 4271104 0 1788909715 337228 4144668
5 24 4316544 0 1788909715 337490 4096941
6 13 4260536 0 1788909715 337636 4209679
4 25 4449490 0 1788909715 540491 4307439
5 25 4448094 0 1788909715 540736 4374102
7 13 4462128 0 1788909715 540860 4258231
4 26 4645427 0 1788909715 799375 4468430
5 26 4644688 0 1788909715 799580 4577689
6 14 4680102 0 1788909715 805357 4414898
4 27 4649577 0 1788909715 874745 4646396
5 27 4841314 0 1788909716 68870 4705146
6 15 4834075 0 1788909716 69157 4775919
7 14 4865804 0 1788909716 69292 4595639
4 28 5000997 0 1788909716 251994 4817590
5 28 4940035 0 1788909716 254739 4824009
6 16 4939718 0 1788909716 259117 4875053
4 29 5071358 0 1788909716 408262 4971946
5 29 5070836 0 1788909716 408438 5022527
7 15 5078630 0 1788909716 408604 4921238
4 30 5164947 0 1788909716 545094 5073571
5 30 5157181 0 1788909716 546472 5115282
6 17 5185370 0 1788909716 546681 5046729
4 31 5287606 0 1788909716 682853 5204117
5 31 5258630 0 1788909716 683692 5213047
7 16 5289585 0 1788909716 684761 5149658
4 32 5354988 0 1788909716 819483 5277282
5 32 5355146 0 1788909716 819683 5313049
6 18 5377398 0 1788909716 819803 5240063
4 33 5461097 0 1788909716 942269 5377857
5 33 5451892 0 1788909716 943276 5411394
7 17 5468967 0 1788909716 944359 5343845
4 34 5529192 0 1788909717 92144 5433319
5 34 5519557 0 1788909717 93268 5461064
6 19 5593124 0 1788909717 95163 5439834
4 35 5655612 0 1788909717 245829 5547895
5 35 5636661 0 1788909717 246061 5578216
7 18 5672672 0 1788909717 246529 5517530
4 36 5768439 0 1788909717 405519 5664077
5 36 5762713 0 1788909717 405718 5705498
6 20 5773727 0 1788909717 405896 5613406
4 37 5934600 0 1788909717 595483 5787960
5 37 5910690 0 1788909717 595949 5809781
7 19 5941955 0 1788909717 596131 5751076
4 38 6116290 0 1788909717 809252 5969946
5 38 6109153 0 1788909717 809966 6014317
6 21 6119865 0 1788909717 811624 5902718
4 39 6189667 0 1788909717 946335 6111880
5 39 6185142 0 1788909717 946862 6147301
7 20 6227530 0 1788909717 949325 6086893
4 40 6367050 0 1788909718 145141 6228081
5 40 6352499 0 1788909718 145483 6280020
6 22 6378333 0 1788909718 149759 6174429
4 41 6508230 0 1788909718 342696 6384846
5 41 6478914 0 1788909718 342888 6416904
7 21 6519503 0 1788909718 344581 6319775
4 42 6621659 0 1788909718 519941 6504651
5 42 6620569 0 1788909718 520906 6552973
6 23 6653257 0 1788909718 521227 6472375
4 43 6802004 0 1788909718 725077 6675281
5 43 6797538 0 1788909718 725333 6731032
7 22 6819426 0 1788909718 725716 6611793
4 44 6941393 0 1788909718 942524 6795769
5 44 6933495 0 1788909718 943802 6851840
6 24 6993601 0 1788909718 943927 6774468
4 45 7170596 0 1788909719 204806 7003584
5 45 7126895 0 1788909719 210810 7008261
7 23 7190360 0 1788909719 210947 6921665
4 46 7306619 0 1788909719 499482 7104729
5 46 7292181 0 1788909719 499679 7180031
6 25 7388979 0 1788909719 514997 7078561
4 47 7545455 0 1788909719 833434 7342894
5 47 7538268 0 1788909719 833891 7401068
7 24 7601013 0 1788909719 834859 7265442
6 26 7531340 0 1788909719 836866 7527585
