4 1 408907 0 1788909803 967373 89902
5 1 408954 0 1788909803 977880 209212
6 1 408920 0 1788909803 978392 315466
4 2 795627 0 1788909804 387724 522780
5 2 791716 0 1788909804 387877 618587
7 1 817320 0 1788909804 388040 396342
4 3 1103771 0 1788909804 732576 885880
5 3 1110972 0 1788909804 743670 980795
6 2 1120100 0 1788909804 743815 763705
4 4 1486597 0 1788909805 132253 1192558
5 4 1481596 0 1788909805 132880 1382773
7 2 1497906 0 1788909805 133028 1097216
4 5 1724792 0 1788909805 388241 1556093
5 5 1706042 0 1788909805 388495 1632397
6 3 1756463 0 1788909805 416434 1472035
4 6 2237224 0 1788909805 946609 1943429
5 6 2217401 0 1788909805 946788 2137041
7 3 2239760 0 1788909805 947114 1680613
5 7 2414208 0 1788909806 205544 2410602
4 7 2770470 0 1788909806 541541 2336815
6 4 2785782 0 1788909806 541852 2188635
7 4 2723706 0 1788909806 542223 2598344
4 8 2982290 0 1788909806 867364 2765443
5 8 3047674 0 1788909806 867643 2713014
6 5 2973980 0 1788909806 867767 2876357
4 9 3189941 0 1788909807 90096 3028165
5 9 3167037 0 1788909807 90592 3078798
7 5 3218476 0 1788909807 114382 2971230
7 6 3635941 0 1788909807 641207 3627453
4 10 3763352 0 1788909807 722669 3345629
5 10 3728615 0 1788909807 722898 3525136
6 6 3809051 0 1788909807 744127 3149670
4 11 4070449 0 1788909808 152726 3818408
5 11 4074821 0 1788909808 164732 3944726
7 7 4137967 0 1788909808 164949 3694189
4 12 4353710 0 1788909808 544896 4110628
5 12 4341772 0 1788909808 545695 4262963
6 7 4365220 0 1788909808 549502 3968045
4 13 4653262 0 1788909808 896410 4423050
5 13 4674747 0 1788909808 922565 4524899
7 8 4681388 0 1788909808 922703 4303251
4 14 5093658 0 1788909809 350327 4793128
5 14 5091354 0 1788909809 350602 4945867
6 8 5100074 0 1788909809 350790 4645014
4 15 5339754 0 1788909809 626365 5160515
5 15 5300301 0 1788909809 626569 5220215
7 9 5361364 0 1788909809 626721 5079113
4 16 5530829 0 1788909809 906212 5332566
5 16 5528293 0 1788909809 915461 5433699
6 9 5562380 0 1788909809 915601 5272942
4 17 5770783 0 1788909810 213143 5593380
5 17 5774997 0 1788909810 221697 5685536
7 10 5827986 0 1788909810 233174 5500604
4 18 6102286 0 1788909810 628033 5832267
5 18 6053921 0 1788909810 628346 5932947
6 10 6127132 0 1788909810 628578 5711464
4 19 6322527 0 1788909810 904638 6131398
5 19 6300424 0 1788909810 904827 6201785
7 11 6328880 0 1788909810 905392 6051098
4 20 6569579 0 1788909811 220856 6377563
5 20 6539246 0 1788909811 220996 6442107
6 11 6585811 0 1788909811 221385 6268799
4 21 6881261 0 1788909811 594594 6611830
5 21 6880311 0 1788909811 606161 6699582
7 12 6917927 0 1788909811 614814 6523733
4 22 7232798 0 1788909811 975966 6969289
5 22 7194196 0 1788909811 988745 7021505
6 12 7264624 0 1788909811 999401 6859515
4 23 7512389 0 1788909812 318439 7326573
5 23 7500011 0 1788909812 318946 7407941
7 13 7520010 0 1788909812 319121 7176655
4 24 7720733 0 1788909812 595822 7531314
5 24 7719290 0 1788909812 596011 7623809
6 13 7732064 0 1788909812 596176 7454074
4 25 7972774 0 1788909812 863406 7800879
5 25 7940507 0 1788909812 863750 7848055
7 14 7975112 0 1788909812 864102 7706588
4 26 8231096 0 1788909813 183977 8015218
5 26 8182740 0 1788909813 184218 8043286
6 14 8232412 0 1788909813 184348 7911228
5 27 8380257 0 1788909813 413328 8377014
4 27 8498749 0 1788909813 524293 8287025
7 15 8501394 0 1788909813 524550 8159968
6 15 8479391 0 1788909813 528377 8475004
