0 1 280917 0 1788909730 784387 53290
1 1 325645 0 1788909730 845646 103912
2 1 325224 0 1788909730 845915 189285
0 2 621809 0 1788909731 162313 415912
1 2 605369 0 1788909731 174013 475569
3 1 636902 0 1788909731 174262 246783
0 3 856575 0 1788909731 482183 646891
1 3 861908 0 1788909731 507571 680862
2 2 925798 0 1788909731 507880 579686
0 4 1270064 0 1788909731 933792 1109979
1 4 1261988 0 1788909731 934159 1196517
3 2 1288254 0 1788909731 947194 823084
0 5 1431793 0 1788909732 127308 1299191
1 5 1425937 0 1788909732 127816 1373362
2 3 1451920 0 1788909732 131878 1253226
0 6 1600919 0 1788909732 344678 1470379
1 6 1577292 0 1788909732 344921 1511029
3 3 1637076 0 1788909732 345469 1418631
0 7 1686084 0 1788909732 573818 1541980
1 7 1679157 0 1788909732 574043 1609238
2 4 1789890 0 1788909732 574505 1559779
0 8 1821622 0 1788909732 743073 1727556
1 8 1778749 0 1788909732 744019 1736604
3 4 1824158 0 1788909732 744147 1652937
0 9 1892397 0 1788909732 875223 1811423
1 9 1881249 0 1788909732 875624 1844289
2 5 1894547 0 1788909732 876091 1759512
0 10 1937823 0 1788909732 987779 1871901
1 10 1915789 0 1788909732 988257 1881507
3 5 1969750 0 1788909732 988394 1856366
0 11 1973966 0 1788909733 87204 1915364
1 11 1969409 0 1788909733 87433 1940299
2 6 1978393 0 1788909733 87604 1878065
0 12 2140347 0 1788909733 276532 2016904
1 12 2091040 0 1788909733 276673 2022300
3 6 2155744 0 1788909733 276842 1965869
0 13 2184979 0 1788909733 472466 2055634
1 13 2152101 0 1788909733 472912 2094600
2 7 2214571 0 1788909733 473070 2017795
0 14 2288630 0 1788909733 640834 2195497
1 14 2288175 0 1788909733 641039 2238061
3 7 2305681 0 1788909733 641167 2136783
0 15 2359253 0 1788909733 817016 2264744
1 15 2358535 0 1788909733 817197 2312368
2 8 2403467 0 1788909733 817318 2226713
0 16 2442920 0 1788909733 949079 2362026
1 16 2434647 0 1788909733 949291 2392212
3 8 2465462 0 1788909733 949411 2332788
0 17 2533438 0 1788909734 78184 2448125
1 17 2522874 0 1788909734 78413 2478113
2 9 2562405 0 1788909734 80955 2430253
0 18 2586239 0 1788909734 194687 2515627
1 18 2493101 0 1788909734 195662 2454049
3 9 2617281 0 1788909734 195841 2498830
0 19 2576054 0 1788909734 316169 2504247
1 19 2569574 0 1788909734 316409 2532350
2 10 2612490 0 1788909734 316620 2488287
0 20 2657033 0 1788909734 441405 2581318
1 20 2637190 0 1788909734 441641 2601614
3 10 2691800 0 1788909734 441742 2565963
0 21 2708459 0 1788909734 558017 2632902
1 21 2676644 0 1788909734 558339 2641796
2 11 2720471 0 1788909734 558516 2603120
0 22 2751533 0 1788909734 695807 2668249
1 22 2720377 0 1788909734 697837 2681442
3 11 2795270 0 1788909734 697972 2654985
0 23 2832546 0 1788909734 834602 2742141
1 23 2821601 0 1788909734 835127 2783332
2 12 2855815 0 1788909734 837898 2712527
0 24 2898697 0 1788909734 962686 2807417
1 24 2868295 0 1788909734 962849 2820153
3 12 2935356 0 1788909734 962959 2806597
0 25 2949246 0 1788909735 105574 2855608
1 25 2947264 0 1788909735 105712 2897830
2 13 2975197 0 1788909735 105828 2831811
0 26 3084917 0 1788909735 272636 2990556
1 26 3080984 0 1788909735 272788 3033906
3 13 3100430 0 1788909735 273855 2931740
0 27 3154994 0 1788909735 413112 3066499
1 27 3139149 0 1788909735 413371 3090173
2 14 3181355 0 1788909735 413561 3040175
0 28 3231445 0 1788909735 553777 3134090
1 28 3227454 0 1788909735 553943 3177706
3 14 3252273 0 1788909735 554395 3110794
0 29 3374192 0 1788909735 706092 3275109
1 29 3369974 0 1788909735 706698 3319449
2 15 3380732 0 1788909735 707571 3225551
0 30 3413462 0 1788909735 852800 3318325
1 30 3403707 0 1788909735 859324 3347313
3 15 3444113 0 1788909735 860425 3286721
0 31 3630317 0 1788909736 114983 3442668
1 31 3650278 0 1788909736 144595 3513856
2 16 3686346 0 1788909736 145169 3392913
0 32 3776407 0 1788909736 320433 3673950
1 32 3717061 0 1788909736 321170 3676633
3 16 3821404 0 1788909736 322220 3613130
0 33 3812447 0 1788909736 426033 3746483
1 33 3782926 0 1788909736 426238 3747890
2 17 3821011 0 1788909736 426469 3714330
0 34 3846983 0 1788909736 539383 3769649
1 34 3824021 0 1788909736 539585 3790123
3 17 3890924 0 1788909736 539752 3776933
0 35 3899853 0 1788909736 646665 3834784
1 35 3838086 0 1788909736 646972 3803826
2 18 3923683 0 1788909736 647171 3815664
0 36 3930057 0 1788909736 753344 3860800
1 36 3913319 0 1788909736 754089 3880215
3 18 3939866 0 1788909736 754580 3831756
0 37 3956041 0 1788909736 852258 3897334
1 37 3932517 0 1788909736 852497 3902825
2 19 3983429 0 1788909736 852621 3883849
0 38 4000805 0 1788909736 946628 3939839
1 38 3993361 0 1788909736 946892 3959052
3 19 4004552 0 1788909736 947110 3909242
0 39 4081316 0 1788909737 67497 4005914
1 39 4078363 0 1788909737 67638 4041750
2 20 4108305 0 1788909737 67766 3986918
0 40 4103813 0 1788909737 176008 4039074
1 40 4084247 0 1788909737 176205 4050575
3 20 4170985 0 1788909737 176433 4061823
0 41 4115408 0 1788909737 272642 4048845
1 41 4115355 0 1788909737 272941 4082519
2 21 4163717 0 1788909737 273353 4066170
0 42 4201790 0 1788909737 398542 4108665
1 42 4181162 0 1788909737 398724 4138997
3 21 4236662 0 1788909737 398823 4110278
0 43 4195883 0 1788909737 522343 4114030
1 43 4188298 0 1788909737 523154 4145815
2 22 4263620 0 1788909737 523328 4138548
0 44 4321817 0 1788909737 674627 4211375
1 44 4299667 0 1788909737 674917 4251141
3 22 4339280 0 1788909737 675319 4186065
0 45 4376944 0 1788909737 797368 4296797
1 45 4376630 0 1788909737 798105 4340157
2 23 4416260 0 1788909737 798895 4291746
0 46 4476691 0 1788909737 902068 4414078
1 46 4465867 0 1788909737 902314 4435028
3 23 4480692 0 1788909737 902506 4375259
0 47 4509578 0 1788909738 17982 4435096
1 47 4500498 0 1788909738 18908 4466029
2 24 4519990 0 1788909738 19345 4402510
0 48 4600282 0 1788909738 192477 4471106
1 48 4584378 0 1788909738 192642 4500399
3 24 4627645 0 1788909738 192795 4452522
0 49 4762273 0 1788909738 472864 4556840
1 49 4760960 0 1788909738 473223 4638691
2 25 4860725 0 1788909738 473670 4579046
2 26 5085002 0 1788909738 893609 5076277
0 50 5231175 0 1788909738 963766 4924629
1 50 5167798 0 1788909738 963971 4985677
3 25 5247265 0 1788909738 964879 4754503
0 51 5327204 0 1788909739 172219 5200714
1 51 5285629 0 1788909739 177176 5215057
2 27 5338512 0 1788909739 177295 5124724
0 52 5448759 0 1788909739 373260 5327387
1 52 5448493 0 1788909739 373444 5390292
3 26 5463105 0 1788909739 374139 5260997
0 53 5566857 0 1788909739 534899 5467527
1 53 5564169 0 1788909739 535025 5513508
2 28 5609485 0 1788909739 535183 5447258
0 54 5752468 0 1788909739 740164 5620269
1 54 5738052 0 1788909739 740457 5688986
3 27 5767678 0 1788909739 740830 5561614
0 55 5869707 0 1788909739 902082 5760661
1 55 5847099 0 1788909739 902332 5796696
2 29 5882301 0 1788909739 909361 5712862
0 56 5984211 0 1788909740 86496 5860674
1 56 5980593 0 1788909740 86683 5914208
3 28 6002319 0 1788909740 86845 5817028
0 57 6085436 0 1788909740 252820 5982881
1 57 6070625 0 1788909740 257129 6010579
2 30 6132644 0 1788909740 257354 5961601
0 58 6227419 0 1788909740 471053 6096213
1 58 6192591 0 1788909740 471188 6126984
3 29 6239700 0 1788909740 471335 6020694
2 31 6200732 0 1788909740 487410 6183965
