7 1 231468 0 1788909519 45135 227619
4 1 305418 0 1788909519 106831 47817
5 1 295256 0 1788909519 107129 96571
6 1 294863 0 1788909519 107282 174797
4 2 416445 0 1788909519 255553 315927
5 2 389368 0 1788909519 256030 335886
7 2 421227 0 1788909519 256271 271510
4 3 556715 0 1788909519 432360 430859
5 3 554513 0 1788909519 432582 494784
6 2 560981 0 1788909519 432732 383522
4 4 699726 0 1788909519 593957 588344
5 4 691270 0 1788909519 594187 642144
7 3 705938 0 1788909519 594540 543518
4 5 918807 0 1788909519 844208 722158
5 5 898660 0 1788909519 848961 772939
6 3 942976 0 1788909519 849371 687277
4 6 1052433 0 1788909520 24767 939273
5 6 1025995 0 1788909520 25011 964970
7 4 1073279 0 1788909520 25611 891425
4 7 1247300 0 1788909520 281583 1099179
5 7 1220312 0 1788909520 281777 1134744
6 4 1267912 0 1788909520 281930 1010501
4 8 1452986 0 1788909520 581007 1231386
5 8 1444480 0 1788909520 581214 1298349
7 5 1518415 0 1788909520 581332 1218420
4 9 1721215 0 1788909520 864316 1535355
5 9 1697970 0 1788909520 864472 1588512
6 5 1731662 0 1788909520 870514 1441925
4 10 1912511 0 1788909521 114776 1754622
5 10 1877998 0 1788909521 115229 1786667
7 6 1937331 0 1788909521 115354 1686105
4 11 2028008 0 1788909521 297938 1914736
5 11 1972925 0 1788909521 298150 1911039
6 6 2050048 0 1788909521 298262 1852680
4 12 2103281 0 1788909521 530510 1946100
5 12 2096524 0 1788909521 530656 2012624
7 7 2198439 0 1788909521 531297 1964834
4 13 2318807 0 1788909521 803069 2175329
5 13 2317212 0 1788909521 803307 2238782
6 7 2356606 0 1788909521 803475 2083400
4 14 2588535 0 1788909522 82199 2388497
5 14 2582769 0 1788909522 82385 2460591
7 8 2591757 0 1788909522 82522 2311969
4 15 2803518 0 1788909522 311822 2659042
5 15 2782824 0 1788909522 312382 2710346
6 8 2810299 0 1788909522 312494 2568172
4 16 3012098 0 1788909522 608266 2844461
5 16 2990175 0 1788909522 608504 2921124
7 9 3039413 0 1788909522 608628 2742351
4 17 3141879 0 1788909522 790015 3040103
5 17 3104902 0 1788909522 790208 3056554
6 9 3160437 0 1788909522 790552 2977884
4 18 3256157 0 1788909523 550 3108063
5 18 3231994 0 1788909523 688 3143055
7 10 3311149 0 1788909523 797 3100093
4 19 3413220 0 1788909523 232679 3266902
5 19 3407796 0 1788909523 232853 3351198
6 10 3415649 0 1788909523 233021 3182921
4 20 3542605 0 1788909523 421127 3430592
5 20 3527097 0 1788909523 421321 3471733
7 11 3579692 0 1788909523 427043 3385159
4 21 3739743 0 1788909523 679578 3600215
5 21 3724030 0 1788909523 680309 3665670
6 11 3758836 0 1788909523 683534 3496210
4 22 4051856 0 1788909524 29579 3799477
5 22 4054750 0 1788909524 40866 3947619
7 12 4072317 0 1788909524 41115 3710519
4 23 4383209 0 1788909524 425268 4118513
5 23 4376417 0 1788909524 425413 4194117
6 12 4388045 0 1788909524 425540 3991813
4 24 4675569 0 1788909524 782628 4469140
5 24 4664717 0 1788909524 782753 4562215
7 13 4720953 0 1788909524 782835 4363147
4 25 4989904 0 1788909525 121841 4738251
5 25 4988594 0 1788909525 122172 4898552
6 13 5002597 0 1788909525 122265 4662715
4 26 5277413 0 1788909525 472296 5030844
5 26 5276700 0 1788909525 472527 5115864
7 14 5316815 0 1788909525 483005 4955337
4 27 5463270 0 1788909525 729373 5323926
5 27 5461032 0 1788909525 729523 5397043
6 14 5485210 0 1788909525 729635 5227620
4 28 5751103 0 1788909526 43036 5543225
5 28 5687636 0 1788909526 43276 5547430
7 15 5789384 0 1788909526 65403 5453044
4 29 5924224 0 1788909526 295133 5745823
5 29 5917482 0 1788909526 295321 5839550
6 15 5935160 0 1788909526 295496 5682451
4 30 6274349 0 1788909526 676596 5979296
5 30 6268421 0 1788909526 689505 6035398
7 16 6448620 0 1788909526 827159 5916247
4 31 6690227 0 1788909527 126340 6502432
5 31 6690363 0 1788909527 126545 6583666
6 16 6696431 0 1788909527 126658 6245905
4 32 7080766 0 1788909527 564108 6759735
5 32 7072090 0 1788909527 577521 6909647
7 17 7111839 0 1788909527 577838 6660146
4 33 7498078 0 1788909528 14405 7245395
5 33 7492580 0 1788909528 14688 7367921
6 17 7509554 0 1788909528 15028 7058288
4 34 7684770 0 1788909528 227746 7548165
5 34 7626751 0 1788909528 230640 7570295
7 18 7698606 0 1788909528 230925 7471689
4 35 7786224 0 1788909528 401018 7685541
5 35 7770080 0 1788909528 401234 7729389
6 18 7786778 0 1788909528 401425 7611872
4 36 7867596 0 1788909528 540701 7775376
5 36 7863308 0 1788909528 541324 7817179
7 19 7893720 0 1788909528 544056 7749296
5 37 7945576 0 1788909528 647395 7938526
4 37 8023362 0 1788909528 718474 7899674
6 19 8035086 0 1788909528 719027 7856475
7 20 7996432 0 1788909528 722628 7989990
