4 1 364022 0 1788909720 609104 77045
5 1 355793 0 1788909720 611336 169852
6 1 355754 0 1788909720 611842 267372
4 2 577071 0 1788909720 855785 400844
5 2 573159 0 1788909720 855936 466916
7 1 598719 0 1788909720 856054 351626
4 3 749550 0 1788909721 64970 636763
5 3 746240 0 1788909721 65553 684467
6 2 755721 0 1788909721 66051 545235
4 4 910637 0 1788909721 242908 793581
5 4 905338 0 1788909721 243238 853219
7 2 921651 0 1788909721 243390 742839
4 5 1062356 0 1788909721 412420 942671
5 5 1044075 0 1788909721 413144 983160
6 3 1074538 0 1788909721 421124 896133
4 6 1212086 0 1788909721 608088 1090678
5 6 1192282 0 1788909721 608285 1132581
7 3 1214432 0 1788909721 608401 1018307
4 7 1290982 0 1788909721 748672 1199277
5 7 1271437 0 1788909721 749389 1216841
6 4 1306888 0 1788909721 749574 1164135
4 8 1378045 0 1788909721 884630 1291109
5 8 1313071 0 1788909721 884762 1278533
7 4 1379727 0 1788909721 884860 1243270
4 9 1449817 0 1788909722 32338 1345630
5 9 1445772 0 1788909722 32542 1389702
6 5 1452778 0 1788909722 33181 1303986
4 10 1589877 0 1788909722 211569 1471655
5 10 1565898 0 1788909722 211832 1514040
7 5 1602159 0 1788909722 212330 1421833
4 11 1691275 0 1788909722 383157 1574525
5 11 1669745 0 1788909722 383343 1608059
6 6 1703139 0 1788909722 384038 1530401
4 12 1773166 0 1788909722 549693 1664445
5 12 1679052 0 1788909722 549950 1629424
7 6 1781207 0 1788909722 550101 1614023
4 13 1802699 0 1788909722 693237 1707548
5 13 1765544 0 1788909722 693475 1714805
6 7 1839560 0 1788909722 717361 1671632
4 14 2027442 0 1788909722 961877 1866479
5 14 2034810 0 1788909722 972143 1923227
7 7 2042611 0 1788909722 972375 1763267
4 15 2263161 0 1788909723 209025 2090935
5 15 2263045 0 1788909723 215019 2176891
6 8 2271881 0 1788909723 215166 2018169
4 16 2514922 0 1788909723 527806 2355067
5 16 2488158 0 1788909723 527995 2402479
7 8 2573779 0 1788909723 547007 2235478
4 17 2746496 0 1788909723 820281 2546970
5 17 2728964 0 1788909723 820769 2602913
6 9 2758880 0 1788909723 820878 2465573
4 18 2904134 0 1788909724 37450 2779036
5 18 2860244 0 1788909724 48306 2794932
7 9 2919466 0 1788909724 48441 2671591
4 19 3260762 0 1788909724 521803 2905511
5 19 3258995 0 1788909724 522124 3075518
6 10 3309969 0 1788909724 522332 2824353
4 20 3527869 0 1788909724 818889 3367447
5 20 3498519 0 1788909724 820710 3434703
7 10 3552133 0 1788909724 820859 3232333
5 21 3604631 0 1788909724 988134 3599993
4 21 3779614 0 1788909725 147981 3529451
6 11 3810304 0 1788909725 148197 3479172
7 11 3748379 0 1788909725 148327 3676215
4 22 3949583 0 1788909725 370976 3785249
5 22 3963520 0 1788909725 375987 3735251
6 12 3946383 0 1788909725 376167 3852223
4 23 3964298 0 1788909725 450025 3960823
5 23 4037741 0 1788909725 530407 4031517
4 24 4167526 0 1788909725 718254 4089861
6 13 4212831 0 1788909725 718382 4081567
7 12 4238620 0 1788909725 719784 3889561
4 25 4340627 0 1788909725 903965 4215852
5 24 4343686 0 1788909725 905393 4156359
6 14 4330012 0 1788909725 905618 4275118
4 26 4441584 0 1788909726 51444 4352639
5 25 4413051 0 1788909726 51604 4368191
7 13 4480710 0 1788909726 57958 4325991
4 27 4538208 0 1788909726 226301 4405205
5 26 4516692 0 1788909726 226465 4433706
6 15 4587297 0 1788909726 226794 4410040
4 28 4733749 0 1788909726 453436 4628097
5 27 4718130 0 1788909726 453732 4668649
7 14 4743482 0 1788909726 455642 4513524
4 29 4803123 0 1788909726 607127 4714738
5 28 4792814 0 1788909726 607392 4741865
6 16 4808391 0 1788909726 607700 4653890
4 30 4902318 0 1788909726 724526 4823962
5 29 4878833 0 1788909726 724749 4841482
7 15 4903409 0 1788909726 724917 4785364
4 31 4979814 0 1788909726 853710 4895320
5 30 4974124 0 1788909726 853905 4936403
6 17 4989284 0 1788909726 854036 4859536
4 32 5047308 0 1788909726 956976 4975882
5 31 5030240 0 1788909726 957250 4990951
7 16 5077611 0 1788909726 957462 4973495
4 33 5123647 0 1788909727 72789 5051054
5 32 5114972 0 1788909727 74969 5077210
6 18 5126129 0 1788909727 75229 5007633
4 34 5252687 0 1788909727 228675 5155417
5 33 5242158 0 1788909727 228802 5197733
7 17 5263135 0 1788909727 228913 5106810
4 35 5347599 0 1788909727 405914 5233181
5 34 5347782 0 1788909727 406244 5279300
6 19 5359116 0 1788909727 406673 5180891
4 36 5478660 0 1788909727 572664 5372266
5 35 5456316 0 1788909727 573090 5389677
7 18 5499344 0 1788909727 574167 5330516
4 37 5615445 0 1788909727 743056 5503601
5 36 5604522 0 1788909727 743303 5550739
6 20 5621752 0 1788909727 743438 5450090
4 38 5728206 0 1788909727 898070 5647194
5 37 5721937 0 1788909727 898301 5681791
7 19 5753266 0 1788909727 898754 5597381
4 39 5910101 0 1788909728 95519 5760531
5 38 5890927 0 1788909728 97327 5800462
6 21 5919955 0 1788909728 97523 5720292
4 40 6004319 0 1788909728 250643 5903068
5 39 5994882 0 1788909728 250913 5940045
7 20 6009939 0 1788909728 251212 5853911
4 41 6131237 0 1788909728 408826 6019100
5 40 6099376 0 1788909728 409059 6050277
6 22 6146500 0 1788909728 409195 5987593
4 42 6268747 0 1788909728 617326 6107475
5 41 6266659 0 1788909728 619234 6183112
7 21 6300328 0 1788909728 619399 6089483
5 42 6404179 0 1788909728 795074 6393733
4 43 6605616 0 1788909728 990559 6325037
6 23 6607956 0 1788909728 990843 6233886
7 22 6583328 0 1788909728 991005 6474968
4 44 6797633 0 1788909729 232564 6657186
5 43 6820427 0 1788909729 232827 6577882
6 24 6747264 0 1788909729 233000 6684077
4 45 6915526 0 1788909729 420718 6784280
5 44 6903112 0 1788909729 421927 6837870
7 23 6927203 0 1788909729 422114 6737260
4 46 6988557 0 1788909729 599180 6877310
5 45 6921967 0 1788909729 599434 6867845
6 25 7031107 0 1788909729 599627 6851474
4 47 7083167 0 1788909729 801618 6958775
5 46 7034203 0 1788909729 806788 6952826
7 24 7114916 0 1788909729 807019 6906837
4 48 7149029 0 1788909729 939160 7070393
5 47 7121306 0 1788909729 939633 7077435
6 26 7159612 0 1788909729 939840 7020197
4 49 7197580 0 1788909730 43301 7134017
5 48 7172701 0 1788909730 43452 7139268
7 25 7202017 0 1788909730 43595 7096578
4 50 7244084 0 1788909730 202987 7134209
5 49 7226765 0 1788909730 203177 7170895
6 27 7286041 0 1788909730 203277 7125838
7 26 7200583 0 1788909730 207192 7196203
