0 1 415172 0 1788909762 330535 100661
1 1 422463 0 1788909762 354358 223101
2 1 429334 0 1788909762 361918 279493
0 2 618846 0 1788909762 571244 490935
1 2 591192 0 1788909762 571728 519325
3 1 622827 0 1788909762 572080 373418
0 3 676679 0 1788909762 714180 575976
1 3 657140 0 1788909762 714697 603496
2 2 721152 0 1788909762 715127 577045
0 4 828019 0 1788909762 903641 710762
1 4 819729 0 1788909762 903793 770523
3 2 838067 0 1788909762 908900 642328
0 5 971814 0 1788909763 79222 846948
1 5 965593 0 1788909763 79365 891348
2 3 991463 0 1788909763 83314 811467
0 6 1112729 0 1788909763 268382 997257
1 6 1088999 0 1788909763 268522 1029678
3 3 1148357 0 1788909763 268644 958700
0 7 1344389 0 1788909763 644015 1063246
1 7 1337643 0 1788909763 644421 1170177
2 4 1453027 0 1788909763 649534 1071677
0 8 1646895 0 1788909763 980239 1394980
1 8 1603505 0 1788909763 980668 1530636
3 4 1649146 0 1788909763 981028 1310865
0 9 1747315 0 1788909764 142033 1663775
1 9 1735967 0 1788909764 142234 1688473
2 5 1749068 0 1788909764 142505 1586469
0 10 1852346 0 1788909764 314195 1751605
1 10 1830901 0 1788909764 315262 1780364
3 5 1885011 0 1788909764 315547 1710819
0 11 1899766 0 1788909764 424898 1829746
1 11 1895170 0 1788909764 425088 1858317
2 6 1904156 0 1788909764 425260 1792683
0 12 1991421 0 1788909764 539498 1910731
1 12 1942169 0 1788909764 539695 1894836
3 6 2006811 0 1788909764 539802 1891662
0 13 1945465 0 1788909764 644844 1878721
1 13 1912312 0 1788909764 645016 1880485
2 7 1974778 0 1788909764 645170 1868748
0 14 2009848 0 1788909764 773945 1919419
1 14 2009988 0 1788909764 774745 1952025
3 7 2027544 0 1788909764 774922 1897246
0 15 2012605 0 1788909764 882261 1945804
1 15 2011906 0 1788909764 882461 1977346
2 8 2056890 0 1788909764 882634 1941979
0 16 2108519 0 1788909765 26570 2003442
1 16 2102466 0 1788909765 29003 2038649
3 8 2133313 0 1788909765 29154 1986162
0 17 2291316 0 1788909765 247956 2164691
1 17 2281522 0 1788909765 248955 2233895
2 9 2319387 0 1788909765 249829 2095141
0 18 2392748 0 1788909765 413088 2278751
1 18 2299408 0 1788909765 413863 2240260
3 9 2423594 0 1788909765 414047 2256697
0 19 2445665 0 1788909765 597673 2310281
1 19 2439199 0 1788909765 597928 2344668
2 10 2482065 0 1788909765 598088 2296830
0 20 2625825 0 1788909765 822090 2493282
1 20 2608764 0 1788909765 825107 2539810
3 10 2663496 0 1788909765 825331 2430589
0 21 2761506 0 1788909766 22957 2634923
1 21 2729564 0 1788909766 23151 2662731
2 11 2773739 0 1788909766 23677 2571932
0 22 2958582 0 1788909766 314749 2758384
1 22 2926642 0 1788909766 315995 2852623
3 11 3020203 0 1788909766 334797 2708140
0 23 3259034 0 1788909766 672983 3037059
1 23 3247806 0 1788909766 673127 3141766
2 12 3279247 0 1788909766 673222 2919555
0 24 3432138 0 1788909766 908020 3284418
1 24 3401719 0 1788909766 908166 3313697
3 12 3468786 0 1788909766 908281 3233189
0 25 3528546 0 1788909767 96767 3402924
1 25 3526643 0 1788909767 96984 3456954
2 13 3554634 0 1788909767 97159 3365225
0 26 3626022 0 1788909767 225634 3560332
1 26 3622176 0 1788909767 225872 3591291
3 13 3643352 0 1788909767 228671 3510919
0 27 3706066 0 1788909767 376077 3589968
1 27 3690219 0 1788909767 376334 3645276
2 14 3732410 0 1788909767 376509 3581214
0 28 3826254 0 1788909767 560479 3698972
1 28 3822293 0 1788909767 560676 3749454
3 14 3846789 0 1788909767 560804 3661859
0 29 3964095 0 1788909767 707887 3878849
1 29 3959493 0 1788909767 708110 3917637
2 15 3969731 0 1788909767 708463 3821515
0 30 3973791 0 1788909767 825022 3898608
1 30 3957705 0 1788909767 825215 3918909
3 15 3997425 0 1788909767 825630 3879490
0 31 4075088 0 1788909767 971647 3964776
1 31 4065586 0 1788909767 971797 4007065
2 16 4101255 0 1788909767 971972 3953752
0 32 4172937 0 1788909768 128855 4067023
1 32 4113048 0 1788909768 129050 4077168
3 16 4216647 0 1788909768 129355 4058653
0 33 4203545 0 1788909768 229024 4137081
1 33 4173995 0 1788909768 229200 4140597
2 17 4212293 0 1788909768 229643 4111231
0 34 4247490 0 1788909768 351783 4166460
1 34 4224590 0 1788909768 352047 4187230
3 17 4291458 0 1788909768 352180 4168109
0 35 4311915 0 1788909768 470620 4239980
1 35 4250036 0 1788909768 470816 4210464
2 18 4335610 0 1788909768 470991 4216163
0 36 4335770 0 1788909768 570949 4267711
1 36 4318443 0 1788909768 571105 4281278
3 18 4344664 0 1788909768 571272 4243751
0 37 4377908 0 1788909768 686018 4303949
1 37 4354448 0 1788909768 686321 4316006
2 19 4405353 0 1788909768 686438 4289556
0 38 4437667 0 1788909768 795383 4380450
1 38 4430245 0 1788909768 795670 4401351
3 19 4441635 0 1788909768 796086 4331251
0 39 4482317 0 1788909768 880392 4427023
1 39 4484544 0 1788909768 885711 4449883
2 20 4514497 0 1788909768 885851 4423823
0 40 4534922 0 1788909769 19010 4455529
1 40 4515326 0 1788909769 19177 4473295
3 20 4601954 0 1788909769 19295 4462726
0 41 4583148 0 1788909769 152276 4499015
1 41 4583025 0 1788909769 152504 4536408
2 21 4631092 0 1788909769 152621 4497225
0 42 4669681 0 1788909769 278326 4580687
1 42 4649008 0 1788909769 278463 4606631
3 21 4704589 0 1788909769 278643 4578018
0 43 4639629 0 1788909769 377983 4578252
1 43 4632337 0 1788909769 379086 4601864
2 22 4707601 0 1788909769 379203 4606373
0 44 4733505 0 1788909769 498207 4648632
1 44 4711256 0 1788909769 498398 4676929
3 22 4750620 0 1788909769 498553 4629730
0 45 4766448 0 1788909769 598765 4698130
1 45 4765593 0 1788909769 598962 4726667
2 23 4804545 0 1788909769 599072 4703452
0 46 4875494 0 1788909769 712763 4803997
1 46 4864650 0 1788909769 712991 4827192
3 23 4879408 0 1788909769 713115 4764908
0 47 4891668 0 1788909769 811964 4831175
1 47 4881991 0 1788909769 812293 4848407
2 24 4901856 0 1788909769 813103 4801269
0 48 4917681 0 1788909769 921769 4850124
1 48 4901774 0 1788909769 921931 4866804
3 24 4945679 0 1788909769 922721 4834640
0 49 4935858 0 1788909770 58342 4839710
1 49 4934696 0 1788909770 58852 4896197
2 25 5034175 0 1788909770 59014 4896702
0 50 5048721 0 1788909770 193206 4962273
1 50 4985835 0 1788909770 193901 4937190
3 25 5064578 0 1788909770 194085 4928595
0 51 5094019 0 1788909770 344696 4986677
1 51 5088115 0 1788909770 345023 5039616
2 26 5125381 0 1788909770 345881 4971646
0 52 5132983 0 1788909770 455910 5063531
1 52 5120172 0 1788909770 456565 5087355
3 26 5154259 0 1788909770 457699 5041015
0 53 5247547 0 1788909770 585138 5169676
1 53 5210424 0 1788909770 590358 5165897
2 27 5254100 0 1788909770 590945 5118801
0 54 5307268 0 1788909770 692312 5238088
1 54 5292889 0 1788909770 692477 5258306
3 27 5310168 0 1788909770 692917 5202135
0 55 5397428 0 1788909770 836382 5293086
1 55 5392638 0 1788909770 836905 5337256
2 28 5422777 0 1788909770 837074 5277818
0 56 5500574 0 1788909770 996993 5410165
1 56 5483007 0 1788909770 997185 5448639
3 28 5530469 0 1788909770 997595 5368907
0 57 5573818 0 1788909771 110421 5497713
1 57 5531362 0 1788909771 110640 5496188
2 29 5592830 0 1788909771 110813 5478758
0 58 5631141 0 1788909771 274669 5540690
1 58 5619428 0 1788909771 274954 5573919
3 29 5676736 0 1788909771 275133 5511811
0 59 5695757 0 1788909771 394328 5614898
1 59 5638405 0 1788909771 394590 5599492
2 30 5704284 0 1788909771 394774 5583976
0 60 5602215 0 1788909771 490215 5537249
1 60 5518120 0 1788909771 490371 5485315
3 30 5662295 0 1788909771 490481 5565875
0 61 5549671 0 1788909771 589646 5486332
1 61 5532074 0 1788909771 589834 5498217
2 31 5551577 0 1788909771 590009 5451525
0 62 5557600 0 1788909771 704178 5484745
1 62 5547485 0 1788909771 704483 5513356
3 31 5593156 0 1788909771 704711 5477781
0 63 5663320 0 1788909771 828991 5578715
1 63 5661326 0 1788909771 829143 5614882
2 32 5668960 0 1788909771 833602 5539327
3 32 5689411 0 1788909771 872064 5645014
0 64 5695829 0 1788909771 878726 5686840
