0 1 141587 0 1788909772 225068 37338
1 1 125959 0 1788909772 225970 54809
2 1 125402 0 1788909772 226103 85942
0 2 241309 0 1788909772 361823 159220
1 2 213303 0 1788909772 361956 168309
3 1 244689 0 1788909772 362059 107439
0 3 274472 0 1788909772 480090 200993
1 3 254556 0 1788909772 480229 214417
2 2 319204 0 1788909772 481297 199338
0 4 343796 0 1788909772 587535 278995
1 4 335587 0 1788909772 587768 303370
3 2 348998 0 1788909772 587947 240932
0 5 422827 0 1788909772 698352 350202
1 5 416701 0 1788909772 698590 383635
2 3 441659 0 1788909772 701628 327265
0 6 501247 0 1788909772 825017 417747
1 6 479239 0 1788909772 826879 436818
3 3 541292 0 1788909772 829696 409667
0 7 508685 0 1788909772 976428 399718
1 7 501679 0 1788909772 976574 433568
2 4 612242 0 1788909772 976867 458999
0 8 723585 0 1788909773 225046 558318
1 8 680322 0 1788909773 225602 623692
3 4 725930 0 1788909773 225929 475981
0 9 767962 0 1788909773 330798 709138
1 9 756836 0 1788909773 331220 727479
2 5 769822 0 1788909773 331377 663143
0 10 811286 0 1788909773 441253 738318
1 10 789726 0 1788909773 442204 757339
3 5 843804 0 1788909773 442457 731965
0 11 846738 0 1788909773 539986 779315
1 11 842141 0 1788909773 540175 809065
2 6 851480 0 1788909773 540701 751793
0 12 929882 0 1788909773 646077 860764
1 12 883886 0 1788909773 649529 848691
3 6 948622 0 1788909773 649730 838666
0 13 885933 0 1788909773 753429 817252
1 13 852972 0 1788909773 753793 819387
2 7 919270 0 1788909773 757779 807213
0 14 924123 0 1788909773 856338 861512
1 14 923653 0 1788909773 856526 893660
3 7 942364 0 1788909773 857859 837653
0 15 932097 0 1788909773 969869 857832
1 15 931408 0 1788909773 970080 892175
2 8 976321 0 1788909773 970182 862288
0 16 1035768 0 1788909774 121937 923513
1 16 1027508 0 1788909774 122162 964457
3 8 1058328 0 1788909774 122287 905631
0 17 1137814 0 1788909774 262570 1042782
1 17 1127182 0 1788909774 262731 1085448
2 9 1164289 0 1788909774 262848 1017063
0 18 1188308 0 1788909774 376766 1118799
1 18 1094781 0 1788909774 377352 1058751
3 9 1219022 0 1788909774 377592 1103870
0 19 1161421 0 1788909774 481546 1099294
1 19 1154870 0 1788909774 481715 1125651
2 10 1197693 0 1788909774 481833 1092020
0 20 1229280 0 1788909774 593662 1153967
1 20 1209319 0 1788909774 593779 1170058
3 10 1263928 0 1788909774 593880 1151295
0 21 1270182 0 1788909774 699751 1199254
1 21 1238286 0 1788909774 699990 1196287
2 11 1283614 0 1788909774 701669 1175381
0 22 1284093 0 1788909774 808376 1210616
1 22 1251773 0 1788909774 809244 1216375
3 11 1326799 0 1788909774 809511 1216836
0 23 1348705 0 1788909774 930770 1272796
1 23 1337526 0 1788909774 930964 1306013
2 12 1369013 0 1788909774 931105 1245660
0 24 1389473 0 1788909775 33472 1321907
1 24 1362171 0 1788909775 36735 1322771
3 12 1429365 0 1788909775 36977 1322905
0 25 1417369 0 1788909775 153708 1341127
1 25 1415526 0 1788909775 153985 1371001
2 13 1443522 0 1788909775 154163 1322538
0 26 1590638 0 1788909775 358368 1444156
1 26 1586700 0 1788909775 358513 1522474
3 13 1605187 0 1788909775 358622 1399825
0 27 1692925 0 1788909775 531054 1582808
1 27 1679329 0 1788909775 533562 1607718
2 14 1721509 0 1788909775 533724 1545957
0 28 1778215 0 1788909775 680558 1672020
1 28 1779316 0 1788909775 685816 1719523
3 14 1804300 0 1788909775 686432 1647949
0 29 1904032 0 1788909775 815942 1816713
1 29 1899740 0 1788909775 816474 1855679
2 15 1910924 0 1788909775 817773 1772925
0 30 1938200 0 1788909775 957548 1845123
1 30 1922106 0 1788909775 957734 1873848
3 15 1961522 0 1788909775 957844 1819333
0 31 2066751 0 1788909776 131427 1951352
1 31 2058331 0 1788909776 132658 1996956
2 16 2094067 0 1788909776 132900 1917207
0 32 2212607 0 1788909776 336642 2122201
1 32 2152734 0 1788909776 336852 2113166
3 16 2256138 0 1788909776 336963 2050058
0 33 2264448 0 1788909776 458044 2182387
1 33 2234935 0 1788909776 458258 2200077
2 17 2273062 0 1788909776 458529 2150892
0 34 2284294 0 1788909776 556704 2218534
1 34 2261265 0 1788909776 556839 2228155
3 17 2328379 0 1788909776 557217 2228934
0 35 2341850 0 1788909776 668672 2272714
1 35 2280009 0 1788909776 668905 2245797
2 18 2366207 0 1788909776 669705 2253066
0 36 2379639 0 1788909776 782935 2305992
1 36 2362380 0 1788909776 783159 2326915
3 18 2388547 0 1788909776 783271 2273721
0 37 2411645 0 1788909776 887872 2342886
1 37 2388094 0 1788909776 888084 2351648
2 19 2439284 0 1788909776 888486 2333438
0 38 2481205 0 1788909777 7038 2408093
1 38 2473692 0 1788909777 7234 2437800
3 19 2484883 0 1788909777 7452 2365076
0 39 2575839 0 1788909777 142030 2487468
1 39 2573012 0 1788909777 142296 2530494
2 20 2603572 0 1788909777 143042 2467319
0 40 2610469 0 1788909777 262673 2530785
1 40 2590927 0 1788909777 262895 2549355
3 20 2682716 0 1788909777 268174 2556291
0 41 2659897 0 1788909777 397141 2578876
1 41 2659821 0 1788909777 397417 2618842
2 21 2707916 0 1788909777 397562 2572786
0 42 2750693 0 1788909777 527455 2664546
1 42 2730054 0 1788909777 527626 2689222
3 21 2785649 0 1788909777 527819 2654636
0 43 2720597 0 1788909777 627067 2659798
1 43 2712349 0 1788909777 627216 2686278
2 22 2787677 0 1788909777 627396 2687427
0 44 2780954 0 1788909777 713774 2726929
1 44 2758744 0 1788909777 714003 2731239
3 22 2798112 0 1788909777 714161 2710818
0 45 2797617 0 1788909777 798051 2743069
1 45 2796864 0 1788909777 798349 2767711
2 23 2836340 0 1788909777 798985 2750907
0 46 2872108 0 1788909777 877495 2820950
1 46 2861230 0 1788909777 877688 2834486
3 23 2875985 0 1788909777 877809 2796029
0 47 2896759 0 1788909777 985172 2826032
1 47 2887028 0 1788909777 985447 2847134
2 24 2906414 0 1788909777 985778 2797879
0 48 2918237 0 1788909778 90441 2852015
1 48 2902435 0 1788909778 90709 2868971
3 24 2945673 0 1788909778 90832 2839694
0 49 2892320 0 1788909778 182921 2832651
1 49 2890846 0 1788909778 183119 2860216
2 25 2990398 0 1788909778 183353 2897248
0 50 2962532 0 1788909778 275134 2904329
1 50 2899166 0 1788909778 275349 2868588
3 25 2977845 0 1788909778 275468 2885034
0 51 2965700 0 1788909778 384493 2887990
1 51 2959658 0 1788909778 384682 2921846
2 26 2996178 0 1788909778 384795 2886289
0 52 3031081 0 1788909778 522124 2946528
1 52 3018424 0 1788909778 522934 2977297
3 26 3051511 0 1788909778 523068 2912667
0 53 3114603 0 1788909778 620311 3057443
1 53 3072442 0 1788909778 620493 3044647
2 27 3115645 0 1788909778 620607 3016960
0 54 3157551 0 1788909778 710713 3098284
1 54 3143237 0 1788909778 710943 3111152
3 27 3160323 0 1788909778 711189 3069265
0 55 3199840 0 1788909778 806910 3139605
1 55 3194714 0 1788909778 807099 3165539
2 28 3224896 0 1788909778 807310 3127914
0 56 3229761 0 1788909778 894298 3171881
1 56 3212666 0 1788909778 894961 3184518
3 28 3259970 0 1788909778 895213 3171432
0 57 3278142 0 1788909778 982863 3218260
1 57 3236116 0 1788909778 983510 3201669
2 29 3297876 0 1788909778 983977 3208013
0 58 3264334 0 1788909779 75979 3207635
1 58 3252637 0 1788909779 76281 3224974
3 29 3310259 0 1788909779 76772 3216028
0 59 3289974 0 1788909779 156662 3236435
1 59 3232584 0 1788909779 156886 3206164
2 30 3298430 0 1788909779 157037 3217169
0 60 3183949 0 1788909779 240065 3128678
1 60 3099885 0 1788909779 240252 3072315
3 30 3244792 0 1788909779 241096 3160168
0 61 3114132 0 1788909779 322224 3061171
1 61 3096573 0 1788909779 322450 3069838
2 31 3116083 0 1788909779 322632 3033270
0 62 3099664 0 1788909779 414359 3038464
1 62 3089462 0 1788909779 414577 3062915
3 31 3135074 0 1788909779 414746 3042350
0 63 3167688 0 1788909779 501476 3106830
1 63 3165959 0 1788909779 501893 3133973
2 32 3169742 0 1788909779 502501 3081393
0 64 3258167 0 1788909779 609182 3183403
1 64 3249992 0 1788909779 609583 3209765
3 32 3260252 0 1788909779 611021 3150450
0 65 3428838 0 1788909779 799830 3305967
1 65 3409656 0 1788909779 800069 3348009
2 33 3429958 0 1788909779 800292 3238644
0 66 3491041 0 1788909779 913323 3412225
1 66 3458451 0 1788909779 914044 3413032
3 33 3521471 0 1788909779 914993 3406009
0 67 3551770 0 1788909780 37410 3473154
1 67 3546374 0 1788909780 37634 3504105
2 34 3572385 0 1788909780 37806 3447110
0 68 3657770 0 1788909780 172222 3576599
1 68 3650969 0 1788909780 172755 3613479
3 34 3671359 0 1788909780 173951 3534642
0 69 3760669 0 1788909780 286632 3683189
1 69 3758429 0 1788909780 286826 3727082
2 35 3762486 0 1788909780 287198 3646694
0 70 3828492 0 1788909780 385539 3762200
1 70 3812452 0 1788909780 385766 3780947
3 35 3849524 0 1788909780 386076 3749848
0 71 3882911 0 1788909780 479207 3824509
1 71 3875435 0 1788909780 479415 3845970
2 36 3895487 0 1788909780 479543 3801196
0 72 3943292 0 1788909780 563321 3887716
1 72 3925095 0 1788909780 563565 3896824
3 36 3949520 0 1788909780 563742 3864790
0 73 4007750 0 1788909780 653662 3949604
1 73 4001799 0 1788909780 653891 3971809
2 37 4012512 0 1788909780 654052 3921509
0 74 4073722 0 1788909780 738607 4018179
1 74 4037056 0 1788909780 738824 4010200
3 37 4078070 0 1788909780 738934 3992581
0 75 4049015 0 1788909780 825077 3991377
1 75 3997939 0 1788909780 825536 3967437
2 38 4086590 0 1788909780 825715 3999267
0 76 4070992 0 1788909780 916527 4008718
1 76 4045432 0 1788909780 916751 4014750
3 38 4088729 0 1788909780 916954 3996467
0 77 4094851 0 1788909781 4222 4036424
1 77 4071117 0 1788909781 5036 4041948
2 39 4117821 0 1788909781 5154 4028527
0 78 4165011 0 1788909781 118443 4089397
1 78 4152808 0 1788909781 119108 4121180
3 39 4180950 0 1788909781 119347 4065596
0 79 4209194 0 1788909781 222685 4142527
1 79 4203856 0 1788909781 222862 4166482
2 40 4217334 0 1788909781 222982 4112590
0 80 4245623 0 1788909781 325001 4181026
1 80 4177976 0 1788909781 325191 4142371
3 40 4300113 0 1788909781 325303 4197234
0 81 4261841 0 1788909781 417562 4198588
1 81 4260437 0 1788909781 418063 4231896
2 41 4268185 0 1788909781 418860 4174108
0 82 4347038 0 1788909781 508909 4284198
1 82 4336686 0 1788909781 509132 4299266
3 41 4348092 0 1788909781 509255 4256119
0 83 4410919 0 1788909781 609248 4352728
1 83 4376202 0 1788909781 609529 4345379
2 42 4422713 0 1788909781 609695 4321646
0 84 4353416 0 1788909781 707668 4287910
1 84 4313537 0 1788909781 707946 4282172
3 42 4411884 0 1788909781 708078 4312856
0 85 4356724 0 1788909781 788792 4304108
1 85 4354395 0 1788909781 788957 4326878
2 43 4384913 0 1788909781 790224 4302062
0 86 4498109 0 1788909781 964375 4370268
1 86 4429529 0 1788909781 965594 4372749
3 43 4527787 0 1788909781 966062 4350303
2 44 4485376 0 1788909782 29237 4420311
0 87 4486579 0 1788909782 35729 4479665
