0 1 282810 0 1788909793 345403 64953
1 1 289501 0 1788909793 368624 126248
2 1 289255 0 1788909793 369068 198993
0 2 513475 0 1788909793 613102 348007
1 2 485534 0 1788909793 613299 391698
3 1 522260 0 1788909793 618743 248679
0 3 783083 0 1788909793 967814 501158
1 3 763435 0 1788909793 968220 613966
2 2 827148 0 1788909793 968353 471436
0 4 1413993 0 1788909794 636843 983494
1 4 1405680 0 1788909794 636973 1131789
3 2 1419022 0 1788909794 637083 747736
0 5 1677576 0 1788909794 932212 1506386
1 5 1677575 0 1788909794 938576 1592475
2 3 1702668 0 1788909794 941748 1397547
0 6 1825793 0 1788909795 128675 1712561
1 6 1802342 0 1788909795 129094 1742412
3 3 1861875 0 1788909795 129390 1664503
0 7 1908607 0 1788909795 355464 1777423
1 7 1901606 0 1788909795 355613 1834201
2 4 2011971 0 1788909795 355707 1784520
0 8 2136403 0 1788909795 616976 1967408
1 8 2092757 0 1788909795 617149 1981540
3 4 2138146 0 1788909795 617257 1876081
0 9 2313913 0 1788909795 855860 2167618
1 9 2302758 0 1788909795 856254 2235773
2 5 2316301 0 1788909795 856967 2071225
0 10 2453562 0 1788909796 62641 2316689
1 10 2432028 0 1788909796 63618 2363303
3 5 2487146 0 1788909796 64911 2277903
0 11 2698263 0 1788909796 370623 2472855
1 11 2693686 0 1788909796 370832 2567869
2 6 2703067 0 1788909796 371399 2388734
0 12 2902868 0 1788909796 598175 2757565
1 12 2853678 0 1788909796 598433 2786496
3 6 2918347 0 1788909796 598568 2689962
0 13 2978892 0 1788909796 825501 2853238
1 13 2945702 0 1788909796 825635 2879053
2 7 3009052 0 1788909796 826674 2774540
0 14 3120926 0 1788909797 32253 3030602
1 14 3120464 0 1788909797 32450 3080703
3 7 3138081 0 1788909797 32689 2930736
0 15 3169776 0 1788909797 186660 3068287
1 15 3169160 0 1788909797 187024 3115939
2 8 3214600 0 1788909797 187573 3059026
0 16 3247513 0 1788909797 312794 3169832
1 16 3239275 0 1788909797 313041 3192021
3 8 3270142 0 1788909797 313212 3143332
0 17 3503602 0 1788909797 607470 3321416
1 17 3493002 0 1788909797 607664 3390012
2 9 3530403 0 1788909797 608075 3234878
0 18 3744289 0 1788909797 911859 3553585
1 18 3658191 0 1788909797 919874 3544799
3 9 3782806 0 1788909797 920489 3458461
0 19 3990061 0 1788909798 289298 3766172
1 19 3983554 0 1788909798 289511 3864195
2 10 4026430 0 1788909798 289682 3648307
0 20 4186797 0 1788909798 530292 4028493
1 20 4166981 0 1788909798 530554 4090419
3 10 4229330 0 1788909798 538394 3979975
0 21 4393365 0 1788909798 802046 4227140
1 21 4361485 0 1788909798 802301 4281507
2 11 4405264 0 1788909798 802430 4132788
0 22 4604913 0 1788909799 108308 4393407
1 22 4581843 0 1788909799 118425 4446468
3 11 4656845 0 1788909799 118669 4339924
0 23 4837137 0 1788909799 398314 4643225
1 23 4837766 0 1788909799 410316 4726050
2 12 4869293 0 1788909799 410497 4566882
1 24 5057577 0 1788909799 711253 5042575
0 24 5288002 0 1788909799 911113 4923275
2 13 5221617 0 1788909799 911370 5136612
3 12 5324824 0 1788909799 911548 4811363
0 25 5466730 0 1788909800 184300 5274516
1 25 5469996 0 1788909800 185447 5195466
2 14 5453311 0 1788909800 185858 5337593
0 26 5746644 0 1788909800 497569 5564256
1 26 5714133 0 1788909800 505461 5609534
3 13 5758806 0 1788909800 505648 5437225
0 27 5970354 0 1788909800 803699 5765126
1 27 5942657 0 1788909800 803901 5870205
2 15 5986864 0 1788909800 804104 5680075
0 28 6180128 0 1788909801 65739 6014288
1 28 6179934 0 1788909801 65896 6094766
3 14 6184594 0 1788909801 66049 5921966
0 29 6440879 0 1788909801 336726 6256256
1 29 6361863 0 1788909801 337297 6265878
2 16 6446414 0 1788909801 337435 6174375
0 30 6639801 0 1788909801 654540 6435080
1 30 6636930 0 1788909801 654876 6527129
3 15 6698187 0 1788909801 696648 6337712
0 31 6928895 0 1788909801 982335 6724919
1 31 6922624 0 1788909801 982561 6816456
2 17 6939008 0 1788909801 982797 6608640
0 32 7090883 0 1788909802 254114 6933177
1 32 7090726 0 1788909802 255306 7007174
3 16 7152291 0 1788909802 255439 6871506
0 33 7300990 0 1788909802 503425 7151876
1 33 7295631 0 1788909802 503582 7213798
2 18 7331610 0 1788909802 504318 7081221
0 34 7496246 0 1788909802 770932 7320456
1 34 7488485 0 1788909802 771095 7413123
3 17 7530179 0 1788909802 781701 7251614
2 19 7595538 0 1788909802 901473 7464697
0 35 7544849 0 1788909802 912857 7533206
