0 1 304858 0 1788909741 159369 69035
1 1 293426 0 1788909741 164467 116064
2 1 292981 0 1788909741 164712 190458
0 2 447995 0 1788909741 339539 331408
1 2 426218 0 1788909741 345902 375730
3 1 457855 0 1788909741 346255 270702
0 3 503681 0 1788909741 480329 412531
1 3 483826 0 1788909741 480529 441116
2 2 547522 0 1788909741 480644 406174
0 4 578322 0 1788909741 593090 510016
1 4 570056 0 1788909741 593268 533206
3 2 583539 0 1788909741 593518 470118
0 5 582376 0 1788909741 628930 579049
1 5 689722 0 1788909741 742641 612144
2 3 714352 0 1788909741 745351 561859
3 3 690360 0 1788909741 749793 640189
0 6 821261 0 1788909741 916060 647670
1 6 797555 0 1788909741 916224 669391
2 4 780761 0 1788909741 916415 718229
0 7 876506 0 1788909742 122432 744250
1 7 851759 0 1788909742 122789 776324
3 4 884672 0 1788909742 123446 677041
0 8 997879 0 1788909742 314190 871035
1 8 981776 0 1788909742 314360 913371
2 5 1041988 0 1788909742 314479 844691
0 9 1106324 0 1788909742 451739 1015073
1 9 1082408 0 1788909742 452091 1042793
3 5 1120651 0 1788909742 454517 979989
0 10 1134726 0 1788909742 558235 1063782
1 10 1098108 0 1788909742 558358 1058105
2 6 1157453 0 1788909742 558449 1050167
0 11 1215413 0 1788909742 684477 1131794
1 11 1212476 0 1788909742 684615 1165239
3 6 1220904 0 1788909742 685183 1093669
0 12 1299490 0 1788909742 836163 1208474
1 12 1226803 0 1788909742 836342 1177374
2 7 1349235 0 1788909742 836459 1197045
0 13 1282000 0 1788909742 953852 1213035
1 13 1267966 0 1788909742 954492 1234129
3 7 1316281 0 1788909742 954808 1197413
0 14 1341127 0 1788909743 45031 1288141
1 14 1280356 0 1788909743 45247 1254797
2 8 1342425 0 1788909743 45669 1250335
0 15 1380158 0 1788909743 189860 1280853
1 15 1355267 0 1788909743 190255 1302405
3 8 1381561 0 1788909743 190363 1236034
0 16 1494493 0 1788909743 360177 1386008
1 16 1490853 0 1788909743 360442 1444826
2 9 1504627 0 1788909743 361826 1332418
0 17 1597648 0 1788909743 504227 1500222
1 17 1574841 0 1788909743 504442 1528010
3 9 1609211 0 1788909743 504997 1464132
0 18 1593628 0 1788909743 647229 1494709
1 18 1594846 0 1788909743 650016 1545188
2 10 1690665 0 1788909743 650152 1544392
0 19 1703093 0 1788909743 800968 1596980
1 19 1700472 0 1788909743 801455 1654332
3 10 1710649 0 1788909743 801804 1555909
0 20 1811528 0 1788909743 967018 1692596
1 20 1778676 0 1788909743 967761 1715825
2 11 1832803 0 1788909743 968216 1665238
0 21 1868776 0 1788909744 101510 1786404
1 21 1847977 0 1788909744 101718 1806362
3 11 1901375 0 1788909744 101973 1765870
0 22 1942547 0 1788909744 271047 1834296
1 22 1939569 0 1788909744 272692 1893094
2 12 1977569 0 1788909744 272882 1804897
0 23 2089621 0 1788909744 454089 1962071
1 23 2075670 0 1788909744 454312 2001432
3 12 2104746 0 1788909744 457842 1917493
0 24 2158115 0 1788909744 603710 2059285
1 24 2122468 0 1788909744 604139 2067760
2 13 2189235 0 1788909744 604264 2037972
0 25 2308679 0 1788909744 818167 2174421
1 25 2293940 0 1788909744 818405 2219794
3 13 2311147 0 1788909744 818516 2096176
0 26 2584735 0 1788909745 127579 2352799
1 26 2544575 0 1788909745 127821 2433690
2 14 2634809 0 1788909745 173568 2268507
0 27 2858344 0 1788909745 483607 2666691
1 27 2831226 0 1788909745 484389 2746736
3 14 2889603 0 1788909745 498761 2508430
0 28 3157470 0 1788909745 834999 2940261
1 28 3158322 0 1788909745 836201 3051416
2 15 3163440 0 1788909745 836812 2810002
0 29 3479696 0 1788909746 167460 3275546
1 29 3400471 0 1788909746 167823 3309206
3 15 3485809 0 1788909746 168748 3147740
0 30 3631465 0 1788909746 438122 3464131
1 30 3628477 0 1788909746 438340 3533059
2 16 3661072 0 1788909746 451450 3376879
1 31 3840968 0 1788909746 692824 3796949
0 31 3985970 0 1788909746 831327 3714412
2 17 3936451 0 1788909746 831516 3865015
3 16 3995932 0 1788909746 831638 3602209
0 32 4109576 0 1788909747 66074 3956631
1 32 4118836 0 1788909747 73985 3875899
2 18 4114360 0 1788909747 78987 4014546
0 33 4367006 0 1788909747 366874 4167919
1 33 4323581 0 1788909747 367021 4201896
3 17 4372788 0 1788909747 367141 4071348
0 34 4588377 0 1788909747 662906 4373749
1 34 4565282 0 1788909747 663134 4455084
2 19 4605542 0 1788909747 672146 4299991
0 35 4806291 0 1788909747 972045 4609443
1 35 4797882 0 1788909747 972208 4666026
3 18 4812489 0 1788909747 972415 4465033
0 36 5336460 0 1788909748 556692 4991462
1 36 5309594 0 1788909748 556852 5196681
2 20 5365215 0 1788909748 557024 4779846
0 37 5595477 0 1788909748 889075 5378882
1 37 5600827 0 1788909748 897691 5487915
3 19 5632787 0 1788909748 903808 5284544
0 38 5873527 0 1788909749 184027 5682579
1 38 5847290 0 1788909749 184511 5746583
2 21 5883370 0 1788909749 187941 5584330
2 22 6207509 0 1788909749 650507 6169378
0 39 6399178 0 1788909749 755666 5950851
1 39 6332688 0 1788909749 755922 5988755
3 20 6415733 0 1788909749 756047 5840181
0 40 6574959 0 1788909750 83234 6376609
1 40 6574774 0 1788909750 83400 6467062
2 23 6622825 0 1788909750 83501 6294697
0 41 6788153 0 1788909750 335945 6649575
1 41 6767560 0 1788909750 336162 6705666
3 21 6823150 0 1788909750 336350 6557069
0 42 6951057 0 1788909750 628557 6744399
1 42 6942882 0 1788909750 628779 6837385
2 24 7028319 0 1788909750 639068 6724866
0 43 7123167 0 1788909750 827017 7027229
3 22 7140167 0 1788909750 827246 6941159
1 43 7110743 0 1788909750 837032 7100473
