7 1 336722 0 1788909730 846017 291086
4 1 574423 0 1788909731 71465 63751
5 1 564232 0 1788909731 71734 117897
6 1 563808 0 1788909731 71856 202652
4 2 808271 0 1788909731 343008 658545
5 2 791877 0 1788909731 354168 721827
7 2 823660 0 1788909731 354333 530126
4 3 1143237 0 1788909731 714510 886978
5 3 1147423 0 1788909731 721121 1045766
6 2 1161311 0 1788909731 728691 775430
4 4 1350853 0 1788909731 940715 1241924
5 4 1342722 0 1788909731 941268 1293169
7 3 1357156 0 1788909731 941388 1124258
4 5 1520637 0 1788909732 141666 1400128
5 5 1504740 0 1788909732 150670 1452109
6 3 1548830 0 1788909732 150854 1338452
4 6 1695149 0 1788909732 363112 1543065
5 6 1668612 0 1788909732 363257 1602130
7 4 1715422 0 1788909732 363383 1493452
4 7 1835440 0 1788909732 565352 1703689
5 7 1808465 0 1788909732 565558 1743794
6 4 1856027 0 1788909732 565674 1653182
4 8 1935800 0 1788909732 759451 1811103
5 8 1927267 0 1788909732 759630 1876069
7 5 2006320 0 1788909732 764866 1806527
4 9 2045555 0 1788909732 884286 1978251
5 9 2022374 0 1788909732 884504 1985588
6 5 2055389 0 1788909732 889870 1924574
4 10 2102256 0 1788909733 149 2032194
5 10 2067501 0 1788909733 360 2031412
7 6 2131580 0 1788909733 5233 2010380
4 11 2150393 0 1788909733 115952 2068608
5 11 2095355 0 1788909733 116208 2046795
6 6 2172468 0 1788909733 116310 2056106
4 12 2217123 0 1788909733 339981 2078149
5 12 2210433 0 1788909733 340194 2142152
7 7 2311839 0 1788909733 340326 2085867
4 13 2382007 0 1788909733 561898 2223860
5 13 2381776 0 1788909733 563501 2298216
6 7 2424036 0 1788909733 566535 2197259
4 14 2582071 0 1788909733 771363 2430945
5 14 2576322 0 1788909733 771567 2487374
7 8 2585280 0 1788909733 771674 2372437
4 15 2709970 0 1788909733 913903 2621088
5 15 2689165 0 1788909733 914353 2645834
6 8 2717042 0 1788909733 914866 2573175
4 16 2762812 0 1788909734 54609 2668293
5 16 2741385 0 1788909734 55344 2693960
7 9 2791458 0 1788909734 56302 2648859
4 17 2849330 0 1788909734 193095 2764308
5 17 2812315 0 1788909734 193250 2768168
6 9 2867641 0 1788909734 193385 2728354
4 18 2877980 0 1788909734 318002 2809903
5 18 2853791 0 1788909734 318114 2821120
7 10 2932952 0 1788909734 318228 2807097
4 19 2929009 0 1788909734 444097 2854157
5 19 2923946 0 1788909734 444632 2887392
6 10 2933305 0 1788909734 446306 2804819
4 20 3007833 0 1788909734 581983 2925590
5 20 2992599 0 1788909734 582452 2945811
7 11 3039594 0 1788909734 582573 2900632
4 21 3071753 0 1788909734 707216 2988845
5 21 3057560 0 1788909734 709468 3010651
6 11 3089704 0 1788909734 710031 2961409
4 22 3167887 0 1788909734 841239 3083795
5 22 3160605 0 1788909734 842350 3120947
7 12 3179517 0 1788909734 843944 3042608
4 23 3232932 0 1788909734 970619 3143535
5 23 3226211 0 1788909734 970836 3177185
6 12 3240609 0 1788909734 973733 3107852
4 24 3350903 0 1788909735 153592 3223727
5 24 3340258 0 1788909735 153924 3275950
7 13 3396868 0 1788909735 154379 3211319
4 25 3476840 0 1788909735 304406 3386831
5 25 3475434 0 1788909735 304641 3428995
6 13 3489469 0 1788909735 304766 3336522
4 26 3555059 0 1788909735 445571 3457178
5 26 3557563 0 1788909735 449020 3497772
7 14 3587410 0 1788909735 449230 3442329
4 27 3541482 0 1788909735 503214 3537865
5 27 3695320 0 1788909735 659440 3587927
6 14 3719605 0 1788909735 659658 3505252
7 15 3688164 0 1788909735 659811 3633937
4 28 3832338 0 1788909735 819901 3670612
5 28 3768847 0 1788909735 820117 3672776
6 15 3764271 0 1788909735 820235 3719876
4 29 3958870 0 1788909736 32338 3822272
5 29 3958700 0 1788909736 32867 3877044
7 16 4002587 0 1788909736 69125 3753188
4 30 4214941 0 1788909736 331653 4065629
5 30 4207211 0 1788909736 333068 4154080
6 16 4235421 0 1788909736 333299 3934129
4 31 4312957 0 1788909736 444768 4238485
5 31 4283345 0 1788909736 444973 4240946
7 17 4313475 0 1788909736 445216 4199658
4 32 4361911 0 1788909736 562971 4291707
5 32 4362186 0 1788909736 563288 4326006
6 17 4384658 0 1788909736 563628 4265504
4 33 4460908 0 1788909736 678645 4384533
5 33 4450974 0 1788909736 678922 4410167
7 18 4467128 0 1788909736 679084 4350761
4 34 4480165 0 1788909736 779682 4412738
5 34 4471805 0 1788909736 782080 4436400
6 18 4543690 0 1788909736 782294 4439792
4 35 4559341 0 1788909736 886124 4490945
5 35 4540396 0 1788909736 886360 4505836
7 19 4576054 0 1788909736 886476 4469028
4 36 4621353 0 1788909736 994998 4546728
5 36 4615559 0 1788909736 995130 4578021
6 19 4626571 0 1788909736 995305 4516942
4 37 4722506 0 1788909737 119955 4642840
5 37 4698730 0 1788909737 120554 4661095
7 20 4730217 0 1788909737 120959 4603617
4 38 4786414 0 1788909737 215942 4724266
5 38 4778785 0 1788909737 216163 4750842
6 20 4788870 0 1788909737 217194 4691113
4 39 4823386 0 1788909737 316619 4754611
5 39 4818542 0 1788909737 316827 4782567
7 21 4861919 0 1788909737 320279 4757371
4 40 4952216 0 1788909737 466871 4858651
5 40 4937470 0 1788909737 467019 4888500
6 21 4959275 0 1788909737 467266 4808404
4 41 5013728 0 1788909737 584759 4937074
5 41 4984378 0 1788909737 584916 4940075
7 22 5023399 0 1788909737 585042 4904964
4 42 5084533 0 1788909737 719380 5009083
5 42 5082662 0 1788909737 719565 5047077
6 22 5116865 0 1788909737 721400 4979911
4 43 5168456 0 1788909737 828093 5093770
5 43 5164246 0 1788909737 828606 5128454
7 23 5186398 0 1788909737 829253 5076349
4 44 5190971 0 1788909737 928667 5126838
5 44 5182135 0 1788909737 929006 5148062
6 23 5242289 0 1788909737 929180 5140956
4 45 5268144 0 1788909738 38919 5198841
5 45 5218675 0 1788909738 39155 5179949
7 24 5282184 0 1788909738 39336 5170961
4 46 5286535 0 1788909738 215962 5150167
5 46 5272427 0 1788909738 216491 5182382
6 24 5354095 0 1788909738 216679 5176122
4 47 5421776 0 1788909738 446319 5295087
5 47 5414657 0 1788909738 446845 5351381
7 25 5476902 0 1788909738 447314 5245328
4 48 5819944 0 1788909738 890230 5561304
5 48 5796930 0 1788909738 890468 5712389
6 25 5848514 0 1788909738 890604 5403755
4 49 5978439 0 1788909739 101150 5816344
5 49 5932556 0 1788909739 101751 5857111
7 26 6004204 0 1788909739 101884 5787203
4 50 6075155 0 1788909739 303527 5940349
5 50 6045162 0 1788909739 303731 5989405
6 26 6093087 0 1788909739 303950 5888719
4 51 6222473 0 1788909739 485889 6108820
5 51 6222486 0 1788909739 486112 6177478
7 27 6227021 0 1788909739 486316 6043939
4 52 6342479 0 1788909739 652771 6221582
5 52 6338744 0 1788909739 652916 6283284
6 27 6360506 0 1788909739 653098 6193121
4 53 6355266 0 1788909739 721286 6348982
5 53 6467950 0 1788909739 899019 6340939
6 28 6459620 0 1788909739 902948 6392777
7 28 6537342 0 1788909739 903099 6286751
4 54 6602576 0 1788909740 62982 6438355
5 54 6588011 0 1788909740 65825 6479321
6 29 6579985 0 1788909740 65966 6520289
4 55 6762614 0 1788909740 258560 6632171
5 55 6762348 0 1788909740 258753 6685521
7 29 6764141 0 1788909740 258925 6567994
4 56 6889699 0 1788909740 463040 6758398
5 56 6882008 0 1788909740 463300 6809673
6 30 6936900 0 1788909740 463513 6727610
7 30 6895106 0 1788909740 477287 6879088
