4 1 132928 0 1788909782 388242 32434
5 1 123337 0 1788909782 389111 49276
6 1 122962 0 1788909782 389281 83285
4 2 258458 0 1788909782 547403 147815
5 2 254530 0 1788909782 547539 182376
7 1 280132 0 1788909782 547698 120471
4 3 366853 0 1788909782 692504 286016
5 3 363792 0 1788909782 693337 328030
6 2 372917 0 1788909782 693478 226636
4 4 470772 0 1788909782 813275 394414
5 4 465747 0 1788909782 813878 423128
7 2 482763 0 1788909782 814732 360304
4 5 551869 0 1788909782 912165 485946
5 5 533090 0 1788909782 912391 497598
6 3 556610 0 1788909782 913427 456246
4 6 606261 0 1788909783 12494 549011
5 6 586472 0 1788909783 12707 560516
7 3 608665 0 1788909783 12866 507621
4 7 681763 0 1788909783 149681 577181
5 7 661763 0 1788909783 149946 588242
6 4 697193 0 1788909783 150109 559368
4 8 832191 0 1788909783 349007 736626
5 8 767192 0 1788909783 349113 729767
7 4 837986 0 1788909783 353350 634121
4 9 896534 0 1788909783 489286 814086
5 9 892455 0 1788909783 489457 853410
6 5 898936 0 1788909783 489571 758247
4 10 949861 0 1788909783 581784 892623
5 10 926565 0 1788909783 582730 898012
7 5 962463 0 1788909783 582864 868612
4 11 977094 0 1788909783 679208 913453
5 11 955575 0 1788909783 679404 922825
6 6 988387 0 1788909783 679517 890453
4 12 984064 0 1788909783 770823 924774
5 12 889952 0 1788909783 771082 859987
7 6 992196 0 1788909783 771320 899886
4 13 980107 0 1788909783 880876 901507
5 13 943430 0 1788909783 881593 904903
6 7 994882 0 1788909783 882914 882593
4 14 1064596 0 1788909784 9261 973153
5 14 1061837 0 1788909784 9400 1005399
7 7 1072946 0 1788909784 12942 940581
4 15 1202639 0 1788909784 158734 1114250
5 15 1196870 0 1788909784 159074 1157722
6 8 1205810 0 1788909784 159326 1054565
4 16 1236080 0 1788909784 259195 1173631
5 16 1209368 0 1788909784 259436 1181845
7 8 1276163 0 1788909784 259621 1175063
4 17 1275910 0 1788909784 359925 1205157
5 17 1258085 0 1788909784 360120 1222376
6 9 1290229 0 1788909784 362458 1186737
4 18 1333472 0 1788909784 477019 1258545
5 18 1279073 0 1788909784 477366 1239299
7 9 1338284 0 1788909784 477490 1220540
4 19 1337110 0 1788909784 608382 1268626
5 19 1335227 0 1788909784 608586 1300909
6 10 1386173 0 1788909784 608767 1254152
4 20 1436827 0 1788909784 738077 1349184
5 20 1405963 0 1788909784 738384 1365436
7 10 1459543 0 1788909784 738501 1329170
4 21 1463290 0 1788909784 841887 1393906
5 21 1448437 0 1788909784 842171 1412350
6 11 1494185 0 1788909784 842309 1389579
4 22 1510109 0 1788909784 932807 1446980
5 22 1501375 0 1788909784 932998 1469558
7 11 1523000 0 1788909784 933179 1431321
4 23 1540625 0 1788909785 32020 1479468
5 23 1536340 0 1788909785 32298 1505655
6 12 1592447 0 1788909785 32462 1492590
4 24 1647619 0 1788909785 163401 1551666
5 24 1602688 0 1788909785 163647 1539215
7 12 1660877 0 1788909785 163773 1528883
4 25 1708362 0 1788909785 281931 1627821
5 25 1696270 0 1788909785 282107 1655702
6 13 1710340 0 1788909785 282276 1591150
4 26 1827893 0 1788909785 447983 1704042
5 26 1799585 0 1788909785 448368 1745056
7 13 1861537 0 1788909785 449015 1694312
4 27 1941143 0 1788909785 639467 1830352
5 27 1920292 0 1788909785 640295 1866177
6 14 1991101 0 1788909785 640829 1797103
4 28 2062961 0 1788909785 792879 1973168
5 28 2047140 0 1788909785 792973 2004286
7 14 2070714 0 1788909785 793105 1916844
4 29 2101725 0 1788909785 915960 2019123
5 29 2091360 0 1788909785 916169 2047249
6 15 2107593 0 1788909785 917134 1983230
4 30 2274818 0 1788909786 107257 2133799
5 30 2251266 0 1788909786 107414 2177061
7 15 2276262 0 1788909786 108001 2079699
4 31 2416332 0 1788909786 300459 2311828
5 31 2411838 0 1788909786 301922 2366202
6 16 2427312 0 1788909786 302295 2232048
4 32 2528473 0 1788909786 448371 2441068
5 32 2513093 0 1788909786 450334 2464422
7 16 2560729 0 1788909786 450812 2409743
4 33 2616501 0 1788909786 575875 2532969
5 33 2605888 0 1788909786 576115 2560947
6 17 2616902 0 1788909786 576232 2488769
4 34 2691034 0 1788909786 677254 2629535
5 34 2680559 0 1788909786 677434 2648982
7 17 2701584 0 1788909786 677592 2599104
4 35 2704643 0 1788909786 773189 2642207
5 35 2704732 0 1788909786 773425 2668719
6 18 2716332 0 1788909786 774120 2619336
4 36 2762527 0 1788909786 866762 2702259
5 36 2740363 0 1788909786 867368 2709343
7 18 2783046 0 1788909786 868100 2687928
4 37 2825376 0 1788909786 963217 2763541
5 37 2814413 0 1788909786 963425 2782364
6 19 2831685 0 1788909786 963602 2734602
4 38 2906620 0 1788909787 86716 2831634
5 38 2900309 0 1788909787 86904 2862018
7 19 2931359 0 1788909787 87078 2807265
4 39 3047461 0 1788909787 243110 2943933
5 39 3026800 0 1788909787 243431 2979124
6 20 3056773 0 1788909787 244571 2898354
4 40 3094449 0 1788909787 351005 3027711
5 40 3090005 0 1788909787 356268 3047573
7 20 3105002 0 1788909787 356506 2990518
4 41 3162113 0 1788909787 449933 3107762
5 41 3130420 0 1788909787 450334 3104573
6 21 3177632 0 1788909787 450558 3077707
4 42 3203434 0 1788909787 562244 3126405
5 42 3201246 0 1788909787 564052 3164411
7 21 3235777 0 1788909787 565078 3120441
4 43 3263565 0 1788909787 658739 3203824
5 43 3257835 0 1788909787 658962 3223588
6 22 3266019 0 1788909787 659137 3168265
4 44 3329741 0 1788909787 752371 3272532
5 44 3307446 0 1788909787 752608 3278683
7 22 3334831 0 1788909787 752739 3240614
4 45 3352784 0 1788909787 857927 3289435
5 45 3342766 0 1788909787 858189 3310579
6 23 3366336 0 1788909787 862302 3256203
4 46 3379436 0 1788909787 958187 3312865
5 46 3337639 0 1788909787 958494 3301302
7 23 3429571 0 1788909787 958616 3328659
4 47 3374938 0 1788909788 77272 3299184
5 47 3348779 0 1788909788 77462 3307033
6 24 3389961 0 1788909788 77659 3270144
4 48 3384957 0 1788909788 175416 3326837
5 48 3375283 0 1788909788 175644 3346141
7 24 3393048 0 1788909788 175862 3294197
4 49 3421987 0 1788909788 273797 3355366
5 49 3418342 0 1788909788 274294 3381443
6 25 3445860 0 1788909788 274417 3346666
4 50 3556500 0 1788909788 483966 3403630
5 50 3521531 0 1788909788 490666 3430711
7 25 3609862 0 1788909788 490844 3392598
4 51 3636860 0 1788909788 653701 3557003
5 51 3636773 0 1788909788 654339 3603434
6 26 3671601 0 1788909788 658245 3487546
4 52 3729824 0 1788909788 751722 3673519
5 52 3701541 0 1788909788 752404 3672696
7 26 3730889 0 1788909788 752576 3631770
4 53 3767941 0 1788909788 840385 3712173
5 53 3716904 0 1788909788 840932 3687793
6 27 3772843 0 1788909788 841407 3682960
4 54 3741453 0 1788909788 930793 3683933
5 54 3729405 0 1788909788 931004 3701265
7 27 3806887 0 1788909788 931177 3715840
4 55 3790926 0 1788909789 27011 3729832
5 55 3783042 0 1788909789 27293 3747938
6 28 3808882 0 1788909789 27558 3711917
4 56 3865441 0 1788909789 119658 3810917
5 56 3865831 0 1788909789 120508 3835633
7 28 3867595 0 1788909789 120649 3773497
4 57 3868742 0 1788909789 200353 3819102
5 57 3860978 0 1788909789 200541 3835081
6 29 3916217 0 1788909789 201101 3834539
4 58 3934799 0 1788909789 282805 3882427
5 58 3927432 0 1788909789 283006 3901343
7 29 3942663 0 1788909789 283114 3859662
4 59 3883351 0 1788909789 367211 3826357
5 59 3837236 0 1788909789 367692 3807819
6 30 3951978 0 1788909789 368379 3866186
4 60 3894235 0 1788909789 453389 3838993
5 60 3878165 0 1788909789 453819 3848434
7 30 3903446 0 1788909789 454897 3815569
4 61 3930170 0 1788909789 551977 3860935
5 61 3845058 0 1788909789 552856 3812379
6 31 3957513 0 1788909789 557299 3853350
4 62 3953490 0 1788909789 724009 3833100
5 62 3931159 0 1788909789 724272 3875776
7 31 3956003 0 1788909789 724425 3783323
4 63 4069497 0 1788909789 870664 3969055
5 63 4038538 0 1788909789 870862 3984940
6 32 4077003 0 1788909789 870972 3929825
4 64 4135740 0 1788909790 13454 4027146
5 64 4117804 0 1788909790 13687 4058973
7 32 4169724 0 1788909790 15127 4025022
4 65 4218409 0 1788909790 158429 4115428
5 65 4185672 0 1788909790 158626 4140650
6 33 4220382 0 1788909790 158828 4074769
4 66 4374384 0 1788909790 359840 4227745
5 66 4359673 0 1788909790 360051 4292886
7 33 4385791 0 1788909790 360188 4183766
4 67 4587671 0 1788909790 602997 4434380
5 67 4587042 0 1788909790 603235 4496940
6 34 4599375 0 1788909790 603386 4355662
4 68 4842127 0 1788909790 930926 4596180
5 68 4829397 0 1788909790 931124 4697236
7 34 4889875 0 1788909790 931313 4561193
4 69 5005563 0 1788909791 162933 4843434
5 69 5008679 0 1788909791 166618 4898969
6 35 5027585 0 1788909791 166943 4791285
4 70 5188681 0 1788909791 385091 5046797
5 70 5188326 0 1788909791 385336 5114480
7 35 5216378 0 1788909791 385520 4993566
4 71 5363099 0 1788909791 587360 5232112
5 71 5331881 0 1788909791 587779 5265326
6 36 5385030 0 1788909791 588151 5181707
4 72 5502605 0 1788909791 803869 5371600
5 72 5467893 0 1788909791 804011 5407822
7 36 5514660 0 1788909791 804181 5297495
4 73 5696813 0 1788909792 52592 5521344
5 73 5678535 0 1788909792 52794 5602955
6 37 5715683 0 1788909792 54407 5464761
4 74 5861966 0 1788909792 281596 5711615
5 74 5824338 0 1788909792 282227 5743791
7 37 5874748 0 1788909792 288284 5638781
6 38 5821125 0 1788909792 297216 5805303
