4 1 333774 0 1788909836 36869 82751
5 1 334343 0 1788909836 47898 141337
6 1 334113 0 1788909836 48214 209101
4 2 567422 0 1788909836 304148 378018
5 2 567657 0 1788909836 308448 486503
7 1 593320 0 1788909836 308668 321241
4 3 839816 0 1788909836 613250 647656
5 3 836166 0 1788909836 613492 739738
6 2 845335 0 1788909836 613678 535290
4 4 1116476 0 1788909836 906761 946953
5 4 1111034 0 1788909836 906948 1021127
7 2 1127431 0 1788909836 907182 833217
4 5 1308911 0 1788909837 116989 1161703
5 5 1290087 0 1788909837 117170 1209391
6 3 1328666 0 1788909837 133266 1101908
4 6 1601253 0 1788909837 455267 1372777
5 6 1581473 0 1788909837 455489 1467468
7 3 1603673 0 1788909837 455655 1264771
7 4 2028758 0 1788909837 991905 2025659
4 7 2245443 0 1788909838 161144 1738391
5 7 2225584 0 1788909838 161550 1912837
6 4 2262086 0 1788909838 162784 1554343
4 8 2550318 0 1788909838 580022 2277864
5 8 2541977 0 1788909838 580393 2411045
7 5 2615916 0 1788909838 580514 2196208
5 9 3067603 0 1788909839 135787 3061846
4 9 3399030 0 1788909839 443813 2819736
6 5 3416830 0 1788909839 457365 2528309
7 6 3377860 0 1788909839 457566 3171786
4 10 3800481 0 1788909839 939394 3470312
5 10 3835591 0 1788909839 939537 3339655
6 6 3789793 0 1788909839 939689 3594273
4 11 4057641 0 1788909840 284547 3824208
5 11 4050269 0 1788909840 284809 3957797
7 7 4113314 0 1788909840 284926 3767661
4 12 4230631 0 1788909840 566445 4050008
5 12 4218024 0 1788909840 566576 4121819
6 7 4238079 0 1788909840 566991 3955381
4 13 4474471 0 1788909840 862249 4287610
5 13 4524186 0 1788909840 916634 4382066
7 8 4530965 0 1788909840 916909 4180304
4 14 4789180 0 1788909841 190478 4603831
5 14 4786823 0 1788909841 190700 4695503
6 8 4795556 0 1788909841 190901 4460567
4 15 5033993 0 1788909841 465234 4868695
5 15 4994610 0 1788909841 465508 4910045
7 9 5055959 0 1788909841 465945 4780186
4 16 5213688 0 1788909841 733699 5054794
5 16 5202089 0 1788909841 733886 5130246
6 9 5236225 0 1788909841 734075 4967074
4 17 5454316 0 1788909842 41305 5247075
5 17 5450377 0 1788909842 41706 5352400
7 10 5535106 0 1788909842 84923 5183647
4 18 5784596 0 1788909842 454972 5596808
5 18 5736339 0 1788909842 455393 5624478
6 10 5809446 0 1788909842 455521 5394731
4 19 6001924 0 1788909842 728663 5815640
5 19 5979850 0 1788909842 728882 5878559
7 11 6008066 0 1788909842 729207 5733536
4 20 6199855 0 1788909842 995762 6024063
5 20 6211818 0 1788909843 38197 6089553
6 11 6258328 0 1788909843 38532 5948168
4 21 6468287 0 1788909843 326248 6272815
5 21 6456020 0 1788909843 326499 6369784
7 12 6492053 0 1788909843 333570 6154045
4 22 6755686 0 1788909843 643484 6570525
5 22 6704494 0 1788909843 643672 6619110
6 12 6769006 0 1788909843 648417 6446626
4 23 6991044 0 1788909843 941723 6804166
5 23 6978335 0 1788909843 941899 6883158
7 13 6998329 0 1788909843 942069 6699498
4 24 7203333 0 1788909844 223051 7035622
5 24 7202356 0 1788909844 223707 7115335
6 13 7215188 0 1788909844 223930 6932717
4 25 7484339 0 1788909844 519599 7286481
5 25 7451960 0 1788909844 519832 7358943
7 14 7486691 0 1788909844 520310 7189113
4 26 7723867 0 1788909844 821376 7536092
5 26 7675403 0 1788909844 821509 7576246
6 14 7725042 0 1788909844 821607 7422750
4 27 8000234 0 1788909845 170407 7765831
5 27 7992864 0 1788909845 170564 7882110
7 15 8002943 0 1788909845 170729 7653393
4 28 8221687 0 1788909845 479010 8029097
5 28 8217182 0 1788909845 479199 8122040
6 15 8286078 0 1788909845 479693 7976531
4 29 8414523 0 1788909845 694044 8284459
7 16 8421648 0 1788909845 694239 8206181
5 29 8427899 0 1788909845 708119 8413475
