4 1 456961 0 1788909857 793505 94783
5 1 449687 0 1788909857 796690 223014
6 1 450785 0 1788909857 798334 350728
4 2 732479 0 1788909858 102653 535257
5 2 728646 0 1788909858 102885 646597
7 1 754405 0 1788909858 103201 444251
4 3 1007132 0 1788909858 414014 802572
5 3 1003578 0 1788909858 414352 915001
6 2 1012768 0 1788909858 414560 700586
4 4 1255932 0 1788909858 679664 1080141
5 4 1250501 0 1788909858 679862 1154502
7 2 1266789 0 1788909858 679988 1000433
4 5 1539460 0 1788909858 980985 1353454
5 5 1520686 0 1788909858 981216 1418766
6 3 1554296 0 1788909858 992343 1241246
4 6 1825850 0 1788909859 313313 1615679
5 6 1806000 0 1788909859 313464 1702931
7 3 1839330 0 1788909859 324760 1495319
4 7 2197692 0 1788909859 746841 1925832
5 7 2177823 0 1788909859 747236 2046436
6 4 2220126 0 1788909859 754273 1778966
4 8 2434933 0 1788909860 32980 2252847
5 8 2370041 0 1788909860 33192 2285731
7 4 2436716 0 1788909860 33310 2150000
4 9 2667167 0 1788909860 341150 2447192
5 9 2663117 0 1788909860 341349 2581447
6 5 2669643 0 1788909860 341507 2360863
4 10 3003984 0 1788909860 717138 2753912
5 10 2979937 0 1788909860 717331 2856813
7 5 3015829 0 1788909860 717461 2639312
7 6 3587059 0 1788909861 447413 3379933
4 11 3930264 0 1788909861 713607 3109160
5 11 3909421 0 1788909861 714480 3181355
6 6 3942770 0 1788909861 715130 2944563
4 12 4124221 0 1788909862 86580 3892285
5 12 4117574 0 1788909862 86836 4011975
7 7 4219295 0 1788909862 87283 3843914
4 13 4386328 0 1788909862 405721 4162252
5 13 4384838 0 1788909862 406063 4257699
6 7 4437322 0 1788909862 419321 4104290
4 14 4748014 0 1788909862 776807 4463413
5 14 4742251 0 1788909862 776997 4557531
7 8 4751259 0 1788909862 777155 4379259
4 15 5105003 0 1788909863 148437 4851319
5 15 5084331 0 1788909863 149020 4986357
6 8 5123330 0 1788909863 160655 4739311
4 16 5393391 0 1788909863 524690 5157815
5 16 5371635 0 1788909863 525094 5240902
7 9 5420861 0 1788909863 525206 5043879
4 17 5682855 0 1788909863 866121 5455357
5 17 5645982 0 1788909863 866418 5536532
6 9 5701540 0 1788909863 866786 5358845
4 18 5863386 0 1788909864 142909 5685350
5 18 5839339 0 1788909864 143163 5761049
7 10 5926463 0 1788909864 151240 5641050
4 19 6066534 0 1788909864 421124 5887029
5 19 6061162 0 1788909864 421349 5960338
6 10 6069061 0 1788909864 421564 5790132
4 20 6286764 0 1788909864 700415 6103600
5 20 6271217 0 1788909864 700571 6187255
7 11 6318460 0 1788909864 700940 6038368
4 21 6506232 0 1788909864 981196 6313939
5 21 6490061 0 1788909864 981470 6391869
6 11 6521827 0 1788909864 981655 6240340
4 22 6748316 0 1788909865 261169 6584569
5 22 6740359 0 1788909865 261605 6656840
7 12 6757823 0 1788909865 261750 6476987
4 23 6979126 0 1788909865 556314 6796576
5 23 6972393 0 1788909865 556519 6886224
6 12 6984066 0 1788909865 556692 6688265
5 24 7096276 0 1788909865 749442 7092835
4 24 7401838 0 1788909866 44027 7005251
6 13 7389356 0 1788909866 44154 7227511
7 13 7447287 0 1788909866 44299 6958985
4 25 7973999 0 1788909866 642707 7786398
5 25 7975962 0 1788909866 643029 7376796
6 14 7951236 0 1788909866 652556 7837601
4 26 8454794 0 1788909867 185751 8096401
5 26 8406450 0 1788909867 186004 8276400
7 14 8456452 0 1788909867 186465 7912519
6 15 8433088 0 1788909867 234322 8384198
