0 1 1318752 0 1788909869 221785 273315
1 1 1339329 0 1788909869 258893 669545
2 1 1344790 0 1788909869 265044 1101086
2 2 1937759 0 1788909869 919405 1920220
0 2 2218117 0 1788909870 158184 1534086
1 2 2190193 0 1788909870 158399 1651643
3 1 2221653 0 1788909870 158576 1284416
0 3 2611373 0 1788909870 656599 2304585
1 3 2598762 0 1788909870 657264 2471477
2 3 2633000 0 1788909870 658171 2130362
0 4 2938576 0 1788909871 10310 2699241
1 4 2931001 0 1788909871 10522 2839552
3 2 2947370 0 1788909871 10661 2593107
0 5 3265573 0 1788909871 367016 3022738
1 5 3259255 0 1788909871 367211 3153109
2 4 3272362 0 1788909871 367439 2915035
0 6 3488779 0 1788909871 655971 3288750
1 6 3471918 0 1788909871 656095 3358786
3 3 3512935 0 1788909871 656257 3223408
0 7 3886485 0 1788909872 180934 3490330
1 7 3861530 0 1788909872 181083 3672992
2 5 3894248 0 1788909872 181544 3368392
0 8 4142675 0 1788909872 507509 3930205
1 8 4126653 0 1788909872 507760 4024842
3 4 4186878 0 1788909872 507892 3858448
0 9 4445436 0 1788909872 839373 4269696
1 9 4430024 0 1788909872 848230 4329847
2 6 4466023 0 1788909872 848411 4124814
0 10 4661739 0 1788909873 133770 4471329
1 10 4625299 0 1788909873 134072 4520810
3 5 4685092 0 1788909873 134611 4389613
0 11 4925699 0 1788909873 443286 4701076
1 11 4922830 0 1788909873 443491 4798525
2 7 4930859 0 1788909873 443660 4610489
0 12 5147363 0 1788909873 732560 4937059
1 12 5074739 0 1788909873 732801 4984653
3 6 5197564 0 1788909873 733312 4907257
0 13 5303361 0 1788909874 23735 5123640
1 13 5288893 0 1788909874 23941 5193364
2 8 5339358 0 1788909874 26407 5045241
0 14 5564266 0 1788909874 316692 5386419
1 14 5503537 0 1788909874 316951 5432594
3 7 5565316 0 1788909874 317084 5271650
0 15 5708968 0 1788909874 567193 5516507
1 15 5683935 0 1788909874 567446 5589238
2 9 5710245 0 1788909874 567570 5459046
0 16 5937695 0 1788909874 851903 5750519
1 16 5934025 0 1788909874 852137 5837346
3 8 5946615 0 1788909874 852337 5661084
0 17 6226404 0 1788909875 181506 6020348
1 17 6203628 0 1788909875 181752 6105483
2 10 6237872 0 1788909875 182181 5907352
2 11 6349577 0 1788909875 489255 6333890
0 18 6532281 0 1788909875 634406 6200960
1 18 6530912 0 1788909875 634605 6289209
3 9 6627177 0 1788909875 635187 6173290
0 19 6960710 0 1788909876 110215 6786422
1 19 6926571 0 1788909876 110506 6839039
2 12 6964267 0 1788909876 110665 6487609
0 20 7148025 0 1788909876 385632 6980571
1 20 7136669 0 1788909876 385791 7043258
3 10 7186233 0 1788909876 390247 6905757
0 21 7432442 0 1788909876 734706 7180338
1 21 7391014 0 1788909876 734850 7299331
2 13 7481644 0 1788909876 762901 7104112
0 22 7661253 0 1788909877 42899 7490429
1 22 7641501 0 1788909877 43119 7565762
3 11 7666267 0 1788909877 43290 7357455
0 23 7865301 0 1788909877 292466 7704066
1 23 7829178 0 1788909877 292730 7740372
2 14 7879991 0 1788909877 292982 7629647
0 24 8038363 0 1788909877 568558 7862479
1 24 8012908 0 1788909877 568799 7926981
3 12 8074828 0 1788909877 568945 7798099
0 25 8211227 0 1788909877 784215 8097910
2 15 8226419 0 1788909877 784431 8010275
1 25 8212262 0 1788909877 799544 8196761
