4 1 541008 0 1788909825 572965 207580
5 1 537765 0 1788909825 580183 323195
6 1 538051 0 1788909825 581015 427249
4 2 805817 0 1788909825 871406 583931
5 2 811256 0 1788909825 880908 676207
7 1 837526 0 1788909825 881736 527436
4 3 1080262 0 1788909826 182557 906280
5 3 1076565 0 1788909826 182754 996907
6 2 1085677 0 1788909826 182882 773868
4 4 1365715 0 1788909826 484861 1171390
5 4 1360375 0 1788909826 485150 1270642
7 2 1376946 0 1788909826 485559 1073688
4 5 1600618 0 1788909826 737558 1444653
5 5 1581861 0 1788909826 737805 1510944
6 3 1616426 0 1788909826 749887 1350954
4 6 1855165 0 1788909827 38041 1640193
5 6 1835341 0 1788909827 38219 1720859
7 3 1857474 0 1788909827 38318 1556441
4 7 2144922 0 1788909827 389484 1919448
5 7 2124875 0 1788909827 389702 2013205
6 4 2160621 0 1788909827 390181 1808347
4 8 2435462 0 1788909827 728922 2194225
5 8 2370839 0 1788909827 729404 2294013
7 4 2437620 0 1788909827 729629 2092890
4 9 2689390 0 1788909828 58787 2487181
5 9 2685407 0 1788909828 59052 2570371
6 5 2691956 0 1788909828 59235 2361366
4 10 3055369 0 1788909828 463937 2812024
5 10 3031477 0 1788909828 464286 2902745
7 5 3067434 0 1788909828 464479 2661481
4 11 3385263 0 1788909828 864021 3123243
5 11 3365793 0 1788909828 866266 3214261
6 6 3398654 0 1788909828 866429 2995921
4 12 3689136 0 1788909829 252538 3440326
5 12 3595017 0 1788909829 252791 3458639
7 6 3697365 0 1788909829 253134 3307998
4 13 3872944 0 1788909829 550357 3681794
5 13 3835781 0 1788909829 550588 3743306
6 7 3886243 0 1788909829 550919 3587563
4 14 4094053 0 1788909829 815363 3927323
5 14 4091458 0 1788909829 815666 4024235
7 7 4099205 0 1788909829 815844 3833275
4 15 4318021 0 1788909830 50760 4167976
5 15 4312181 0 1788909830 51029 4231525
6 8 4321006 0 1788909830 51167 4084959
4 16 4555110 0 1788909830 354869 4363797
5 16 4528422 0 1788909830 355134 4432363
7 8 4595210 0 1788909830 355312 4290361
4 17 4768623 0 1788909830 629282 4578059
5 17 4750790 0 1788909830 629469 4653634
6 9 4781124 0 1788909830 629998 4505721
4 18 5116401 0 1788909831 36592 4877093
5 18 5083335 0 1788909831 58273 4931017
7 9 5142561 0 1788909831 58411 4713049
4 19 5286457 0 1788909831 334374 5097711
5 19 5284667 0 1788909831 334670 5180073
6 10 5335556 0 1788909831 334795 5026204
4 20 5568641 0 1788909831 646536 5381611
5 20 5537730 0 1788909831 646796 5453539
7 10 5591406 0 1788909831 647007 5278532
4 21 5732369 0 1788909831 887610 5572944
5 21 5725832 0 1788909831 896211 5637320
6 11 5771580 0 1788909831 896348 5521514
4 22 5965929 0 1788909832 165270 5774674
5 22 5966543 0 1788909832 174811 5862970
7 11 5988350 0 1788909832 175174 5700542
4 23 6232152 0 1788909832 500191 6011486
5 23 6227874 0 1788909832 500476 6120225
6 12 6283996 0 1788909832 500655 5948420
4 24 6572253 0 1788909832 864679 6328232
5 24 6527227 0 1788909832 864831 6396941
7 12 6595082 0 1788909832 874622 6220271
4 25 6796967 0 1788909833 147179 6625827
5 25 6784939 0 1788909833 147420 6688753
6 13 6798993 0 1788909833 147573 6515845
4 26 7008398 0 1788909833 405132 6844229
5 26 6979900 0 1788909833 405328 6901383
7 13 7064008 0 1788909833 428130 6782729
4 27 7224056 0 1788909833 699025 7040144
5 27 7202782 0 1788909833 699430 7107979
6 14 7283990 0 1788909833 710362 6978448
4 28 7519133 0 1788909834 25695 7306524
5 28 7503624 0 1788909834 26101 7404509
7 14 7527245 0 1788909834 26280 7196195
4 29 7760863 0 1788909834 351742 7554058
5 29 7750540 0 1788909834 351993 7657674
6 15 7765999 0 1788909834 352183 7439265
4 30 8050045 0 1788909834 659128 7832902
5 30 8026521 0 1788909834 659313 7927943
7 15 8051084 0 1788909834 659467 7743095
4 31 8212875 0 1788909834 873646 8118547
6 16 8222224 0 1788909834 873851 8007304
5 31 8210569 0 1788909834 877225 8206716
