0 1 529810 0 1788909814 815541 146575
1 1 529637 0 1788909814 831899 313215
2 1 529195 0 1788909814 832146 396585
0 2 827310 0 1788909815 150075 639459
1 2 799647 0 1788909815 150550 688337
3 1 831245 0 1788909815 150865 495735
0 3 1093101 0 1788909815 500969 871108
1 3 1073287 0 1788909815 501210 958183
2 2 1137065 0 1788909815 501407 785378
0 4 1353173 0 1788909815 799161 1191311
1 4 1344924 0 1788909815 799355 1254467
3 2 1358378 0 1788909815 799577 1059563
0 5 1653332 0 1788909816 131106 1393756
1 5 1647412 0 1788909816 131551 1548959
2 3 1684512 0 1788909816 146731 1336678
0 6 1961373 0 1788909816 487392 1748733
1 6 1937688 0 1788909816 487577 1811006
3 3 1997029 0 1788909816 487682 1640141
0 7 2321765 0 1788909816 991758 2024763
1 7 2329617 0 1788909817 6763 2174416
2 4 2440353 0 1788909817 7228 1920292
0 8 2711211 0 1788909817 414923 2492187
1 8 2667690 0 1788909817 415221 2571918
3 4 2728928 0 1788909817 431178 2287316
0 9 2937610 0 1788909817 702695 2783156
1 9 2926288 0 1788909817 702922 2854564
2 5 2939334 0 1788909817 703138 2639440
0 10 3147245 0 1788909817 979461 2977028
1 10 3125245 0 1788909817 979974 3040799
3 5 3179269 0 1788909817 980172 2901594
0 11 3405841 0 1788909818 301340 3193276
1 11 3401211 0 1788909818 301495 3287029
2 6 3410134 0 1788909818 301604 3087697
0 12 3719433 0 1788909818 637878 3517236
1 12 3672526 0 1788909818 640420 3565678
3 6 3737272 0 1788909818 640631 3386913
0 13 3936087 0 1788909819 5834 3716688
1 13 3902996 0 1788909819 6068 3791721
2 7 3965478 0 1788909819 6237 3596841
0 14 4166544 0 1788909819 301009 3971337
1 14 4166005 0 1788909819 301128 4080045
3 7 4183543 0 1788909819 301288 3887777
0 15 4372684 0 1788909819 612706 4175856
1 15 4371977 0 1788909819 612898 4277265
2 8 4416892 0 1788909819 613003 4104702
0 16 4665254 0 1788909819 953672 4480495
1 16 4657024 0 1788909819 953929 4570993
3 8 4688052 0 1788909819 954260 4346227
0 17 4935295 0 1788909820 262302 4756125
1 17 4953223 0 1788909820 291023 4841184
2 9 5006394 0 1788909820 307203 4652599
0 18 5193560 0 1788909820 584268 5011723
1 18 5116932 0 1788909820 601753 5013397
3 9 5241104 0 1788909820 601925 4901248
0 19 5382369 0 1788909820 904744 5165377
1 19 5376264 0 1788909820 905359 5253329
2 10 5419562 0 1788909820 905981 5097615
0 20 5695023 0 1788909821 261656 5458488
1 20 5675231 0 1788909821 261942 5555908
3 10 5729935 0 1788909821 262137 5364613
0 21 6108121 0 1788909821 739940 5779029
1 21 6090541 0 1788909821 754496 5851242
2 11 6134497 0 1788909821 754802 5640971
0 22 6513282 0 1788909822 239816 6176903
1 22 6508641 0 1788909822 268362 6315227
3 11 6583611 0 1788909822 268572 6054597
0 23 7244258 0 1788909823 28574 6757994
1 23 7233200 0 1788909823 28889 6954426
2 12 7268686 0 1788909823 33029 6475338
0 24 7595200 0 1788909823 441450 7360952
1 24 7565201 0 1788909823 442016 7440838
3 12 7632286 0 1788909823 442148 7204742
0 25 7803912 0 1788909823 742500 7638710
1 25 7801989 0 1788909823 742697 7720000
2 13 7830798 0 1788909823 743690 7527648
0 26 8072800 0 1788909824 42779 7890657
1 26 8068991 0 1788909824 43055 7961305
3 13 8101013 0 1788909824 56698 7786577
0 27 8183259 0 1788909824 223637 8100853
2 14 8209425 0 1788909824 223890 8020606
1 27 8176549 0 1788909824 233032 8166862
