0 1 270578 0 1788909529 377704 65523
1 1 257615 0 1788909529 381272 121683
2 1 257170 0 1788909529 381516 181729
0 2 417403 0 1788909529 561563 301016
1 2 389556 0 1788909529 561855 328855
3 1 421026 0 1788909529 562042 236422
0 3 461305 0 1788909529 690569 372679
1 3 441492 0 1788909529 690810 389666
2 2 505246 0 1788909529 690983 375602
0 4 587861 0 1788909529 855244 480553
1 4 579681 0 1788909529 855507 526392
3 2 593023 0 1788909529 855618 427529
0 5 800907 0 1788909530 100077 615564
1 5 794736 0 1788909530 100270 715394
2 3 821717 0 1788909530 105331 571359
0 6 983118 0 1788909530 330533 828159
1 6 959689 0 1788909530 330974 888499
3 3 1024204 0 1788909530 336252 787747
0 7 1058219 0 1788909530 549607 925594
1 7 1051344 0 1788909530 549884 988625
2 4 1161798 0 1788909530 550067 941965
0 8 1238207 0 1788909530 763314 1076531
1 8 1194614 0 1788909530 763539 1107341
3 4 1240067 0 1788909530 763712 1025604
0 9 1362533 0 1788909530 949013 1242842
1 9 1351136 0 1788909530 949165 1302053
2 5 1364131 0 1788909530 949330 1177853
0 10 1506158 0 1788909531 159769 1363911
1 10 1483873 0 1788909531 159996 1413615
3 5 1537899 0 1788909531 160197 1326473
0 11 1744793 0 1788909531 461687 1557419
1 11 1743317 0 1788909531 464997 1643801
2 6 1753571 0 1788909531 466436 1446182
0 12 1971621 0 1788909531 711460 1823991
1 12 1925826 0 1788909531 715114 1841631
3 6 1991004 0 1788909531 715758 1736667
0 13 1975922 0 1788909531 867063 1886061
1 13 1942795 0 1788909531 867261 1902093
2 7 2005367 0 1788909531 867521 1848839
0 14 2056188 0 1788909532 12047 1953504
1 14 2057016 0 1788909532 13534 1999813
3 7 2074527 0 1788909532 13668 1927764
0 15 2086641 0 1788909532 148058 2006661
1 15 2086000 0 1788909532 148316 2044324
2 8 2130957 0 1788909532 148463 1994332
0 16 2158905 0 1788909532 268719 2084253
1 16 2150659 0 1788909532 268958 2116711
3 8 2181711 0 1788909532 269314 2060189
0 17 2283492 0 1788909532 431893 2159756
1 17 2280450 0 1788909532 439644 2203940
2 9 2317811 0 1788909532 440015 2146157
0 18 2458187 0 1788909532 670290 2300395
1 18 2367965 0 1788909532 674181 2273453
3 9 2492152 0 1788909532 674367 2249402
0 19 2402496 0 1788909532 746266 2398973
1 19 2560133 0 1788909532 910623 2463199
2 10 2603043 0 1788909532 910829 2361311
3 10 2557447 0 1788909532 911044 2514990
0 20 2685656 0 1788909533 73683 2522298
1 20 2666764 0 1788909533 74869 2546195
2 11 2633750 0 1788909533 75449 2581082
0 21 2768429 0 1788909533 253779 2651901
1 21 2749395 0 1788909533 255751 2677867
3 11 2803420 0 1788909533 256633 2619503
0 22 2873555 0 1788909533 454671 2747104
1 22 2920377 0 1788909533 506115 2808406
2 12 2958399 0 1788909533 506327 2704048
0 23 3164046 0 1788909533 781129 3004369
1 23 3150142 0 1788909533 781399 3070251
3 12 3175826 0 1788909533 781536 2848656
0 24 3328398 0 1788909534 26608 3155056
1 24 3292454 0 1788909534 26741 3202963
2 13 3359276 0 1788909534 26921 3113265
0 25 3472903 0 1788909534 235007 3339928
1 25 3461967 0 1788909534 239048 3394107
3 13 3479188 0 1788909534 239172 3266474
0 26 3630827 0 1788909534 426286 3539505
1 26 3591523 0 1788909534 427383 3542706
2 14 3636492 0 1788909534 427866 3443342
0 27 3697271 0 1788909534 575148 3609293
1 27 3669501 0 1788909534 575278 3626346
3 14 3713664 0 1788909534 575438 3564007
0 28 3806675 0 1788909534 736820 3691459
1 28 3806545 0 1788909534 737039 3740940
2 15 3811185 0 1788909534 737172 3648950
0 29 3978649 0 1788909534 919029 3850835
1 29 3899224 0 1788909534 919191 3841391
3 15 3983736 0 1788909534 919290 3801039
0 30 4024161 0 1788909535 83433 3904272
1 30 4021463 0 1788909535 83942 3955115
2 16 4042492 0 1788909535 85485 3872282
0 31 4144233 0 1788909535 242206 4042366
1 31 4137928 0 1788909535 242398 4085244
3 16 4154238 0 1788909535 242559 3993697
0 32 4182794 0 1788909535 390558 4079251
1 32 4181656 0 1788909535 390768 4124537
2 17 4243693 0 1788909535 391374 4094274
0 33 4289570 0 1788909535 536537 4200622
1 33 4284296 0 1788909535 536780 4235212
3 17 4319722 0 1788909535 536963 4172988
0 34 4344985 0 1788909535 664205 4257288
1 34 4337183 0 1788909535 664327 4292494
2 18 4368541 0 1788909535 664596 4240201
0 35 4391034 0 1788909535 803575 4300063
1 35 4385454 0 1788909535 803823 4333976
3 18 4453536 0 1788909535 804003 4313497
0 36 4508244 0 1788909535 952668 4409821
1 36 4480065 0 1788909535 952913 4430448
2 19 4526139 0 1788909535 953080 4376391
0 37 4593878 0 1788909536 117513 4490726
1 37 4571509 0 1788909536 117723 4523672
3 19 4618025 0 1788909536 117897 4452569
0 38 4685945 0 1788909536 243132 4602158
1 38 4680482 0 1788909536 243597 4641015
2 20 4694584 0 1788909536 244062 4567524
0 39 4800580 0 1788909536 393510 4707916
1 39 4784741 0 1788909536 393845 4738676
3 20 4804527 0 1788909536 394363 4652556
0 40 4840358 0 1788909536 535971 4750582
1 40 4823072 0 1788909536 536363 4773715
2 21 4860868 0 1788909536 536717 4717422
0 41 4928121 0 1788909536 689362 4826547
1 41 4923945 0 1788909536 689761 4866355
3 21 4929165 0 1788909536 690054 4774878
0 42 5020974 0 1788909536 842192 4929316
1 42 4978996 0 1788909536 842359 4928664
2 22 5042070 0 1788909536 842476 4885833
0 43 5051628 0 1788909536 990139 4954661
1 43 5051937 0 1788909536 991631 4997325
3 22 5061707 0 1788909536 991822 4911651
0 44 5154689 0 1788909537 133593 5056062
1 44 5147434 0 1788909537 133723 5092779
2 23 5182657 0 1788909537 139121 5033428
0 45 5262045 0 1788909537 287176 5172473
1 45 5264278 0 1788909537 289748 5211038
3 23 5265966 0 1788909537 290044 5109036
0 46 5416532 0 1788909537 456634 5312046
1 46 5356931 0 1788909537 459940 5304154
2 24 5431109 0 1788909537 460140 5257326
0 47 5484346 0 1788909537 606411 5385373
1 47 5450481 0 1788909537 619285 5381661
3 24 5509251 0 1788909537 621309 5343851
0 48 5582528 0 1788909537 794447 5475088
1 48 5578113 0 1788909537 794713 5530645
2 25 5598986 0 1788909537 794835 5410294
0 49 5674871 0 1788909537 990790 5563648
1 49 5669888 0 1788909537 991156 5613629
3 25 5677104 0 1788909537 991350 5479931
0 50 5801316 0 1788909538 201144 5698361
1 50 5789262 0 1788909538 201523 5741970
2 26 5865435 0 1788909538 201681 5654283
0 51 5927538 0 1788909538 376207 5823720
1 51 5884550 0 1788909538 379752 5828412
3 26 5937494 0 1788909538 379932 5758462
0 52 5991504 0 1788909538 519659 5896682
1 52 5991202 0 1788909538 519808 5942544
2 27 6005279 0 1788909538 519967 5861286
0 53 6104274 0 1788909538 675970 5991665
1 53 6101584 0 1788909538 676095 6048236
3 27 6146842 0 1788909538 676195 5990050
0 54 6296270 0 1788909538 887621 6146406
1 54 6281916 0 1788909538 887976 6195743
2 28 6311275 0 1788909538 888081 6098988
0 55 6455201 0 1788909539 91231 6312450
1 55 6432611 0 1788909539 91499 6352267
3 28 6469885 0 1788909539 100600 6256671
2 29 6412615 0 1788909539 100797 6402633
