4 1 641329 0 1788909879 725995 143646
5 1 650058 0 1788909879 745183 293481
6 1 649872 0 1788909879 745543 439218
4 2 982314 0 1788909880 100610 796405
5 2 978456 0 1788909880 100817 895068
7 1 1004071 0 1788909880 100989 626508
4 3 1304418 0 1788909880 459422 1080593
5 3 1302774 0 1788909880 461670 1190420
6 2 1311911 0 1788909880 461824 950482
4 4 1685331 0 1788909880 857185 1387330
5 4 1689456 0 1788909880 866939 1579086
7 2 1711961 0 1788909880 873283 1297834
4 5 2087128 0 1788909881 276775 1808825
5 5 2068371 0 1788909881 277024 1952325
6 3 2104928 0 1788909881 291098 1670741
4 6 2396555 0 1788909881 632139 2185971
5 6 2376826 0 1788909881 632413 2253349
7 3 2398978 0 1788909881 632530 2042967
4 7 2621532 0 1788909881 918803 2427605
5 7 2601487 0 1788909881 919022 2509816
6 4 2636926 0 1788909881 919195 2349587
4 8 2948496 0 1788909882 294665 2720992
5 8 2883604 0 1788909882 294877 2771917
7 4 2950346 0 1788909882 295062 2565391
4 9 3405575 0 1788909882 827679 3044963
5 9 3401569 0 1788909882 827922 3154414
6 5 3421662 0 1788909882 841648 2864082
4 10 3837740 0 1788909883 299016 3502362
5 10 3819862 0 1788909883 305378 3576090
7 5 3855749 0 1788909883 305502 3377718
4 11 4169313 0 1788909883 700779 3919144
5 11 4147791 0 1788909883 700973 4022045
6 6 4180615 0 1788909883 701097 3778316
4 12 4469413 0 1788909884 85523 4270851
5 12 4375280 0 1788909884 85761 4296657
7 6 4477460 0 1788909884 85937 4092101
4 13 4635115 0 1788909884 365237 4448052
5 13 4597964 0 1788909884 365478 4512088
6 7 4648419 0 1788909884 365803 4367898
4 14 4835486 0 1788909884 609503 4670679
5 14 4832730 0 1788909884 609645 4747182
7 7 4841124 0 1788909884 610472 4595598
4 15 5123683 0 1788909884 909131 4926934
5 15 5117764 0 1788909884 909321 5027788
6 8 5126874 0 1788909884 909742 4826428
4 16 5354340 0 1788909885 206808 5157770
5 16 5327591 0 1788909885 207011 5229445
7 8 5394380 0 1788909885 207191 5096070
4 17 5550119 0 1788909885 463486 5375189
5 17 5532283 0 1788909885 463670 5445004
6 9 5562211 0 1788909885 463792 5304976
4 18 5811283 0 1788909885 784182 5592489
5 18 5765560 0 1788909885 793206 5647778
7 9 5824924 0 1788909885 793482 5494517
4 19 5950276 0 1788909886 50901 5780518
5 19 5948430 0 1788909886 51141 5865245
6 10 5999331 0 1788909886 51277 5731977
4 20 6174730 0 1788909886 305332 6015470
5 20 6143813 0 1788909886 305586 6069318
7 10 6197434 0 1788909886 305743 5942330
4 21 6400420 0 1788909886 608369 6197783
5 21 6385616 0 1788909886 608702 6256085
6 11 6431390 0 1788909886 608866 6127620
4 22 6649317 0 1788909886 901367 6452050
5 22 6647657 0 1788909886 908633 6535540
7 11 6669233 0 1788909886 908764 6323723
4 23 6902094 0 1788909887 222841 6705125
5 23 6897737 0 1788909887 223047 6799178
6 12 6954131 0 1788909887 223499 6631757
4 24 7180690 0 1788909887 525824 6995425
5 24 7136003 0 1788909887 526314 7036710
7 12 7194296 0 1788909887 526544 6890340
4 25 7428573 0 1788909887 831494 7238549
5 25 7416600 0 1788909887 831790 7317445
6 13 7430760 0 1788909887 832048 7124288
4 26 7684775 0 1788909888 134217 7490413
5 26 7656448 0 1788909888 134583 7555972
7 13 7729451 0 1788909888 146282 7414393
4 27 7890114 0 1788909888 417791 7712686
5 27 7868681 0 1788909888 418037 7772769
6 14 7939137 0 1788909888 418216 7654885
4 28 8160444 0 1788909888 719715 7970857
5 28 8144779 0 1788909888 719965 8045554
7 14 8168343 0 1788909888 720086 7865762
6 15 8188445 0 1788909888 827338 8080573
4 29 8190173 0 1788909888 833761 8183471
