0 1 416486 0 1788909846 680803 98701
1 1 411197 0 1788909846 692045 168296
2 1 410642 0 1788909846 692181 276560
0 2 762051 0 1788909847 63402 483966
1 2 734076 0 1788909847 63566 548735
3 1 765532 0 1788909847 63739 382340
0 3 923567 0 1788909847 310023 776045
1 3 903722 0 1788909847 310232 815674
2 2 967585 0 1788909847 310514 689023
0 4 1212249 0 1788909847 636825 1006926
1 4 1204182 0 1788909847 637200 1093637
3 2 1217853 0 1788909847 637639 889906
0 5 1444282 0 1788909847 900643 1271105
1 5 1438230 0 1788909847 900956 1344875
2 3 1476458 0 1788909847 917263 1195744
0 6 1718512 0 1788909848 223118 1500193
1 6 1694921 0 1788909848 223397 1604130
3 3 1754466 0 1788909848 223707 1431171
0 7 1875008 0 1788909848 523588 1694956
1 7 1868012 0 1788909848 523744 1791858
2 4 1978469 0 1788909848 523931 1677316
0 8 2092457 0 1788909848 774756 1915554
1 8 2048877 0 1788909848 774995 1936077
3 4 2094345 0 1788909848 775182 1842406
0 9 2334720 0 1788909849 78392 2133068
1 9 2323375 0 1788909849 78597 2223578
2 5 2337071 0 1788909849 79462 2032155
0 10 2532369 0 1788909849 343172 2373460
1 10 2510107 0 1788909849 343423 2420936
3 5 2564322 0 1788909849 343812 2298100
0 11 2754703 0 1788909849 628788 2576019
1 11 2750103 0 1788909849 628974 2663882
2 6 2759158 0 1788909849 629215 2472812
0 12 3130489 0 1788909850 27521 2875184
1 12 3083854 0 1788909850 30335 2935756
3 6 3148545 0 1788909850 30491 2746677
0 13 3318088 0 1788909850 366422 3097508
1 13 3284973 0 1788909850 366631 3208656
2 7 3347990 0 1788909850 367336 3007918
0 14 3530680 0 1788909850 643731 3372883
1 14 3530301 0 1788909850 644011 3449665
3 7 3547850 0 1788909850 644183 3269848
0 15 3759093 0 1788909850 977704 3498852
1 15 3758635 0 1788909850 978144 3585979
2 8 3803916 0 1788909850 978614 3468760
0 16 4118939 0 1788909851 385944 3814110
1 16 4110687 0 1788909851 386178 3933958
3 8 4141572 0 1788909851 386367 3732663
0 17 4422713 0 1788909851 728307 4212525
1 17 4420235 0 1788909851 736622 4330482
2 9 4457419 0 1788909851 736816 4105973
0 18 4744849 0 1788909852 114143 4499165
1 18 4675058 0 1788909852 138467 4517005
3 9 4802900 0 1788909852 142308 4388718
0 19 5052812 0 1788909852 553774 4780402
1 19 5046405 0 1788909852 554088 4902949
2 10 5089378 0 1788909852 554356 4642923
0 20 5372991 0 1788909852 918211 5115024
1 20 5353169 0 1788909852 918466 5244766
3 10 5407979 0 1788909852 918769 5042598
0 21 5617684 0 1788909853 228089 5407953
1 21 5585767 0 1788909853 228309 5497469
2 11 5629706 0 1788909853 228597 5318852
0 22 5834889 0 1788909853 540010 5631507
1 22 5801927 0 1788909853 540234 5712397
3 11 5900609 0 1788909853 564157 5564287
0 23 6070606 0 1788909853 833508 5901212
1 23 6059512 0 1788909853 833787 5990201
2 12 6091069 0 1788909853 833998 5796841
0 24 6261236 0 1788909854 86073 6093745
1 24 6230953 0 1788909854 86354 6131590
3 12 6298438 0 1788909854 86887 6044792
0 25 6504551 0 1788909854 421727 6272626
1 25 6503009 0 1788909854 422305 6385165
2 13 6543196 0 1788909854 434674 6193610
0 26 6851098 0 1788909854 799665 6617506
1 26 6847213 0 1788909854 799863 6735421
3 13 6884398 0 1788909854 818670 6477394
0 27 7072862 0 1788909855 91827 6874632
1 27 7065900 0 1788909855 100970 6957567
2 14 7108094 0 1788909855 101146 6806345
0 28 7268047 0 1788909855 351226 7105608
1 28 7264236 0 1788909855 351572 7160659
3 14 7288819 0 1788909855 351788 7028717
0 29 7635598 0 1788909855 728345 7404898
1 29 7631090 0 1788909855 728661 7520852
2 15 7641511 0 1788909855 729197 7263264
0 30 7801877 0 1788909856 2062 7646218
1 30 7785836 0 1788909856 2300 7719546
3 15 7825380 0 1788909856 2539 7550726
0 31 7947008 0 1788909856 192522 7846885
2 16 7973108 0 1788909856 192778 7782057
1 31 7940948 0 1788909856 196113 7937054
