0 1 463260 0 1788909911 577511 108015
1 1 480755 0 1788909911 611538 175037
2 1 490292 0 1788909911 621765 320137
2 2 919323 0 1788909912 112186 876131
0 2 1198978 0 1788909912 350263 546279
1 2 1170991 0 1788909912 350415 610730
3 1 1202440 0 1788909912 350581 429073
0 3 1979185 0 1788909913 235629 1338098
1 3 1966093 0 1788909913 235813 1685170
2 3 1999545 0 1788909913 235935 1113733
0 4 2302710 0 1788909913 585662 2067188
1 4 2295120 0 1788909913 585859 2171246
3 2 2335397 0 1788909913 609906 1960940
0 5 2692893 0 1788909914 5553 2433906
1 5 2697190 0 1788909914 16364 2517891
2 4 2710207 0 1788909914 16502 2279097
0 6 2920715 0 1788909914 299126 2751046
1 6 2903871 0 1788909914 299267 2833473
3 3 2944888 0 1788909914 299428 2650763
0 7 3256371 0 1788909914 762038 2916570
1 7 3231471 0 1788909914 762241 3017784
2 5 3263893 0 1788909914 762408 2800408
0 8 3678998 0 1788909915 255049 3355600
1 8 3683718 0 1788909915 276043 3481104
3 4 3744103 0 1788909915 276335 3228716
0 9 4124106 0 1788909915 729261 3928467
1 9 4111681 0 1788909915 741106 3999771
2 6 4147642 0 1788909915 741248 3661063
0 10 4345366 0 1788909916 28615 4149074
1 10 4308891 0 1788909916 28882 4186561
3 5 4368276 0 1788909916 29013 4068243
0 11 4575847 0 1788909916 304653 4387855
1 11 4573018 0 1788909916 304898 4471926
2 7 4581044 0 1788909916 305063 4304372
0 12 4757178 0 1788909916 553593 4602712
1 12 4684581 0 1788909916 553861 4611932
3 6 4807473 0 1788909916 554438 4557414
0 13 4935663 0 1788909916 867256 4739646
1 13 4921191 0 1788909916 867457 4819575
2 8 4976722 0 1788909916 874989 4655003
0 14 5189345 0 1788909917 152989 5021798
1 14 5128592 0 1788909917 153224 5042083
3 7 5190453 0 1788909917 153438 4903987
0 15 5367592 0 1788909917 437034 5148051
1 15 5342557 0 1788909917 437287 5233584
2 9 5368977 0 1788909917 437521 5084155
0 16 5550837 0 1788909917 676262 5385911
1 16 5547175 0 1788909917 676505 5475021
3 8 5559742 0 1788909917 676681 5319785
0 17 5761633 0 1788909917 927953 5587347
1 17 5738902 0 1788909917 928243 5655171
2 10 5772832 0 1788909917 928359 5520444
0 18 5871008 0 1788909918 184351 5715789
1 18 5869690 0 1788909918 184602 5801869
3 9 5965743 0 1788909918 184971 5708511
0 19 6057055 0 1788909918 414671 5898264
1 19 6054188 0 1788909918 414911 5983720
2 11 6066750 0 1788909918 417646 5833192
0 20 6235272 0 1788909918 650504 6069625
1 20 6201829 0 1788909918 650655 6118002
3 10 6255645 0 1788909918 650799 6019268
0 21 6353880 0 1788909918 846355 6227436
1 21 6333413 0 1788909918 846895 6263096
2 12 6386909 0 1788909918 847248 6189962
0 22 6430981 0 1788909919 19223 6332418
1 22 6426547 0 1788909919 19410 6378277
3 11 6470770 0 1788909919 25829 6290909
0 23 6547088 0 1788909919 171297 6458922
1 23 6533534 0 1788909919 171917 6489245
2 13 6559332 0 1788909919 172168 6404234
0 24 6593374 0 1788909919 298709 6502902
1 24 6557449 0 1788909919 298861 6512896
3 12 6624278 0 1788909919 299048 6495858
0 25 6661946 0 1788909919 431176 6560964
1 25 6647310 0 1788909919 431516 6594103
2 14 6664613 0 1788909919 431722 6531263
0 26 6764554 0 1788909919 567138 6677971
1 26 6725500 0 1788909919 568487 6687620
3 13 6772586 0 1788909919 571086 6631933
0 27 6805464 0 1788909919 690468 6726756
1 27 6777986 0 1788909919 690889 6740582
2 15 6822170 0 1788909919 691069 6697722
0 28 6876534 0 1788909919 813804 6794578
1 28 6877532 0 1788909919 815152 6835336
3 14 6882251 0 1788909919 815364 6757141
0 29 7005017 0 1788909919 952522 6910938
1 29 6925884 0 1788909919 952977 6877128
2 16 7016710 0 1788909919 959391 6870426
0 30 7109349 0 1788909920 175747 6953762
1 30 7112777 0 1788909920 182382 7021987
3 15 7132496 0 1788909920 182615 6902126
0 31 7273503 0 1788909920 378602 7140709
1 31 7267147 0 1788909920 378744 7211802
2 17 7283446 0 1788909920 378894 7080056
0 32 7307606 0 1788909920 522495 7210884
1 32 7306533 0 1788909920 522771 7261036
3 16 7368090 0 1788909920 522896 7223618
0 33 7426897 0 1788909920 680998 7311618
1 33 7421617 0 1788909920 681227 7382708
2 18 7457326 0 1788909920 681693 7297884
0 34 7536037 0 1788909920 862383 7421157
1 34 7529667 0 1788909920 863936 7481068
3 17 7562107 0 1788909920 865288 7377510
0 35 7651922 0 1788909921 71589 7496559
1 35 7646314 0 1788909921 71809 7554277
2 19 7714755 0 1788909921 72348 7502197
3 18 7664785 0 1788909921 98852 7637304
