0 1 536318 0 1788909857 879217 161585
1 1 524047 0 1788909857 883477 322233
2 1 523617 0 1788909857 883737 417617
0 2 786089 0 1788909858 166022 611110
1 2 758321 0 1788909858 166393 669372
3 1 789721 0 1788909858 166511 502194
0 3 965187 0 1788909858 430224 790171
1 3 945350 0 1788909858 430442 851478
2 2 1017798 0 1788909858 439309 744230
0 4 1238883 0 1788909858 742041 1052277
1 4 1236310 0 1788909858 747911 1122500
3 2 1252212 0 1788909858 750580 931419
0 5 1510629 0 1788909859 45573 1322158
1 5 1504498 0 1788909859 45807 1405830
2 3 1534134 0 1788909859 53521 1222222
0 6 1911216 0 1788909859 494404 1662311
1 6 1896662 0 1788909859 503720 1771222
3 3 1956207 0 1788909859 504029 1496331
0 7 2144971 0 1788909859 872133 1914284
1 7 2138203 0 1788909859 872518 2035692
2 4 2248650 0 1788909859 872694 1870056
0 8 2345439 0 1788909860 106319 2203076
1 8 2302067 0 1788909860 106766 2244259
3 4 2350937 0 1788909860 110355 2112420
0 9 2640566 0 1788909860 462821 2387536
1 9 2629256 0 1788909860 463060 2489800
2 5 2642221 0 1788909860 463194 2285096
2 6 2995853 0 1788909860 944492 2992303
2 7 3128457 0 1788909861 81125 3113043
0 10 3700065 0 1788909861 589450 2712819
1 10 3677957 0 1788909861 589854 2850468
3 5 3732015 0 1788909861 590088 2604437
0 11 3983249 0 1788909861 943776 3728766
1 11 3968401 0 1788909861 944014 3828786
2 8 3986683 0 1788909861 944136 3619673
0 12 4128361 0 1788909862 226289 3946602
1 12 4099805 0 1788909862 226720 4013407
3 6 4201837 0 1788909862 226899 3918434
0 13 4325585 0 1788909862 500499 4148276
1 13 4319040 0 1788909862 510673 4213463
2 9 4350669 0 1788909862 510909 4065801
0 14 4594564 0 1788909862 847845 4342356
1 14 4550863 0 1788909862 848054 4389621
3 7 4655942 0 1788909862 848235 4307974
0 15 4856078 0 1788909863 179455 4634219
1 15 4834082 0 1788909863 179669 4715351
2 10 4881684 0 1788909863 179774 4549531
0 16 5138212 0 1788909863 496191 4928777
1 16 5118200 0 1788909863 502376 5001353
3 8 5148459 0 1788909863 502533 4815000
0 17 5389519 0 1788909863 807508 5200740
1 17 5366471 0 1788909863 814348 5259059
2 11 5426290 0 1788909863 821258 5100933
0 18 5540382 0 1788909864 83942 5369847
1 18 5504612 0 1788909864 84156 5420958
3 9 5542379 0 1788909864 84370 5265223
0 19 5742788 0 1788909864 332160 5580062
1 19 5708497 0 1788909864 332298 5625219
2 12 5746231 0 1788909864 332495 5497366
0 20 5909479 0 1788909864 586953 5731770
1 20 5898134 0 1788909864 587121 5819760
3 10 5943363 0 1788909864 587242 5688020
0 21 6218943 0 1788909864 961074 5999096
1 21 6177768 0 1788909864 961470 6059803
2 13 6264448 0 1788909864 985572 5865609
0 22 6452954 0 1788909865 274465 6260942
1 22 6433118 0 1788909865 274602 6338943
3 11 6457879 0 1788909865 274768 6143934
0 23 6630473 0 1788909865 497505 6485791
1 23 6594293 0 1788909865 497711 6514852
2 14 6645152 0 1788909865 498009 6421384
0 24 6806393 0 1788909865 776453 6629622
1 24 6780875 0 1788909865 776632 6701596
3 12 6842816 0 1788909865 776799 6563235
0 25 7337227 0 1788909866 350082 6909620
1 25 7323098 0 1788909866 350246 7087097
2 15 7352476 0 1788909866 350354 6778118
0 26 7736958 0 1788909866 808593 7552893
1 26 7711616 0 1788909866 809163 7616328
3 13 7782646 0 1788909866 813878 7318587
0 27 8045140 0 1788909867 186691 7827531
1 27 8025124 0 1788909867 186885 7935919
2 16 8073357 0 1788909867 187008 7694759
3 14 8068362 0 1788909867 234281 8019903
