1 1 338209 0 1788909825 393064 334668
0 1 736174 0 1788909825 774499 176594
2 1 719212 0 1788909825 774757 511273
3 1 702728 0 1788909825 774943 613428
0 2 966882 0 1788909826 70380 767072
1 2 995320 0 1788909826 70678 698878
2 2 953855 0 1788909826 70791 861023
0 3 1143031 0 1788909826 323548 982335
1 3 1129987 0 1788909826 323780 1044043
3 2 1163444 0 1788909826 323907 909659
0 4 1357621 0 1788909826 564646 1197215
1 4 1350036 0 1788909826 564848 1253779
2 3 1366440 0 1788909826 565022 1124669
0 5 1607689 0 1788909826 844422 1421461
1 5 1612113 0 1788909826 855360 1495344
3 3 1628394 0 1788909826 858763 1334019
0 6 1858114 0 1788909827 160597 1654575
1 6 1842132 0 1788909827 161601 1736409
2 4 1897660 0 1788909827 176274 1565432
0 7 2078211 0 1788909827 507950 1861864
1 7 2053282 0 1788909827 508125 1927545
3 4 2085640 0 1788909827 508227 1736918
0 8 2355022 0 1788909827 855147 2143442
1 8 2338890 0 1788909827 855288 2233502
2 5 2399110 0 1788909827 855416 2051448
0 9 2637474 0 1788909828 166702 2427489
1 9 2613401 0 1788909828 166899 2500549
3 5 2684357 0 1788909828 202036 2337197
0 10 2958972 0 1788909828 566294 2739201
1 10 2922416 0 1788909828 566481 2802298
2 6 2981920 0 1788909828 566730 2581596
0 11 3329435 0 1788909828 982313 3039611
1 11 3326557 0 1788909828 982510 3237434
3 6 3334621 0 1788909828 982713 2917958
0 12 3589492 0 1788909829 309980 3384078
1 12 3516829 0 1788909829 310183 3442656
2 7 3639281 0 1788909829 310320 3311026
0 13 3719141 0 1788909829 574806 3544083
1 13 3704675 0 1788909829 575014 3615677
3 7 3797242 0 1788909829 619582 3487341
0 14 4028713 0 1788909829 916430 3832754
1 14 3968046 0 1788909829 916751 3876639
2 8 4029874 0 1788909829 916932 3687437
0 15 4218535 0 1788909830 212050 4006529
1 15 4193529 0 1788909830 212331 4072894
3 8 4219897 0 1788909830 212514 3923565
0 16 4437501 0 1788909830 487000 4257301
1 16 4433856 0 1788909830 487260 4351551
2 9 4446489 0 1788909830 487501 4170781
0 17 4689233 0 1788909830 779627 4488837
1 17 4666891 0 1788909830 780306 4562826
3 9 4705063 0 1788909830 784663 4407132
0 18 4875348 0 1788909831 112764 4679694
1 18 4873982 0 1788909831 112966 4767605
2 10 4969802 0 1788909831 113103 4636064
0 19 5101165 0 1788909831 382854 4917367
1 19 5098298 0 1788909831 383095 5009482
3 10 5108259 0 1788909831 383229 4837566
0 20 5324852 0 1788909831 664156 5143338
1 20 5291562 0 1788909831 664461 5200068
2 11 5345407 0 1788909831 664633 5050485
0 21 5536199 0 1788909831 952748 5353123
1 21 5515414 0 1788909831 952969 5408106
3 11 5568730 0 1788909831 953143 5279402
0 22 5742681 0 1788909832 254996 5546683
1 22 5738261 0 1788909832 255197 5640139
2 12 5776424 0 1788909832 255551 5473362
0 23 5978271 0 1788909832 526553 5791547
1 23 5964289 0 1788909832 526746 5876774
3 12 5994716 0 1788909832 531625 5717838
0 24 6217367 0 1788909832 846776 6045512
1 24 6181506 0 1788909832 846992 6106696
2 13 6248327 0 1788909832 847170 5927514
0 25 6479415 0 1788909833 172718 6276759
1 25 6464674 0 1788909833 172954 6355086
3 13 6482174 0 1788909833 173356 6155261
0 26 6752771 0 1788909833 479428 6568289
1 26 6735276 0 1788909833 502336 6636118
2 14 6779955 0 1788909833 502528 6449882
0 27 6957810 0 1788909833 766887 6779357
1 27 6930069 0 1788909833 767045 6834819
3 14 6974199 0 1788909833 767172 6686059
0 28 7264981 0 1788909834 126324 6998174
1 28 7264895 0 1788909834 126589 7141104
2 15 7315719 0 1788909834 172905 6909433
0 29 7589326 0 1788909834 460904 7408982
1 29 7509962 0 1788909834 461128 7420583
3 15 7594513 0 1788909834 461266 7231819
0 30 7805461 0 1788909834 795933 7570429
1 30 7813966 0 1788909834 807644 7686138
2 16 7833648 0 1788909834 807840 7486402
3 16 7788511 0 1788909834 808031 7776212
