0 1 359917 0 1788909836 69390 102016
1 1 364741 0 1788909836 90746 178517
2 1 364189 0 1788909836 90884 253258
0 2 578240 0 1788909836 324748 421655
1 2 550258 0 1788909836 324904 456561
3 1 585114 0 1788909836 328477 325818
0 3 783986 0 1788909836 615598 592859
1 3 764085 0 1788909836 615751 660770
2 2 827873 0 1788909836 615958 536462
0 4 1002538 0 1788909836 872269 834119
1 4 994377 0 1788909836 872551 899562
3 2 1007859 0 1788909836 872802 750379
0 5 1260512 0 1788909837 162030 1046941
1 5 1254352 0 1788909837 162234 1152390
2 3 1302576 0 1788909837 188538 985947
0 6 1558459 0 1788909837 508221 1317394
1 6 1535244 0 1788909837 508876 1407650
3 3 1594902 0 1788909837 509298 1247391
0 7 1835874 0 1788909837 929610 1538089
1 7 1829167 0 1788909837 930056 1695267
2 4 1939589 0 1788909837 930207 1501343
0 8 2208015 0 1788909838 335469 1946152
1 8 2164520 0 1788909838 335793 2023584
3 4 2209951 0 1788909838 335943 1803335
0 9 2817999 0 1788909839 6827 2319525
1 9 2806833 0 1788909839 7210 2597342
2 5 2820054 0 1788909839 7602 2118803
0 10 3231057 0 1788909839 487016 2964509
1 10 3222991 0 1788909839 501463 3023515
3 5 3276967 0 1788909839 501613 2781660
0 11 3531602 0 1788909839 850843 3304078
1 11 3539247 0 1788909839 863275 3408205
2 6 3548189 0 1788909839 863402 3171379
0 12 3943323 0 1788909840 285511 3702387
1 12 3894053 0 1788909840 285690 3797294
3 6 3958690 0 1788909840 285791 3523453
0 13 4095690 0 1788909840 589180 3909338
1 13 4062630 0 1788909840 589444 3966152
2 7 4125126 0 1788909840 589628 3820800
0 14 4357981 0 1788909840 916188 4140860
1 14 4368009 0 1788909840 926875 4212257
3 7 4385938 0 1788909840 927426 4047422
0 15 4587454 0 1788909841 251219 4387902
1 15 4586788 0 1788909841 251452 4471825
2 8 4632040 0 1788909841 251894 4253900
0 16 4809148 0 1788909841 521309 4639481
1 16 4800852 0 1788909841 521499 4717194
3 8 4831770 0 1788909841 521722 4561010
0 17 5063561 0 1788909841 814310 4865068
1 17 5052983 0 1788909841 814525 4950719
2 9 5090145 0 1788909841 814697 4796477
0 18 5311601 0 1788909842 126052 5112841
1 18 5245422 0 1788909842 153986 5115796
3 9 5369612 0 1788909842 154176 5029508
0 19 5458322 0 1788909842 404441 5290560
1 19 5451843 0 1788909842 404681 5355083
2 10 5494728 0 1788909842 404861 5215665
0 20 5687395 0 1788909842 677770 5512488
1 20 5667563 0 1788909842 678016 5567826
3 10 5722315 0 1788909842 678261 5448306
0 21 5923260 0 1788909842 978823 5718725
1 21 5891349 0 1788909842 979046 5799968
2 11 5935104 0 1788909842 979152 5633412
0 22 6085024 0 1788909843 235301 5907012
1 22 6052044 0 1788909843 235507 5965645
3 11 6144347 0 1788909843 253051 5869910
0 23 6331669 0 1788909843 539727 6133240
1 23 6320526 0 1788909843 539958 6226459
2 12 6352137 0 1788909843 540223 6046982
0 24 6603359 0 1788909843 873352 6431732
1 24 6582205 0 1788909843 882763 6485191
3 12 6649476 0 1788909843 883081 6305857
0 25 6807528 0 1788909844 169859 6625123
1 25 6805625 0 1788909844 170076 6705698
2 13 6833635 0 1788909844 170270 6536450
0 26 7067181 0 1788909844 460903 6872010
1 26 7063368 0 1788909844 461174 6968347
3 13 7095799 0 1788909844 475228 6790167
0 27 7353703 0 1788909844 817829 7102853
1 27 7337861 0 1788909844 818086 7213639
2 14 7380072 0 1788909844 818280 7022391
0 28 7616945 0 1788909845 145280 7437317
1 28 7612941 0 1788909845 145433 7520759
3 14 7637514 0 1788909845 145639 7309361
0 29 7881816 0 1788909845 419718 7716192
1 29 7877197 0 1788909845 419924 7784379
2 15 7887326 0 1788909845 420169 7612185
0 30 8030310 0 1788909845 675652 7907595
3 15 8053527 0 1788909845 675842 7797031
1 30 8023888 0 1788909845 685509 8013740
