0 1 483676 0 1788909879 575257 100999
1 1 474908 0 1788909879 583020 224833
2 1 485189 0 1788909879 593991 318945
0 2 829168 0 1788909879 957782 610317
1 2 801262 0 1788909879 958015 713290
3 1 832745 0 1788909879 958215 448797
0 3 1027740 0 1788909880 241459 846116
1 3 1016044 0 1788909880 249817 908112
2 2 1079824 0 1788909880 250017 787343
0 4 1358219 0 1788909880 610057 1096491
1 4 1350191 0 1788909880 610472 1200632
3 2 1366412 0 1788909880 613461 994250
0 5 1614633 0 1788909880 898257 1427203
1 5 1608567 0 1788909880 898556 1506402
2 3 1658945 0 1788909880 927014 1341739
0 6 1966774 0 1788909881 298643 1754142
1 6 1943388 0 1788909881 299127 1838636
3 3 2002757 0 1788909881 299260 1601416
0 7 2180475 0 1788909881 656319 1919769
1 7 2173468 0 1788909881 656463 2032882
2 4 2283974 0 1788909881 656698 1925097
0 8 2479333 0 1788909881 988894 2243051
1 8 2435638 0 1788909881 989019 2317430
3 4 2482736 0 1788909881 990835 2147977
0 9 2800568 0 1788909882 371503 2543537
1 9 2789145 0 1788909882 371630 2639244
2 5 2810437 0 1788909882 380093 2418956
0 10 3491121 0 1788909883 129188 2952630
1 10 3468873 0 1788909883 129452 3254094
3 5 3522890 0 1788909883 129643 2764171
0 11 3899600 0 1788909883 600949 3543586
1 11 3895016 0 1788909883 601151 3687499
2 6 3905329 0 1788909883 602650 3431207
0 12 4052997 0 1788909883 777291 4038757
1 12 4329327 0 1788909884 103070 4111467
2 7 4256697 0 1788909884 103306 4143323
3 6 4394278 0 1788909884 103486 3891551
0 13 4533978 0 1788909884 409574 4227074
1 13 4500875 0 1788909884 409796 4342097
2 8 4497932 0 1788909884 421527 4411919
0 14 4797030 0 1788909884 738004 4576002
1 14 4736241 0 1788909884 738203 4583746
3 7 4798423 0 1788909884 738738 4468949
0 15 4951712 0 1788909884 998483 4793368
1 15 4926750 0 1788909884 998808 4838108
2 9 4953183 0 1788909884 999055 4691878
0 16 5127591 0 1788909885 230345 4971911
1 16 5124017 0 1788909885 230676 5053294
3 8 5136833 0 1788909885 231102 4896630
0 17 5391238 0 1788909885 534888 5191895
1 17 5371941 0 1788909885 538612 5259291
2 10 5408150 0 1788909885 541007 5097040
0 18 5530355 0 1788909885 821027 5346126
1 18 5529067 0 1788909885 821307 5442206
3 9 5624882 0 1788909885 821439 5337452
0 19 5757134 0 1788909886 92080 5581678
1 19 5754298 0 1788909886 92351 5665003
2 11 5764253 0 1788909886 92479 5492530
0 20 5972109 0 1788909886 364669 5794652
1 20 5938829 0 1788909886 364983 5842550
3 10 5992691 0 1788909886 365173 5719327
0 21 6210130 0 1788909886 679935 5991095
1 21 6189478 0 1788909886 680289 6039988
2 12 6242857 0 1788909886 680525 5926729
0 22 6448999 0 1788909887 14569 6243013
1 22 6445088 0 1788909887 15280 6326733
3 11 6483264 0 1788909887 15647 6147239
0 23 6685211 0 1788909887 286749 6519549
1 23 6671263 0 1788909887 286975 6577355
2 13 6705985 0 1788909887 296150 6424142
0 24 6949582 0 1788909887 632246 6716277
1 24 6913713 0 1788909887 632454 6805396
3 12 6980532 0 1788909887 632631 6634171
0 25 7186087 0 1788909887 932645 7000781
1 25 7171464 0 1788909887 932999 7077594
2 14 7188903 0 1788909887 933341 6887519
0 26 7398394 0 1788909888 178308 7237829
1 26 7364459 0 1788909888 184774 7295126
3 13 7409269 0 1788909888 185098 7155964
0 27 7614895 0 1788909888 477228 7431917
1 27 7587259 0 1788909888 477492 7517756
2 15 7631517 0 1788909888 477745 7331851
0 28 7863272 0 1788909888 777871 7651283
1 28 7863191 0 1788909888 778140 7747667
3 14 7867884 0 1788909888 778327 7566485
2 16 7872813 0 1788909888 792823 7857581
