4 1 327985 0 1788909901 653915 312714
5 1 946474 0 1788909902 282863 502213
6 1 946238 0 1788909902 283173 673240
7 1 945133 0 1788909902 283315 844961
4 2 1368320 0 1788909902 727881 919218
5 2 1364435 0 1788909902 728059 1046418
6 2 1336995 0 1788909902 728172 1222524
4 3 1608894 0 1788909903 9055 1425769
5 3 1606675 0 1788909903 9260 1495303
7 2 1613146 0 1788909903 9414 1331364
4 4 1861364 0 1788909903 280111 1719326
5 4 1852883 0 1788909903 280316 1788879
6 3 1867308 0 1788909903 280426 1587800
4 5 2122778 0 1788909903 572694 1921945
5 5 2101243 0 1788909903 576060 1992274
7 3 2145330 0 1788909903 576242 1848928
4 6 2351509 0 1788909903 848359 2182706
5 6 2324980 0 1788909903 848512 2234950
6 4 2376865 0 1788909903 853713 2095598
4 7 2643769 0 1788909904 202568 2411688
5 7 2616796 0 1788909904 202776 2518524
7 4 2664410 0 1788909904 202944 2309566
4 8 2824975 0 1788909904 477513 2654851
5 8 2816395 0 1788909904 477645 2752603
6 5 2894443 0 1788909904 481875 2614856
4 9 3122576 0 1788909904 790194 2931414
5 9 3107194 0 1788909904 798211 3004304
7 5 3135090 0 1788909904 798459 2813079
4 10 3360052 0 1788909905 86832 3148485
5 10 3325264 0 1788909905 87011 3210623
6 6 3400019 0 1788909905 102559 3087369
4 11 3573442 0 1788909905 367888 3394736
5 11 3518332 0 1788909905 368072 3423364
7 6 3595460 0 1788909905 368189 3313856
4 12 3707252 0 1788909905 658998 3569555
5 12 3700589 0 1788909905 659238 3632015
6 7 3802051 0 1788909905 659425 3510277
4 13 3848538 0 1788909905 857316 3713267
5 13 3846873 0 1788909905 857484 3778217
7 7 3903435 0 1788909905 874820 3687326
4 14 4083061 0 1788909906 101240 3942988
5 14 4077445 0 1788909906 101577 3993867
6 8 4086887 0 1788909906 102168 3841776
4 15 4285643 0 1788909906 318464 4146284
5 15 4264592 0 1788909906 318666 4196985
7 8 4292079 0 1788909906 318791 4074187
4 16 4422158 0 1788909906 542842 4282195
5 16 4400200 0 1788909906 543045 4333493
6 9 4449433 0 1788909906 543164 4224454
4 17 4630681 0 1788909906 803333 4488706
5 17 4593653 0 1788909906 803475 4510488
7 9 4649022 0 1788909906 803653 4388001
4 18 4824405 0 1788909907 93315 4650912
5 18 4800261 0 1788909907 93471 4691082
6 10 4879398 0 1788909907 93561 4588906
4 19 4977389 0 1788909907 321364 4837008
5 19 4971936 0 1788909907 321509 4904102
7 10 4979720 0 1788909907 321608 4751282
4 20 5126741 0 1788909907 529778 4982563
5 20 5111473 0 1788909907 530213 5035814
6 11 5158605 0 1788909907 530471 4949272
4 21 5254706 0 1788909907 719056 5134976
5 21 5238416 0 1788909907 719211 5184812
7 11 5270659 0 1788909907 719872 5080319
4 22 5439469 0 1788909907 941709 5309582
5 22 5431298 0 1788909907 941929 5365469
6 12 5448735 0 1788909907 942049 5224923
4 23 5586091 0 1788909908 152666 5451620
5 23 5579347 0 1788909908 152859 5503582
7 12 5591390 0 1788909908 153401 5379122
4 24 5773533 0 1788909908 405109 5593173
5 24 5762756 0 1788909908 405308 5656175
6 13 5821686 0 1788909908 408084 5565888
4 25 6011181 0 1788909908 667634 5862494
5 25 6009786 0 1788909908 667880 5937505
7 13 6023879 0 1788909908 668064 5760418
4 26 6184082 0 1788909908 903481 6014585
5 26 6201792 0 1788909908 922135 6099191
6 14 6231758 0 1788909908 922464 5976633
6 15 6312091 0 1788909909 112626 6307870
4 27 6388020 0 1788909909 178640 6197239
5 27 6396470 0 1788909909 189477 6250633
7 14 6421000 0 1788909909 189940 6134294
4 28 6540916 0 1788909909 421073 6376677
5 28 6536597 0 1788909909 421448 6451765
6 16 6605913 0 1788909909 422362 6361977
4 29 6716413 0 1788909909 618769 6598185
5 29 6715948 0 1788909909 619002 6658598
7 15 6723695 0 1788909909 619121 6525363
4 30 6860914 0 1788909909 806513 6737623
5 30 6852077 0 1788909909 806820 6790989
6 17 6880251 0 1788909909 807015 6691619
4 31 7027128 0 1788909909 987827 6906598
5 31 6997509 0 1788909909 988023 6925131
7 16 7027574 0 1788909909 988202 6836386
4 32 7248129 0 1788909910 278075 7041805
5 32 7248386 0 1788909910 278375 7147945
6 18 7270684 0 1788909910 278541 6979664
4 33 7455931 0 1788909910 502555 7316154
5 33 7445948 0 1788909910 502783 7370914
7 17 7462169 0 1788909910 503012 7227873
4 34 7561601 0 1788909910 690006 7448240
5 34 7558591 0 1788909910 697753 7488251
6 19 7630382 0 1788909910 697873 7434706
7 18 7583471 0 1788909910 722780 7549036
