4 1 921612 0 1788909868 818282 147011
5 1 942635 0 1788909868 849765 604980
6 1 955684 0 1788909868 863360 752331
4 2 1742591 0 1788909869 672893 1370969
5 2 1738683 0 1788909869 673048 1603644
7 1 1764226 0 1788909869 673150 909150
4 3 2377755 0 1788909870 344763 2050749
5 3 2373997 0 1788909870 344899 2247998
6 2 2405019 0 1788909870 366937 1697701
4 4 2786534 0 1788909870 770394 2546156
5 4 2781255 0 1788909870 770743 2658292
7 2 2797547 0 1788909870 770873 2371224
4 5 3081633 0 1788909871 83285 2894743
5 5 3069451 0 1788909871 90108 2975834
6 3 3106263 0 1788909871 104438 2771970
4 6 3362542 0 1788909871 410132 3162794
5 6 3342748 0 1788909871 410339 3228562
7 3 3364962 0 1788909871 410519 3037422
4 7 3542535 0 1788909871 651810 3391078
5 7 3522420 0 1788909871 651960 3451902
6 4 3557905 0 1788909871 652178 3315650
4 8 3842484 0 1788909872 658 3614943
5 8 3777834 0 1788909872 1113 3636339
7 4 3845008 0 1788909872 1729 3494857
4 9 4124749 0 1788909872 358859 3897636
5 9 4120630 0 1788909872 358988 3997640
6 5 4127160 0 1788909872 359152 3767849
4 10 4439692 0 1788909872 712972 4213060
5 10 4415674 0 1788909872 713195 4303631
7 5 4451604 0 1788909872 713362 4096901
4 11 4691910 0 1788909873 35380 4480578
5 11 4670332 0 1788909873 35519 4555072
6 6 4703145 0 1788909873 35633 4380165
4 12 4876291 0 1788909873 304406 4692092
5 12 4782164 0 1788909873 304650 4690016
7 6 4884361 0 1788909873 304843 4614712
4 13 5090468 0 1788909873 632594 4857400
5 13 5053284 0 1788909873 632803 4932046
6 7 5103592 0 1788909873 632981 4774737
4 14 5398220 0 1788909873 984242 5152382
5 14 5395796 0 1788909873 984716 5278004
7 7 5403471 0 1788909873 984824 5050981
4 15 5660772 0 1788909874 258225 5496319
5 15 5654862 0 1788909874 258423 5570890
6 8 5673722 0 1788909874 268595 5389140
4 16 5852580 0 1788909874 517052 5676694
5 16 5825821 0 1788909874 517246 5730711
7 8 5892659 0 1788909874 517475 5633045
4 17 6055780 0 1788909874 781152 5889261
5 17 6038065 0 1788909874 781457 5940060
6 9 6068023 0 1788909874 781609 5803259
4 18 6252455 0 1788909875 37359 6068860
5 18 6206865 0 1788909875 46515 6103758
7 9 6266180 0 1788909875 46743 6000370
4 19 6523530 0 1788909875 436159 6275206
5 19 6522029 0 1788909875 436746 6382118
6 10 6573002 0 1788909875 436953 6173055
4 20 6926144 0 1788909875 868752 6581049
5 20 6895109 0 1788909875 868888 6710206
7 10 6948708 0 1788909875 869022 6514264
4 21 7167260 0 1788909876 187215 6986773
5 21 7163242 0 1788909876 198334 7063410
6 11 7209045 0 1788909876 198526 6879086
4 22 7384305 0 1788909876 448359 7221989
5 22 7400044 0 1788909876 473024 7303499
7 11 7421699 0 1788909876 473235 7135429
4 23 7693731 0 1788909876 826483 7491229
5 23 7689407 0 1788909876 826722 7591121
6 12 7750695 0 1788909876 832068 7366766
4 24 7983797 0 1788909877 140937 7781198
5 24 7938986 0 1788909877 141302 7838658
7 12 7997176 0 1788909877 141429 7681907
4 25 8220986 0 1788909877 435911 8020126
5 25 8208879 0 1788909877 436073 8090349
6 13 8222921 0 1788909877 436215 7927397
4 26 8463673 0 1788909877 725121 8286618
5 26 8435516 0 1788909877 725656 8347653
7 13 8515832 0 1788909877 744668 8206795
6 14 8454119 0 1788909877 745203 8433108
