0 1 999878 0 1788909902 332323 294343
1 1 989305 0 1788909902 338281 469596
2 1 988810 0 1788909902 338476 745069
0 2 1351245 0 1788909902 720725 1108705
1 2 1323365 0 1788909902 720984 1218242
3 1 1354866 0 1788909902 721201 965774
0 3 1498337 0 1788909902 952921 1331184
1 3 1478511 0 1788909902 953149 1391733
2 2 1542244 0 1788909902 953302 1309361
0 4 1762124 0 1788909903 254828 1586112
1 4 1753940 0 1788909903 255086 1686434
3 2 1770011 0 1788909903 257926 1464766
0 5 2057642 0 1788909903 582131 1837046
1 5 2062803 0 1788909903 593658 1922385
2 3 2084855 0 1788909903 593788 1745454
0 6 2493915 0 1788909904 66649 2140030
1 6 2470546 0 1788909904 67151 2273229
3 3 2530369 0 1788909904 67738 2041641
0 7 2652319 0 1788909904 369027 2464342
1 7 2645420 0 1788909904 369281 2530095
2 4 2755881 0 1788909904 369470 2452765
0 8 2893768 0 1788909904 644195 2692571
1 8 2850352 0 1788909904 644597 2762315
3 4 2896287 0 1788909904 645251 2610053
0 9 3087605 0 1788909904 899406 2936176
1 9 3076330 0 1788909904 899679 2998321
2 5 3097145 0 1788909904 907666 2833001
0 10 3270961 0 1788909905 149897 3097213
1 10 3248728 0 1788909905 150171 3153978
3 5 3302731 0 1788909905 150349 3051514
0 11 3447133 0 1788909905 389347 3273976
1 11 3442537 0 1788909905 389536 3350256
2 6 3451469 0 1788909905 389655 3211465
0 12 3708713 0 1788909905 673872 3560512
1 12 3659460 0 1788909905 674068 3592195
3 6 3725544 0 1788909905 675618 3439018
0 13 3735101 0 1788909905 851563 3615667
1 13 3701973 0 1788909905 851759 3638900
2 7 3764456 0 1788909905 851930 3586117
0 14 3949597 0 1788909906 130777 3778452
1 14 3949155 0 1788909906 130993 3851858
3 7 3966729 0 1788909906 131189 3686832
0 15 4056344 0 1788909906 343081 3908609
1 15 4055791 0 1788909906 343427 3972188
2 8 4100921 0 1788909906 343748 3887689
0 16 4288374 0 1788909906 623508 4085170
1 16 4280312 0 1788909906 623931 4172620
3 8 4311620 0 1788909906 624543 4029989
0 17 4483040 0 1788909906 856761 4328637
1 17 4473005 0 1788909906 857519 4405240
2 9 4510172 0 1788909906 857696 4275685
0 18 4636750 0 1788909907 74172 4512262
1 18 4575596 0 1788909907 107132 4479939
3 9 4699861 0 1788909907 107396 4448659
0 19 4747837 0 1788909907 316927 4613951
1 19 4741355 0 1788909907 317166 4678917
2 10 4784318 0 1788909907 317423 4540816
0 20 4948913 0 1788909907 562261 4760253
1 20 4929120 0 1788909907 562546 4847365
3 10 4983792 0 1788909907 562709 4737623
0 21 5079244 0 1788909907 757777 4943706
1 21 5047316 0 1788909907 757985 4974075
2 11 5091621 0 1788909907 758640 4894862
0 22 5174226 0 1788909907 947475 5057286
1 22 5143698 0 1788909907 950133 5079160
3 11 5218698 0 1788909907 950374 5025527
0 23 5274253 0 1788909908 105284 5185839
1 23 5268758 0 1788909908 111161 5219835
2 12 5300462 0 1788909908 111520 5135629
0 24 5430686 0 1788909908 323651 5293349
1 24 5400370 0 1788909908 323899 5317702
3 12 5467552 0 1788909908 324129 5248438
0 25 5624878 0 1788909908 610182 5421228
1 25 5627450 0 1788909908 614873 5527308
2 13 5655476 0 1788909908 615082 5363790
0 26 5856886 0 1788909908 873581 5703886
1 26 5853017 0 1788909908 873795 5769090
3 13 5879531 0 1788909908 881931 5607518
0 27 6006603 0 1788909909 93696 5868624
1 27 5999792 0 1788909909 102989 5925458
2 14 6042048 0 1788909909 103228 5812034
0 28 6199705 0 1788909909 351013 6021154
1 28 6195742 0 1788909909 351206 6109631
3 14 6220289 0 1788909909 351387 5962264
0 29 6408487 0 1788909909 569361 6264972
1 29 6403898 0 1788909909 569597 6349275
2 15 6413964 0 1788909909 569779 6194944
0 30 6504757 0 1788909909 773071 6369621
1 30 6488692 0 1788909909 773284 6423977
3 15 6544367 0 1788909909 789655 6323864
0 31 6703603 0 1788909910 17245 6570881
1 31 6694173 0 1788909910 17465 6618092
2 16 6730223 0 1788909910 18021 6484973
0 32 6857846 0 1788909910 230846 6714593
1 32 6798023 0 1788909910 231106 6731405
3 16 6901461 0 1788909910 231251 6687083
0 33 6990973 0 1788909910 433535 6852680
1 33 6961400 0 1788909910 433687 6894042
2 17 6999685 0 1788909910 434118 6796108
0 34 7170747 0 1788909910 692122 7014081
1 34 7149994 0 1788909910 694533 7082158
3 17 7216918 0 1788909910 694721 6955296
2 18 7261098 0 1788909910 813561 7135276
0 35 7241637 0 1788909910 817424 7237452
