4 1 376121 0 1788909911 483992 88524
5 1 370286 0 1788909911 488617 174182
6 1 369940 0 1788909911 488816 242852
4 2 670251 0 1788909911 811753 452378
5 2 668575 0 1788909911 814140 555614
7 1 694577 0 1788909911 814700 363508
4 3 1057435 0 1788909912 235643 763310
5 3 1054015 0 1788909912 236116 835824
6 2 1063122 0 1788909912 236241 627701
4 4 1875540 0 1788909913 70599 1290629
5 4 1870514 0 1788909913 71202 1580265
7 2 1886888 0 1788909913 71414 1050939
4 5 2342017 0 1788909913 554870 2031834
5 5 2323240 0 1788909913 555097 2183291
6 3 2406778 0 1788909913 616153 1848310
4 6 2811498 0 1788909914 70287 2529830
5 6 2791868 0 1788909914 70659 2698809
7 3 2814218 0 1788909914 70975 2297914
4 7 3071200 0 1788909914 391676 2871196
5 7 3051120 0 1788909914 391861 2955263
6 4 3086540 0 1788909914 392013 2764561
4 8 3357258 0 1788909914 726632 3140951
5 8 3292349 0 1788909914 726827 3166602
7 4 3375372 0 1788909914 743293 3023431
7 5 3824668 0 1788909915 297626 3791684
4 9 4026122 0 1788909915 471431 3580373
5 9 4022222 0 1788909915 471781 3693343
6 5 4066427 0 1788909915 509619 3283199
4 10 4265763 0 1788909915 774485 4090216
5 10 4231034 0 1788909915 774721 4151225
7 6 4290374 0 1788909915 774854 3986239
4 11 4496437 0 1788909916 72823 4303996
5 11 4441344 0 1788909916 73025 4345503
6 6 4518531 0 1788909916 73201 4219538
4 12 4652430 0 1788909916 386116 4460500
5 12 4645768 0 1788909916 386357 4545131
7 7 4753831 0 1788909916 393146 4433227
4 13 4876524 0 1788909916 667243 4706285
5 13 4875103 0 1788909916 667655 4796083
6 7 4922032 0 1788909916 675359 4632487
4 14 5204675 0 1788909917 4795 4962160
5 14 5199160 0 1788909917 5233 5070403
7 8 5208354 0 1788909917 5576 4869784
4 15 5500658 0 1788909917 315420 5292647
5 15 5479628 0 1788909917 315643 5367402
6 8 5507122 0 1788909917 315774 5195862
4 16 5667838 0 1788909917 570464 5517228
5 16 5645906 0 1788909917 570693 5570168
7 9 5695146 0 1788909917 570818 5439469
4 17 5848692 0 1788909917 803285 5698042
5 17 5811731 0 1788909917 803495 5746118
6 9 5867124 0 1788909917 803696 5633673
4 18 6046295 0 1788909918 97145 5847507
5 18 6022255 0 1788909918 97407 5948778
7 10 6101424 0 1788909918 97529 5806968
4 19 6195160 0 1788909918 321076 6027644
5 19 6189870 0 1788909918 321385 6108807
6 10 6197676 0 1788909918 321505 5972963
4 20 6328274 0 1788909918 513252 6204715
5 20 6312892 0 1788909918 513573 6245986
7 11 6359871 0 1788909918 513678 6166529
4 21 6472177 0 1788909918 718469 6342419
5 21 6455925 0 1788909918 718661 6398250
6 11 6487860 0 1788909918 719014 6281841
4 22 6641759 0 1788909918 925940 6520086
5 22 6637113 0 1788909918 929685 6576147
7 12 6654613 0 1788909918 929868 6442917
4 23 6735752 0 1788909919 84267 6625738
5 23 6729053 0 1788909919 84507 6676596
6 12 6741072 0 1788909919 85024 6581726
4 24 6803342 0 1788909919 216859 6722110
5 24 6792577 0 1788909919 217071 6757513
7 13 6848911 0 1788909919 217251 6715621
4 25 6908779 0 1788909919 347173 6825893
5 25 6907319 0 1788909919 347354 6868325
6 13 6921332 0 1788909919 347458 6790471
4 26 6998376 0 1788909919 499717 6890058
5 26 6998434 0 1788909919 500719 6935560
7 14 7028196 0 1788909919 500843 6874277
4 27 7047178 0 1788909919 619738 6967490
5 27 7045674 0 1788909919 620623 7007090
6 14 7070275 0 1788909919 621157 6948452
4 28 7145786 0 1788909919 744177 7071121
5 28 7082287 0 1788909919 744384 7045458
7 15 7162036 0 1788909919 744511 7036976
4 29 7205567 0 1788909919 882934 7112289
5 29 7198936 0 1788909919 883232 7150493
6 15 7216613 0 1788909919 883405 7077086
4 30 7344093 0 1788909920 52797 7228231
5 30 7325413 0 1788909920 52953 7279985
7 16 7372999 0 1788909920 57995 7197677
4 31 7507426 0 1788909920 249996 7391021
5 31 7507505 0 1788909920 250144 7456617
6 16 7513666 0 1788909920 250351 7315937
4 32 7664370 0 1788909920 454168 7551755
5 32 7642488 0 1788909920 454375 7595333
7 17 7682083 0 1788909920 454538 7477291
4 33 7763705 0 1788909920 586489 7675315
5 33 7758171 0 1788909920 586736 7715295
6 17 7774965 0 1788909920 586895 7641957
4 34 7886793 0 1788909920 736225 7793531
5 34 7833654 0 1788909920 744000 7767910
7 18 7908103 0 1788909920 746880 7747467
4 35 7984205 0 1788909920 905456 7892925
5 35 7968053 0 1788909920 905664 7919461
6 18 7984793 0 1788909920 905896 7814863
4 36 8065595 0 1788909921 45158 7982303
7 19 8088633 0 1788909921 45425 7948387
5 36 8061120 0 1788909921 45593 8056754
