0 1 364627 0 1788909889 712056 82697
1 1 356534 0 1788909889 720494 165881
2 1 356014 0 1788909889 720665 247697
0 2 631320 0 1788909890 15783 426755
1 2 603342 0 1788909890 15945 459394
3 1 634749 0 1788909890 16068 330486
3 2 1020016 0 1788909890 522915 993459
0 3 1172985 0 1788909890 642552 807733
1 3 1161378 0 1788909890 651000 877223
2 2 1225129 0 1788909890 651171 589521
0 4 1456142 0 1788909890 972272 1236966
1 4 1448612 0 1788909890 972529 1350830
3 3 1464978 0 1788909890 972665 1134583
0 5 1771803 0 1788909891 317641 1558665
1 5 1770454 0 1788909891 322807 1646860
2 3 1783924 0 1788909891 323398 1413535
0 6 1987285 0 1788909891 598874 1797866
1 6 1970890 0 1788909891 599464 1861053
3 4 2011871 0 1788909891 599589 1729627
0 7 2118688 0 1788909891 857533 1959675
1 7 2093805 0 1788909891 857753 2025957
2 4 2126246 0 1788909891 857938 1866769
0 8 2366540 0 1788909892 175769 2146468
1 8 2350428 0 1788909892 175931 2250132
3 5 2410714 0 1788909892 176125 2091851
0 9 2665609 0 1788909892 503942 2451857
1 9 2641582 0 1788909892 504184 2552859
2 5 2685660 0 1788909892 512444 2347189
0 10 2867582 0 1788909892 784010 2717591
1 10 2831020 0 1788909892 784189 2766884
3 6 2890449 0 1788909892 784364 2609777
0 11 3107512 0 1788909893 69495 2930084
1 11 3104634 0 1788909893 69691 3032214
2 6 3112641 0 1788909893 69838 2826606
0 12 3395451 0 1788909893 425043 3186739
1 12 3322826 0 1788909893 425284 3239901
3 7 3445267 0 1788909893 425410 3089115
0 13 3666506 0 1788909893 831276 3414720
1 13 3652065 0 1788909893 831509 3529068
2 7 3702859 0 1788909893 834304 3293311
0 14 4014227 0 1788909894 211050 3738111
1 14 3953441 0 1788909894 211251 3845032
3 8 4015253 0 1788909894 211416 3634800
0 15 4200231 0 1788909894 502852 4023670
1 15 4175161 0 1788909894 503068 4064059
2 8 4201476 0 1788909894 503197 3909063
0 16 4440433 0 1788909894 799036 4247356
1 16 4437067 0 1788909894 799576 4354227
3 9 4449633 0 1788909894 799751 4152417
0 17 4713475 0 1788909895 112973 4507340
1 17 4690706 0 1788909895 113225 4577396
2 9 4724696 0 1788909895 113401 4410118
0 18 4909070 0 1788909895 455590 4687570
1 18 4907885 0 1788909895 455975 4787871
3 10 5003764 0 1788909895 456171 4660277
0 19 5135405 0 1788909895 726199 4965591
1 19 5132556 0 1788909895 726458 5049290
2 10 5142506 0 1788909895 726580 4837167
0 20 5363421 0 1788909896 11830 5169440
1 20 5330073 0 1788909896 12077 5233627
3 11 5383855 0 1788909896 12186 5097620
0 21 5640521 0 1788909896 366174 5392058
1 21 5619759 0 1788909896 366419 5464641
2 11 5673045 0 1788909896 366563 5318068
0 22 5890703 0 1788909896 712123 5683295
1 22 5886226 0 1788909896 712267 5773166
3 12 5924156 0 1788909896 712388 5571261
0 23 6169289 0 1788909897 26676 5954488
1 23 6159120 0 1788909897 30682 6034739
2 12 6184871 0 1788909897 30887 5865953
0 24 6485550 0 1788909897 424063 6201635
1 24 6460178 0 1788909897 434768 6321375
3 13 6527054 0 1788909897 435002 6118541
0 25 6958537 0 1788909897 960944 6632041
1 25 6943766 0 1788909897 961151 6817664
2 13 6961062 0 1788909897 961349 6423322
0 26 7334499 0 1788909898 370261 7085482
1 26 7318551 0 1788909898 394715 7171406
3 14 7363272 0 1788909898 394950 6928176
0 27 7749287 0 1788909898 867470 7405260
1 27 7721603 0 1788909898 867684 7483399
2 14 7765726 0 1788909898 867803 7267960
0 28 8321366 0 1788909899 491815 7924260
1 28 8321684 0 1788909899 492482 8090177
3 15 8363560 0 1788909899 529852 7701004
2 15 8486648 0 1788909899 662506 8314623
