4 1 437678 0 1788909846 695547 87977
5 1 443045 0 1788909846 711374 190329
6 1 442683 0 1788909846 711559 315319
4 2 752776 0 1788909847 44277 532547
5 2 749103 0 1788909847 44667 653715
7 1 812214 0 1788909847 82337 425245
4 3 991467 0 1788909847 319674 851021
5 3 987716 0 1788909847 319816 934503
6 2 996915 0 1788909847 320032 720961
4 4 1308676 0 1788909847 653735 1097048
5 4 1303379 0 1788909847 654067 1172035
7 2 1319683 0 1788909847 654209 984930
4 5 1621102 0 1788909847 983953 1410004
5 5 1602322 0 1788909847 984179 1511628
6 3 1648151 0 1788909848 7524 1294067
4 6 1937422 0 1788909848 346211 1719534
5 6 1917554 0 1788909848 346345 1823633
7 3 1939754 0 1788909848 346510 1576944
4 7 2252600 0 1788909848 723074 1991261
5 7 2232589 0 1788909848 723329 2129934
6 4 2268078 0 1788909848 723550 1890516
4 8 2467187 0 1788909848 986560 2263663
5 8 2402310 0 1788909848 986787 2290795
7 4 2468974 0 1788909848 986894 2204832
4 9 2695106 0 1788909849 290414 2527355
5 9 2691117 0 1788909849 290674 2601830
6 5 2697684 0 1788909849 290874 2393110
4 10 2965087 0 1788909849 599566 2750793
5 10 2941045 0 1788909849 599766 2839770
7 5 2976993 0 1788909849 599950 2667203
4 11 3353531 0 1788909850 58200 3041423
5 11 3332677 0 1788909850 59063 3165354
6 6 3365552 0 1788909850 59238 2905632
4 12 3572951 0 1788909850 362266 3368991
5 12 3478850 0 1788909850 362535 3364827
7 6 3581038 0 1788909850 362718 3270319
4 13 3768940 0 1788909850 672265 3583315
5 13 3731788 0 1788909850 672506 3637701
6 7 3782138 0 1788909850 672727 3471247
4 14 4075109 0 1788909851 22330 3838154
5 14 4072398 0 1788909851 22517 3980806
7 7 4089930 0 1788909851 32482 3729452
5 15 4344747 0 1788909851 309507 4329348
4 15 4640282 0 1788909851 598934 4190521
6 8 4643120 0 1788909851 599192 4066024
7 8 4613486 0 1788909851 599500 4512579
4 16 4891793 0 1788909851 944418 4672645
5 16 4918975 0 1788909851 944646 4573029
6 9 4882544 0 1788909851 957329 4770202
4 17 5163732 0 1788909852 268324 4966888
5 17 5126758 0 1788909852 268520 5026570
7 9 5182169 0 1788909852 268740 4857581
4 18 5484378 0 1788909852 685228 5189991
5 18 5460231 0 1788909852 685382 5294494
6 10 5554705 0 1788909852 700808 5121925
4 19 5775060 0 1788909853 50975 5528613
5 19 5769661 0 1788909853 51174 5650558
7 10 5777471 0 1788909853 51299 5374721
4 20 5929445 0 1788909853 264422 5790518
5 20 5913887 0 1788909853 264568 5844980
6 11 5961706 0 1788909853 265512 5746857
4 21 6140731 0 1788909853 537022 5959800
5 21 6124626 0 1788909853 537361 6036165
7 11 6156437 0 1788909853 537590 5882995
4 22 6369159 0 1788909853 803338 6199163
5 22 6365606 0 1788909853 808178 6280457
6 12 6383148 0 1788909853 808402 6107333
4 23 6550497 0 1788909854 49012 6389052
5 23 6544200 0 1788909854 49652 6462825
7 12 6556263 0 1788909854 50215 6309122
4 24 6745090 0 1788909854 308605 6577651
5 24 6734409 0 1788909854 308901 6645957
6 13 6790944 0 1788909854 309282 6530416
4 25 6989777 0 1788909854 578170 6841769
5 25 6988571 0 1788909854 578606 6897839
7 13 7002789 0 1788909854 578913 6732100
4 26 7218154 0 1788909854 869493 7053250
5 26 7236145 0 1788909854 888429 7147985
6 14 7265977 0 1788909854 888623 6952171
4 27 7363997 0 1788909855 86557 7237285
5 27 7361815 0 1788909855 86762 7289307
7 14 7386470 0 1788909855 87350 7168345
4 28 7579686 0 1788909855 328076 7421718
5 28 7516148 0 1788909855 328244 7428664
6 15 7595993 0 1788909855 328467 7353750
4 29 7810789 0 1788909855 638154 7593191
5 29 7804147 0 1788909855 638442 7676633
7 15 7822125 0 1788909855 638916 7510922
4 30 8060056 0 1788909855 918759 7871791
5 30 8041442 0 1788909855 918981 7960851
6 16 8117727 0 1788909855 952722 7802825
4 31 8315572 0 1788909856 208141 8149986
5 31 8315739 0 1788909856 208377 8231663
7 16 8321809 0 1788909856 208492 8031823
6 17 8289342 0 1788909856 211797 8285411
