4 1 438331 0 1788909814 717702 83446
5 1 450756 0 1788909814 740587 194972
6 1 451244 0 1788909814 741621 317230
4 2 749065 0 1788909815 62067 526255
5 2 745142 0 1788909815 62209 634440
7 1 770747 0 1788909815 62372 425834
4 3 1049639 0 1788909815 399348 797100
5 3 1046002 0 1788909815 399604 894748
6 2 1055179 0 1788909815 399798 717163
4 4 1375669 0 1788909815 742230 1157990
5 4 1370320 0 1788909815 742509 1239841
7 2 1386675 0 1788909815 742702 1030145
4 5 1649328 0 1788909816 33681 1460579
5 5 1630752 0 1788909816 34111 1537427
6 3 1672797 0 1788909816 53672 1361103
4 6 1960271 0 1788909816 390561 1732564
5 6 1940496 0 1788909816 390788 1817256
7 3 1962665 0 1788909816 390923 1604840
4 7 2449006 0 1788909816 940983 2064506
5 7 2428949 0 1788909816 941190 2279953
6 4 2464385 0 1788909816 941359 1913396
5 8 2668878 0 1788909817 274858 2654434
4 8 2987162 0 1788909817 528036 2561652
6 5 2913663 0 1788909817 528356 2762898
7 4 2989464 0 1788909817 528886 2401353
4 9 3162749 0 1788909817 783809 3003363
5 9 3167201 0 1788909817 784012 2910930
6 6 3150315 0 1788909817 794774 3062103
4 10 3433807 0 1788909818 114029 3203907
5 10 3399034 0 1788909818 114222 3283779
7 5 3458378 0 1788909818 114360 3127579
4 11 3664714 0 1788909818 412602 3469263
5 11 3609675 0 1788909818 412857 3501586
6 7 3686866 0 1788909818 413037 3387622
4 12 3766988 0 1788909818 672175 3605464
5 12 3760441 0 1788909818 672531 3674840
7 6 3861891 0 1788909818 672708 3601558
4 13 3990817 0 1788909818 953037 3812797
5 13 3989136 0 1788909818 953189 3891618
6 8 4035642 0 1788909818 960470 3747063
4 14 4286087 0 1788909819 257709 4087023
5 14 4283381 0 1788909819 260956 4197190
7 7 4292440 0 1788909819 261164 3984013
4 15 4646897 0 1788909819 633159 4438646
5 15 4625837 0 1788909819 633353 4527599
6 9 4656157 0 1788909819 636311 4277323
4 16 4900325 0 1788909819 974451 4717426
5 16 4878317 0 1788909819 974604 4781765
7 8 4927619 0 1788909819 974793 4585767
4 17 5111948 0 1788909820 238041 4960587
5 17 5075108 0 1788909820 238372 4997485
6 10 5130495 0 1788909820 238568 4866128
4 18 5349389 0 1788909820 571741 5183984
5 18 5325234 0 1788909820 571886 5249045
7 9 5404443 0 1788909820 572048 5062253
4 19 5538041 0 1788909820 835459 5371211
5 19 5532586 0 1788909820 835601 5448066
6 11 5541755 0 1788909820 837086 5276170
4 20 6010946 0 1788909821 367426 5665899
5 20 5995463 0 1788909821 367645 5809492
7 10 6053289 0 1788909821 378598 5509888
4 21 6414410 0 1788909821 832202 6084752
5 21 6398181 0 1788909821 832418 6270291
6 12 6444146 0 1788909821 846802 5963655
4 22 6861183 0 1788909822 316865 6554252
5 22 6853085 0 1788909822 317158 6713338
7 11 6870584 0 1788909822 317339 6385047
4 23 7324285 0 1788909822 844301 6939824
5 23 7318185 0 1788909822 845139 7104507
6 13 7330170 0 1788909822 845623 6801249
4 24 7755797 0 1788909823 340814 7522298
5 24 7744974 0 1788909823 340968 7640000
7 12 7805099 0 1788909823 344940 7302607
5 25 7981141 0 1788909823 592677 7977867
4 25 8194854 0 1788909823 804749 7855292
6 14 8207390 0 1788909823 805016 7742937
7 13 8161031 0 1788909823 805179 8034858
4 26 8422154 0 1788909824 95940 8239713
5 26 8423325 0 1788909824 96167 8131662
6 15 8374071 0 1788909824 96453 8272909
7 14 8491416 0 1788909824 235477 8351649
4 27 8492616 0 1788909824 239066 8488740
