4 1 228533 0 1788909529 329280 55420
5 1 219897 0 1788909529 331103 105838
6 1 220533 0 1788909529 332285 153367
4 2 402332 0 1788909529 536709 265751
5 2 398504 0 1788909529 536945 333357
7 1 424078 0 1788909529 537077 215543
4 3 497820 0 1788909529 668904 418390
5 3 494177 0 1788909529 669155 455856
6 2 503343 0 1788909529 669337 370426
4 4 658427 0 1788909529 846363 535383
5 4 652949 0 1788909529 846514 597408
7 2 669278 0 1788909529 846680 491246
4 5 847946 0 1788909530 53674 709012
5 5 829138 0 1788909530 53872 751273
6 3 862640 0 1788909530 64893 643840
4 6 1009519 0 1788909530 261184 870155
5 6 989762 0 1788909530 261429 926564
7 3 1011970 0 1788909530 261603 803677
4 7 1177928 0 1788909530 491280 1035372
5 7 1157967 0 1788909530 491583 1087716
6 4 1193411 0 1788909530 491760 962688
4 8 1346946 0 1788909530 709195 1209588
5 8 1282036 0 1788909530 709390 1208570
7 4 1348715 0 1788909530 709513 1130240
4 9 1479827 0 1788909530 918012 1367253
5 9 1476634 0 1788909530 919068 1422977
6 5 1483180 0 1788909530 919247 1272728
4 10 1663419 0 1788909531 140775 1502995
5 10 1639561 0 1788909531 141158 1548444
7 5 1675617 0 1788909531 141451 1451918
4 11 1846295 0 1788909531 393841 1711683
5 11 1824815 0 1788909531 394078 1752749
6 6 1857757 0 1788909531 394320 1603481
4 12 1995379 0 1788909531 627571 1834980
5 12 1901373 0 1788909531 627935 1825801
7 6 2003563 0 1788909531 628121 1768994
4 13 2061549 0 1788909531 807751 1947903
5 13 2024364 0 1788909531 807960 1973857
6 7 2074610 0 1788909531 808163 1893897
4 14 2164046 0 1788909531 954148 2069152
5 14 2172868 0 1788909531 965864 2112360
7 7 2180775 0 1788909531 966203 2021389
4 15 2303828 0 1788909532 105357 2211159
5 15 2297902 0 1788909532 105540 2255842
6 8 2306782 0 1788909532 105731 2154913
4 16 2361701 0 1788909532 230249 2282088
5 16 2334959 0 1788909532 230460 2296481
7 8 2401698 0 1788909532 230589 2276186
4 17 2426551 0 1788909532 356000 2338520
5 17 2410377 0 1788909532 357846 2359455
6 9 2440643 0 1788909532 358305 2312339
4 18 2638470 0 1788909532 627450 2442741
5 18 2587644 0 1788909532 631370 2463231
7 9 2646855 0 1788909532 631494 2370815
4 19 2700889 0 1788909532 817595 2583517
5 19 2698946 0 1788909532 817738 2645678
6 10 2749839 0 1788909532 817866 2559156
4 20 2830589 0 1788909532 977272 2727783
5 20 2799694 0 1788909532 977548 2751401
7 10 2853572 0 1788909532 977962 2693007
4 21 2936224 0 1788909533 160254 2832267
5 21 2926252 0 1788909533 165420 2875319
6 11 2972803 0 1788909533 166360 2783393
4 22 3126239 0 1788909533 394369 2952771
5 22 3117540 0 1788909533 394597 3051304
7 11 3144131 0 1788909533 399743 2904386
4 23 3318668 0 1788909533 655496 3136675
5 23 3314247 0 1788909533 655638 3230884
6 12 3380706 0 1788909533 666155 3108623
4 24 3576302 0 1788909533 937518 3383596
5 24 3531752 0 1788909533 938145 3434635
7 12 3601953 0 1788909533 950283 3306973
4 25 3824623 0 1788909534 243624 3674234
5 25 3812486 0 1788909534 243757 3734184
6 13 3826479 0 1788909534 243849 3519333
4 26 3945975 0 1788909534 411498 3852905
5 26 3917539 0 1788909534 411755 3875312
7 13 3979867 0 1788909534 412778 3810510
4 27 4008028 0 1788909534 551785 3923364
5 27 3986583 0 1788909534 552019 3948923
6 14 4057028 0 1788909534 552188 3916096
4 28 4124055 0 1788909534 699406 4018297
5 28 4108522 0 1788909534 699788 4048554
7 14 4133680 0 1788909534 701505 3983710
4 29 4245594 0 1788909534 905262 4119714
5 29 4235324 0 1788909534 905567 4170156
6 15 4251136 0 1788909534 906110 4043808
4 30 4415676 0 1788909535 93548 4297624
5 30 4392139 0 1788909535 93719 4324065
7 15 4416668 0 1788909535 93841 4227888
4 31 4499646 0 1788909535 229206 4409596
5 31 4493938 0 1788909535 229384 4452238
6 16 4509128 0 1788909535 229544 4372772
4 32 4590815 0 1788909535 356147 4511511
5 32 4573692 0 1788909535 356366 4534397
7 16 4621019 0 1788909535 356534 4493445
4 33 4714519 0 1788909535 519325 4618913
5 33 4704195 0 1788909535 519855 4657329
6 17 4715869 0 1788909535 520632 4551127
4 34 4819648 0 1788909535 651301 4731485
5 34 4809959 0 1788909535 652267 4764039
7 17 4831337 0 1788909535 652779 4697637
4 35 4879010 0 1788909535 792989 4794643
5 35 4879554 0 1788909535 793681 4832074
6 18 4891333 0 1788909535 794555 4747824
4 36 4984174 0 1788909535 933843 4895228
5 36 4961632 0 1788909535 934071 4919560
7 18 5003706 0 1788909535 934192 4859990
4 37 5092504 0 1788909536 75778 5000581
5 37 5081746 0 1788909536 76191 5039624
6 19 5099029 0 1788909536 76379 4956216
4 38 5205908 0 1788909536 231436 5120399
5 38 5200116 0 1788909536 232145 5156686
7 19 5231179 0 1788909536 232332 5074422
4 39 5331238 0 1788909536 372321 5237049
5 39 5311364 0 1788909536 373427 5264916
6 20 5340421 0 1788909536 373652 5196701
4 40 5413144 0 1788909536 515132 5331208
5 40 5403611 0 1788909536 515306 5360062
7 20 5418617 0 1788909536 515554 5275144
4 41 5551138 0 1788909536 684392 5443084
5 41 5519953 0 1788909536 685301 5463006
6 21 5567325 0 1788909536 685685 5396048
4 42 5637881 0 1788909536 842123 5538853
5 42 5634109 0 1788909536 842348 5583139
7 21 5667779 0 1788909536 842513 5509058
4 43 5733784 0 1788909536 974391 5646572
5 43 5729294 0 1788909536 975853 5683305
6 22 5737437 0 1788909536 975988 5603215
4 44 5851867 0 1788909537 119930 5749404
5 44 5830510 0 1788909537 121105 5779920
7 22 5858015 0 1788909537 121356 5710742
4 45 5896906 0 1788909537 247482 5815846
5 45 5890485 0 1788909537 251342 5844473
6 23 5910203 0 1788909537 251602 5778175
4 46 5979916 0 1788909537 404100 5869619
5 46 5938005 0 1788909537 404293 5885775
7 23 6030078 0 1788909537 404557 5871946
4 47 5995981 0 1788909537 543748 5908490
5 47 5969839 0 1788909537 543955 5928084
6 24 6011972 0 1788909537 545103 5870731
4 48 6089330 0 1788909537 725222 5970415
5 48 6079663 0 1788909537 725458 6017224
7 24 6097668 0 1788909537 725916 5915270
4 49 6225798 0 1788909537 923040 6068233
5 49 6221938 0 1788909537 923322 6154355
6 25 6249483 0 1788909537 923473 6050985
4 50 6357463 0 1788909538 130362 6205468
5 50 6316033 0 1788909538 130601 6264516
7 25 6404535 0 1788909538 130949 6196312
4 51 6451134 0 1788909538 313408 6312931
5 51 6450846 0 1788909538 313845 6393469
6 26 6483343 0 1788909538 315419 6298002
4 52 6605788 0 1788909538 473118 6501707
5 52 6576978 0 1788909538 473275 6531704
7 26 6606251 0 1788909538 473372 6445485
4 53 6706923 0 1788909538 624799 6613635
5 53 6655481 0 1788909538 624942 6602329
6 27 6711825 0 1788909538 625821 6558996
4 54 6772735 0 1788909538 807507 6643055
5 54 6760587 0 1788909538 807618 6695403
7 27 6838007 0 1788909538 807731 6654858
4 55 6961534 0 1788909539 43052 6811203
5 55 6953623 0 1788909539 43308 6881911
6 28 6979334 0 1788909539 43443 6743204
7 28 6953875 0 1788909539 52362 6944323
