4 1 327248 0 1788909889 668304 87519
5 1 321566 0 1788909889 673082 164368
6 1 321198 0 1788909889 673259 235020
4 2 599984 0 1788909889 974671 389971
5 2 620002 0 1788909889 998752 475264
7 1 645957 0 1788909889 999265 314694
4 3 1020061 0 1788909890 431455 827320
5 3 1016774 0 1788909890 432060 916062
6 2 1040361 0 1788909890 446665 566825
4 4 1402972 0 1788909890 831216 1173268
5 4 1397561 0 1788909890 831434 1299229
7 2 1413916 0 1788909890 831628 1012935
4 5 1686588 0 1788909891 132626 1482443
5 5 1667729 0 1788909891 132771 1592296
6 3 1714093 0 1788909891 156652 1388391
4 6 1969976 0 1788909891 461950 1763674
5 6 1950186 0 1788909891 462162 1852315
7 3 1972639 0 1788909891 462581 1642519
4 7 2243389 0 1788909891 797050 2014944
5 7 2223327 0 1788909891 797252 2117431
6 4 2258776 0 1788909891 797435 1923008
4 8 2503176 0 1788909892 105735 2305006
5 8 2438290 0 1788909892 105954 2329745
7 4 2504997 0 1788909892 106104 2195687
4 9 2834624 0 1788909892 513118 2609619
5 9 2830512 0 1788909892 513255 2708868
6 5 2837010 0 1788909892 513386 2429133
4 10 3031873 0 1788909892 749538 2885082
5 10 3008248 0 1788909892 750154 2925437
7 5 3054553 0 1788909892 760697 2806728
4 11 3288140 0 1788909893 75995 3082102
5 11 3267053 0 1788909893 76624 3147214
6 6 3301916 0 1788909893 78788 2972316
4 12 3597145 0 1788909893 469645 3355447
5 12 3502962 0 1788909893 469833 3389043
7 6 3605080 0 1788909893 469946 3199993
4 13 3911447 0 1788909893 897958 3669296
5 13 3874430 0 1788909893 898334 3744519
6 7 3924814 0 1788909893 898588 3495716
4 14 4202305 0 1788909894 232712 3998168
5 14 4199594 0 1788909894 232899 4097935
7 7 4207635 0 1788909894 233372 3829098
4 15 4485190 0 1788909894 527027 4322520
5 15 4479373 0 1788909894 527319 4416498
6 8 4488320 0 1788909894 527578 4193103
4 16 4713085 0 1788909894 821942 4520320
5 16 4686366 0 1788909894 822176 4577086
7 8 4753351 0 1788909894 822551 4457128
4 17 4992422 0 1788909895 162180 4770267
5 17 4974550 0 1788909895 162327 4851800
6 9 5004593 0 1788909895 162565 4663695
4 18 5184601 0 1788909895 413890 5024147
5 18 5134059 0 1788909895 418095 5057760
7 9 5193343 0 1788909895 418291 4936925
4 19 5362482 0 1788909895 719497 5189967
5 19 5360654 0 1788909895 719755 5274497
6 10 5411575 0 1788909895 719912 5105347
4 20 5590091 0 1788909895 977083 5421822
5 20 5559168 0 1788909895 977332 5464359
7 10 5612991 0 1788909895 977690 5354564
4 21 5855035 0 1788909896 319375 5605369
5 21 5840131 0 1788909896 319607 5707077
6 11 5885889 0 1788909896 319756 5542930
4 22 6168774 0 1788909896 677213 5961665
5 22 6167944 0 1788909896 685310 6060512
7 11 6189523 0 1788909896 685444 5822971
4 23 6528883 0 1788909897 106021 6292172
5 23 6524509 0 1788909897 106209 6398049
6 12 6580660 0 1788909897 106417 6151131
4 24 6989500 0 1788909897 591024 6645634
5 24 6944466 0 1788909897 591167 6730853
7 12 7002644 0 1788909897 591282 6507539
4 25 7446784 0 1788909898 106095 7149777
5 25 7434930 0 1788909898 106509 7310071
6 13 7449305 0 1788909898 106983 6933040
4 26 7794505 0 1788909898 500338 7561837
5 26 7765997 0 1788909898 500523 7662915
7 13 7835478 0 1788909898 508698 7432116
4 27 8075394 0 1788909898 859460 7825462
5 27 8055432 0 1788909898 861177 7902448
6 14 8125866 0 1788909898 861336 7764628
4 28 8547217 0 1788909899 362877 8346965
7 14 8556808 0 1788909899 364941 8043313
5 28 8583854 0 1788909899 415430 8519800
