0 1 53862 0 1788909942 704607 49584
1 1 261347 0 1788909942 928621 78655
2 1 260912 0 1788909942 928876 132218
3 1 244422 0 1788909942 929055 185877
0 2 430586 0 1788909943 118363 240586
1 2 402645 0 1788909943 118561 267046
2 2 389414 0 1788909943 118769 330824
0 3 444890 0 1788909943 237827 367132
1 3 431817 0 1788909943 238029 390900
3 2 465321 0 1788909943 238202 345253
0 4 599367 0 1788909943 418812 470301
1 4 595240 0 1788909943 422471 514026
2 3 612022 0 1788909943 423023 426595
0 5 762778 0 1788909943 611930 640082
1 5 759683 0 1788909943 615349 678189
3 3 772684 0 1788909943 615472 575891
0 6 847239 0 1788909943 762142 759137
1 6 830381 0 1788909943 762268 790164
2 4 872062 0 1788909943 763095 720758
0 7 923102 0 1788909943 965261 771743
1 7 898832 0 1788909943 966094 798430
3 4 931866 0 1788909943 966873 726941
0 8 949416 0 1788909944 61959 945997
1 8 1223975 0 1788909944 352792 1018154
2 5 1284566 0 1788909944 353290 894373
3 5 1223476 0 1788909944 353574 1091487
3 6 1354028 0 1788909944 573770 1350019
0 9 1538883 0 1788909944 680530 1210856
1 9 1515340 0 1788909944 681291 1278210
2 6 1484358 0 1788909944 681588 1304868
2 7 1661282 0 1788909944 929654 1657797
0 10 1734869 0 1788909944 995381 1502948
1 10 1730279 0 1788909944 995576 1601350
3 7 1739206 0 1788909944 995689 1418516
0 11 1910597 0 1788909945 243503 1775115
1 11 1837873 0 1788909945 243645 1784066
2 8 1960357 0 1788909945 243814 1711669
0 12 1928239 0 1788909945 396323 1839519
1 12 1913754 0 1788909945 396512 1867471
3 8 1961914 0 1788909945 396673 1808372
0 13 2039107 0 1788909945 539243 1944774
1 13 1978318 0 1788909945 539442 1931204
2 9 2040150 0 1788909945 539627 1896588
0 14 2070695 0 1788909945 676629 1984156
1 14 2045687 0 1788909945 676908 2006293
3 9 2072092 0 1788909945 677127 1933977
0 15 2148889 0 1788909945 810806 2061705
1 15 2149017 0 1788909945 814839 2098173
2 10 2161593 0 1788909945 815024 2022938
0 16 2217612 0 1788909945 920424 2149953
1 16 2194831 0 1788909945 920665 2161836
3 10 2228988 0 1788909945 921008 2118403
0 17 2190360 0 1788909946 40194 2105155
1 17 2189869 0 1788909946 41272 2145073
2 11 2285687 0 1788909946 41407 2164265
0 18 2308906 0 1788909946 203014 2210396
1 18 2305992 0 1788909946 203207 2256089
3 11 2315926 0 1788909946 203315 2152561
0 19 2410925 0 1788909946 362649 2307594
1 19 2377548 0 1788909946 362865 2320852
2 12 2431399 0 1788909946 363044 2271093
0 20 2501403 0 1788909946 530371 2390585
1 20 2480562 0 1788909946 530536 2435033
3 12 2533947 0 1788909946 530778 2365481
0 21 2535753 0 1788909946 660487 2454285
1 21 2532309 0 1788909946 661664 2487053
2 13 2570996 0 1788909946 662542 2438557
0 22 2628393 0 1788909946 789095 2551303
1 22 2614449 0 1788909946 789325 2575051
3 13 2640109 0 1788909946 789437 2510668
0 23 2681077 0 1788909946 922905 2595637
1 23 2645291 0 1788909946 923195 2603121
2 14 2712151 0 1788909946 923413 2577586
0 24 2812772 0 1788909947 118493 2674700
1 24 2797977 0 1788909947 118675 2726601
3 14 2833097 0 1788909947 136698 2619108
0 25 3054811 0 1788909947 393888 2910006
1 25 3014774 0 1788909947 394252 2958299
2 15 3065642 0 1788909947 400634 2783339
0 26 3182892 0 1788909947 604388 3060909
1 26 3155139 0 1788909947 604535 3098819
3 15 3199264 0 1788909947 604655 2984335
0 27 3319383 0 1788909947 793145 3189164
1 27 3319730 0 1788909947 793843 3260821
2 16 3325025 0 1788909947 794631 3134501
0 28 3452935 0 1788909947 936932 3370550
1 28 3373520 0 1788909947 937105 3330346
3 16 3458055 0 1788909947 937227 3313248
0 29 3482285 0 1788909948 85175 3383743
1 29 3479311 0 1788909948 85407 3429337
2 17 3505313 0 1788909948 91924 3350169
0 30 3630123 0 1788909948 271713 3517951
1 30 3626795 0 1788909948 274884 3561824
3 17 3643146 0 1788909948 275085 3452855
0 31 3697303 0 1788909948 448684 3589227
1 31 3696145 0 1788909948 448875 3643744
2 18 3757745 0 1788909948 449043 3580129
0 32 3801855 0 1788909948 592440 3723741
1 32 3796502 0 1788909948 592603 3762582
3 18 3831870 0 1788909948 592730 3687582
0 33 3848153 0 1788909948 710990 3768455
1 33 3840506 0 1788909948 711267 3796981
2 19 3871714 0 1788909948 711387 3752359
0 34 3863942 0 1788909948 820102 3796009
1 34 3858644 0 1788909948 820631 3826271
3 19 3926785 0 1788909948 820870 3816359
0 35 3963778 0 1788909948 951820 3881513
1 35 3935569 0 1788909948 952034 3901064
2 20 3981597 0 1788909948 952156 3848606
0 36 3995163 0 1788909949 62416 3920420
1 36 3973141 0 1788909949 62973 3936871
3 20 4019661 0 1788909949 63151 3908182
0 37 4091630 0 1788909949 192434 4008254
1 37 4086195 0 1788909949 192928 4040424
2 21 4100051 0 1788909949 193147 3968995
0 38 4171314 0 1788909949 307861 4091055
1 38 4155375 0 1788909949 308096 4113108
3 21 4174851 0 1788909949 308305 4058689
0 39 4229309 0 1788909949 468541 4119649
1 39 4217464 0 1788909949 474373 4140985
2 22 4255191 0 1788909949 474658 4088105
0 40 4342541 0 1788909949 647400 4227654
1 40 4338169 0 1788909949 647602 4286819
3 22 4343283 0 1788909949 647791 4163709
0 41 4457321 0 1788909949 822156 4347019
1 41 4415377 0 1788909949 822358 4363579
2 23 4478512 0 1788909949 822537 4303113
0 42 4504644 0 1788909949 986773 4392227
1 42 4507298 0 1788909949 990611 4442847
3 23 4517139 0 1788909949 990872 4348197
0 43 4608546 0 1788909950 131068 4535224
1 43 4601488 0 1788909950 131395 4560915
2 24 4631435 0 1788909950 131518 4485890
0 44 4707462 0 1788909950 276211 4603854
1 44 4707260 0 1788909950 276348 4644083
3 24 4708807 0 1788909950 276504 4562462
0 45 4876635 0 1788909950 460356 4759932
1 45 4814490 0 1788909950 461118 4752020
2 25 4888690 0 1788909950 461340 4702751
0 46 4983035 0 1788909950 648718 4861424
1 46 4938003 0 1788909950 650426 4867477
3 25 5001326 0 1788909950 657003 4801073
0 47 5107207 0 1788909950 862745 4978997
1 47 5102756 0 1788909950 862974 5050744
2 26 5123656 0 1788909950 863123 4907881
0 48 5215223 0 1788909951 74760 5086094
1 48 5210089 0 1788909951 74975 5137906
3 26 5229741 0 1788909951 87606 5003629
0 49 5390436 0 1788909951 333882 5233462
1 49 5378373 0 1788909951 334252 5299188
2 27 5455272 0 1788909951 335136 5194557
1 50 5446040 0 1788909951 484860 5437100
1 51 5506777 0 1788909951 578551 5503384
0 50 5650761 0 1788909951 643049 5423267
2 28 5585301 0 1788909951 643607 5467968
3 27 5658144 0 1788909951 644200 5341929
0 51 5676134 0 1788909951 749105 5659148
2 29 5704759 0 1788909951 820073 5699196
0 52 5915254 0 1788909952 35678 5841237
1 52 5963614 0 1788909952 35838 5570162
3 28 5917852 0 1788909952 35981 5768290
1 53 5993674 0 1788909952 168007 5990197
0 53 6181134 0 1788909952 330811 5933785
2 30 6196032 0 1788909952 331000 5900449
3 29 6151552 0 1788909952 331199 6046228
0 54 6376573 0 1788909952 608373 6196114
1 54 6406949 0 1788909952 609455 6127921
2 31 6360461 0 1788909952 610019 6264254
3 30 6367347 0 1788909952 620710 6353672
