0 1 219605 0 1788909539 629483 59612
1 1 206114 0 1788909539 632524 107074
2 1 205658 0 1788909539 632757 159326
0 2 397003 0 1788909539 843915 277495
1 2 369429 0 1788909539 844480 320107
3 1 400833 0 1788909539 844602 182679
0 3 553259 0 1788909540 85276 377699
1 3 533354 0 1788909540 85426 419436
2 2 597156 0 1788909540 85646 355238
0 4 763973 0 1788909540 334110 591539
1 4 755738 0 1788909540 334317 648456
3 2 769166 0 1788909540 334513 519745
0 5 943362 0 1788909540 545284 802297
1 5 937252 0 1788909540 545539 848153
2 3 973803 0 1788909540 560169 747436
0 6 1091135 0 1788909540 741303 981714
1 6 1067489 0 1788909540 741526 1015962
3 3 1126927 0 1788909540 741728 930150
0 7 1154846 0 1788909540 948987 1012542
1 7 1153653 0 1788909540 954947 1065811
2 4 1264068 0 1788909540 955090 1049895
0 8 1360939 0 1788909541 188799 1199601
1 8 1317456 0 1788909541 189135 1226605
3 4 1366267 0 1788909541 192664 1121880
0 9 1563302 0 1788909541 452535 1408833
1 9 1562836 0 1788909541 463619 1480208
2 5 1575938 0 1788909541 463890 1300533
0 10 1771839 0 1788909541 728203 1603508
1 10 1749488 0 1788909541 728364 1674943
3 5 1807915 0 1788909541 732967 1527006
0 11 1945925 0 1788909541 965571 1808028
1 11 1941433 0 1788909541 965865 1869155
2 6 1957870 0 1788909541 973489 1712325
0 12 2151653 0 1788909542 194245 2056726
1 12 2107709 0 1788909542 199750 2058994
3 6 2172701 0 1788909542 200207 1937076
0 13 2164519 0 1788909542 358413 2074907
1 13 2131677 0 1788909542 358896 2087694
2 7 2194192 0 1788909542 359099 2029201
0 14 2309153 0 1788909542 567765 2151594
1 14 2316863 0 1788909542 576134 2226243
3 7 2334457 0 1788909542 576350 2116162
0 15 2475099 0 1788909542 839270 2309804
1 15 2474406 0 1788909542 839476 2389021
2 8 2519336 0 1788909542 839595 2247214
0 16 2899681 0 1788909543 312248 2611412
1 16 2894616 0 1788909543 315668 2761195
3 8 2925924 0 1788909543 316280 2448688
0 17 3061985 0 1788909543 513139 2949809
1 17 3054207 0 1788909543 516154 2988109
2 9 3108262 0 1788909543 533220 2884013
0 18 3193023 0 1788909543 707878 3078040
1 18 3100855 0 1788909543 709825 3052083
3 9 3225361 0 1788909543 710330 3027468
0 19 3202714 0 1788909543 849237 3110440
1 19 3196532 0 1788909543 849775 3144321
2 10 3239755 0 1788909543 850294 3097078
0 20 3223684 0 1788909543 914464 3211991
1 20 3437652 0 1788909544 148510 3245892
2 11 3404272 0 1788909544 148725 3291362
3 10 3492599 0 1788909544 148949 3192292
0 21 3628566 0 1788909544 384532 3392288
1 21 3597546 0 1788909544 385648 3443349
2 12 3578019 0 1788909544 387129 3477621
0 22 3613468 0 1788909544 497337 3601043
1 22 3849391 0 1788909544 737882 3684923
2 13 3829720 0 1788909544 738184 3744630
3 11 3888499 0 1788909544 739180 3532979
0 23 3982328 0 1788909544 902164 3817753
1 23 3968353 0 1788909544 902363 3882241
2 14 3932067 0 1788909544 902464 3886254
0 24 4030225 0 1788909545 67265 3911540
1 24 4004688 0 1788909545 67424 3937112
3 12 4066631 0 1788909545 67593 3900943
0 25 4197450 0 1788909545 277283 4072952
1 25 4183332 0 1788909545 277460 4118933
2 15 4212823 0 1788909545 277680 4002060
0 26 4388642 0 1788909545 527256 4247028
1 26 4362928 0 1788909545 527454 4280601
3 13 4429370 0 1788909545 527581 4178929
0 27 4525845 0 1788909545 734375 4386461
1 27 4505784 0 1788909545 734524 4429419
2 16 4554064 0 1788909545 734695 4346182
0 28 4656828 0 1788909545 890075 4555959
1 28 4655485 0 1788909545 893793 4595249
3 14 4661147 0 1788909545 894045 4501188
0 29 4856542 0 1788909546 179263 4719264
1 29 4834209 0 1788909546 179955 4773945
2 17 4936999 0 1788909546 180131 4646386
0 30 5033188 0 1788909546 398420 4882950
1 30 5015432 0 1788909546 406506 4922979
3 15 5044704 0 1788909546 406729 4816944
0 31 5178991 0 1788909546 586249 5054316
1 31 5136031 0 1788909546 586464 5081193
2 18 5185953 0 1788909546 586679 4992338
0 32 5265532 0 1788909546 777397 5150676
1 32 5267984 0 1788909546 787978 5204714
3 16 5277599 0 1788909546 788116 5075494
0 33 5437225 0 1788909546 992461 5325149
1 33 5393802 0 1788909546 992610 5337671
2 19 5442994 0 1788909546 992714 5227559
0 34 5822517 0 1788909547 452413 5465637
1 34 5802329 0 1788909547 455549 5597824
3 17 5833887 0 1788909547 455859 5370376
0 35 5980162 0 1788909547 701284 5831713
1 35 5971846 0 1788909547 701540 5892684
2 20 5986421 0 1788909547 701715 5736872
0 36 6128525 0 1788909547 904126 6001642
1 36 6104020 0 1788909547 906646 6046123
3 18 6159854 0 1788909547 907031 5953813
0 37 6198677 0 1788909548 47644 6110327
1 37 6195844 0 1788909548 48076 6154789
2 21 6222017 0 1788909548 48405 6077029
0 38 6326174 0 1788909548 192043 6234222
1 38 6299634 0 1788909548 192223 6247754
3 19 6335384 0 1788909548 195323 6186173
0 39 6451811 0 1788909548 363667 6339676
1 39 6386641 0 1788909548 365244 6336182
2 22 6469738 0 1788909548 365420 6296103
0 40 6640985 0 1788909548 657029 6420411
1 40 6593798 0 1788909548 657441 6460833
3 20 6659297 0 1788909548 657664 6365045
0 41 7000584 0 1788909549 69153 6809457
1 41 6966224 0 1788909549 69383 6879168
2 23 7005509 0 1788909549 69503 6592363
0 42 7317080 0 1788909549 483196 7000269
1 42 7250564 0 1788909549 483432 7046106
3 21 7375732 0 1788909549 499702 6944980
2 24 7258628 0 1788909549 499893 7241445
