0 1 429773 0 1788910007 526743 99229
1 1 421818 0 1788910007 535318 205934
2 1 421330 0 1788910007 535520 339523
0 2 619217 0 1788910007 753220 470149
1 2 591318 0 1788910007 753460 535202
3 1 622984 0 1788910007 753843 395654
0 3 886953 0 1788910008 106061 634731
1 3 867218 0 1788910008 106380 769588
2 2 930953 0 1788910008 106534 576546
0 4 1038401 0 1788910008 295628 914340
1 4 1030104 0 1788910008 295774 984278
3 2 1043509 0 1788910008 295947 853365
0 5 1107537 0 1788910008 396551 1047839
1 5 1101466 0 1788910008 396844 1072717
2 3 1128458 0 1788910008 401915 1021916
0 6 1154951 0 1788910008 492209 1094721
1 6 1131274 0 1788910008 492402 1101384
3 3 1190625 0 1788910008 492518 1094408
0 7 1109407 0 1788910008 590639 1042331
1 7 1102569 0 1788910008 590953 1070750
2 4 1212998 0 1788910008 591111 1113841
0 8 1177612 0 1788910008 692563 1108863
1 8 1134032 0 1788910008 692802 1096465
3 4 1179858 0 1788910008 693347 1076942
0 9 1249588 0 1788910008 825913 1165737
1 9 1238370 0 1788910008 826243 1190186
2 5 1251329 0 1788910008 826372 1117241
0 10 1289313 0 1788910008 932768 1216832
1 10 1267232 0 1788910008 933199 1229825
3 5 1321269 0 1788910008 933411 1213500
0 11 1347168 0 1788910009 53905 1269072
1 11 1342614 0 1788910009 54137 1297888
2 6 1357220 0 1788910009 59929 1229828
0 12 1429588 0 1788910009 159272 1363470
1 12 1380351 0 1788910009 159484 1349406
3 6 1445660 0 1788910009 160258 1339087
0 13 1397775 0 1788910009 278760 1309768
1 13 1364862 0 1788910009 279172 1317438
2 7 1427492 0 1788910009 279490 1306181
0 14 1440744 0 1788910009 386447 1373066
1 14 1440296 0 1788910009 386658 1404950
3 7 1458070 0 1788910009 387054 1349509
0 15 1454612 0 1788910009 505873 1382272
1 15 1453835 0 1788910009 505995 1413725
2 8 1499165 0 1788910009 506515 1378801
0 16 1528082 0 1788910009 627740 1448948
1 16 1520046 0 1788910009 628189 1483785
3 8 1550923 0 1788910009 628370 1428034
0 17 1591428 0 1788910009 729674 1525083
1 17 1580841 0 1788910009 729880 1549561
2 9 1618249 0 1788910009 730297 1515213
0 18 1620609 0 1788910009 822555 1561220
1 18 1527262 0 1788910009 823322 1498116
3 9 1651422 0 1788910009 823481 1557345
0 19 1632202 0 1788910009 965817 1519354
1 19 1626264 0 1788910009 966598 1553956
2 10 1669118 0 1788910009 966747 1524710
0 20 1716671 0 1788910010 94542 1637551
1 20 1697406 0 1788910010 95355 1655163
3 10 1753407 0 1788910010 96848 1621935
0 21 1766391 0 1788910010 209448 1696882
1 21 1734722 0 1788910010 209915 1698199
2 11 1778508 0 1788910010 210051 1661893
0 22 1813174 0 1788910010 350946 1717336
1 22 1783729 0 1788910010 354689 1726297
3 11 1859661 0 1788910010 355861 1713025
3 12 1900609 0 1788910010 521710 1897100
0 23 1998361 0 1788910010 593916 1805854
1 23 1987184 0 1788910010 594111 1845591
2 12 2018802 0 1788910010 594383 1774592
0 24 2183594 0 1788910010 871648 1991256
1 24 2150715 0 1788910010 874846 2014186
3 13 2233858 0 1788910010 891347 1936266
0 25 2546034 0 1788910011 297981 2344363
1 25 2531200 0 1788910011 298124 2473648
2 13 2548472 0 1788910011 298299 2121573
0 26 2652792 0 1788910011 438094 2565799
1 26 2613385 0 1788910011 439090 2568648
3 14 2658194 0 1788910011 439413 2516059
0 27 2718392 0 1788910011 586113 2618794
1 27 2693104 0 1788910011 588726 2645639
2 14 2737535 0 1788910011 589153 2586291
0 28 2808894 0 1788910011 728882 2719886
1 28 2808755 0 1788910011 729093 2764709
3 15 2813823 0 1788910011 729655 2669943
0 29 2946340 0 1788910011 876563 2851060
1 29 2866988 0 1788910011 876799 2819743
2 15 2951513 0 1788910011 876911 2803214
0 30 2947865 0 1788910011 996982 2868253
1 30 2945638 0 1788910011 997961 2899963
3 16 2965244 0 1788910011 998082 2843492
0 31 3079555 0 1788910012 167371 2968868
1 31 3073681 0 1788910012 167995 3026997
2 16 3094248 0 1788910012 172413 2917234
0 32 3115554 0 1788910012 313162 3019079
1 32 3114408 0 1788910012 313364 3055060
3 17 3176013 0 1788910012 313537 3028849
0 33 3207618 0 1788910012 444429 3121669
1 33 3202251 0 1788910012 444578 3154378
2 17 3237602 0 1788910012 444687 3105728
0 34 3271712 0 1788910012 580776 3170064
1 34 3264062 0 1788910012 581049 3206994
3 18 3297462 0 1788910012 583361 3158260
0 35 3294180 0 1788910012 696566 3219692
1 35 3288584 0 1788910012 696797 3246738
2 18 3356620 0 1788910012 696931 3240203
0 36 3355677 0 1788910012 789946 3293425
1 36 3327451 0 1788910012 790142 3292456
3 19 3374118 0 1788910012 790903 3279570
0 37 3428200 0 1788910012 941680 3335993
1 37 3405869 0 1788910012 941926 3372846
2 19 3452331 0 1788910012 942048 3299944
0 38 3549386 0 1788910013 96416 3427088
1 38 3544050 0 1788910013 97009 3474184
3 20 3562748 0 1788910013 102070 3402133
0 39 3625292 0 1788910013 208065 3566082
1 39 3609531 0 1788910013 208478 3580347
2 20 3628987 0 1788910013 208667 3516483
0 40 3630933 0 1788910013 316390 3553846
1 40 3613775 0 1788910013 316910 3569213
3 21 3652808 0 1788910013 318501 3542136
0 41 3675484 0 1788910013 426569 3604200
1 41 3671164 0 1788910013 426824 3629983
2 21 3676309 0 1788910013 427042 3564745
0 42 3711820 0 1788910013 522882 3655143
1 42 3669913 0 1788910013 523120 3641229
3 22 3733038 0 1788910013 523289 3634983
0 43 3691155 0 1788910013 619511 3627960
1 43 3690104 0 1788910013 619642 3659146
2 22 3699858 0 1788910013 619817 3602721
0 44 3754283 0 1788910013 723032 3689866
1 44 3747501 0 1788910013 723635 3713773
3 23 3777545 0 1788910013 723854 3672930
0 45 3812588 0 1788910013 827563 3751735
1 45 3812441 0 1788910013 827755 3783850
2 23 3813992 0 1788910013 827914 3708489
0 46 3913704 0 1788910013 943651 3840001
1 46 3851668 0 1788910013 944521 3816773
3 24 3926094 0 1788910013 944969 3808471
0 47 3954099 0 1788910014 66007 3878661
1 47 3907567 0 1788910014 66215 3869079
2 24 3964565 0 1788910014 66467 3841235
0 48 3998625 0 1788910014 200388 3914566
1 48 3994153 0 1788910014 200597 3955931
3 25 4015029 0 1788910014 200722 3880025
0 49 4008020 0 1788910014 313782 3930428
1 49 4003797 0 1788910014 314909 3962504
2 25 4011801 0 1788910014 315891 3896014
0 50 4039267 0 1788910014 428939 3965580
1 50 4027043 0 1788910014 429148 3992955
3 26 4103207 0 1788910014 429298 3987282
0 51 4123399 0 1788910014 561912 4029066
1 51 4077781 0 1788910014 562827 4032371
2 26 4130719 0 1788910014 563001 3996326
0 52 4170195 0 1788910014 688195 4088718
1 52 4170311 0 1788910014 688762 4124005
3 27 4184357 0 1788910014 688889 4057122
0 53 4265358 0 1788910014 826899 4175642
1 53 4262794 0 1788910014 827150 4220582
2 27 4309272 0 1788910014 828469 4168724
0 54 4359236 0 1788910014 940431 4282067
1 54 4345334 0 1788910014 941238 4303395
3 28 4375287 0 1788910014 941937 4260012
0 55 4454390 0 1788910015 80263 4353774
1 55 4431747 0 1788910015 80480 4368884
2 28 4460684 0 1788910015 81243 4319559
0 56 4487576 0 1788910015 183361 4422105
1 56 4483985 0 1788910015 183574 4449286
3 29 4505715 0 1788910015 183741 4401862
0 57 4535488 0 1788910015 296372 4464921
1 57 4516553 0 1788910015 296555 4485053
2 29 4578557 0 1788910015 296767 4464947
0 58 4555343 0 1788910015 392475 4492822
1 58 4520622 0 1788910015 392718 4487678
3 30 4567762 0 1788910015 392896 4471038
0 59 4563088 0 1788910015 500880 4493944
1 59 4491353 0 1788910015 501145 4455562
2 30 4621748 0 1788910015 501925 4512028
0 60 4447602 0 1788910015 601458 4384092
1 60 4381664 0 1788910015 601702 4353211
3 31 4532362 0 1788910015 601967 4430973
0 61 4467724 0 1788910015 707091 4391853
1 61 4414163 0 1788910015 707325 4378112
2 31 4485925 0 1788910015 707507 4379636
0 62 4486874 0 1788910015 825478 4403889
1 62 4479449 0 1788910015 825697 4436148
3 32 4497672 0 1788910015 825856 4378654
0 63 4576199 0 1788910015 925623 4512200
1 63 4561758 0 1788910015 926016 4524797
2 32 4579152 0 1788910015 926428 4477911
0 64 4661068 0 1788910016 34148 4586295
1 64 4650887 0 1788910016 34710 4614491
3 33 4670430 0 1788910016 34933 4560819
0 65 4753975 0 1788910016 157877 4672938
1 65 4751119 0 1788910016 158130 4709576
2 33 4773855 0 1788910016 158336 4649408
0 66 4789657 0 1788910016 258738 4723153
1 66 4779987 0 1788910016 258897 4747602
3 34 4823295 0 1788910016 259066 4721844
0 67 4910070 0 1788910016 414819 4800609
1 67 4899001 0 1788910016 415081 4845942
2 34 4916078 0 1788910016 415208 4759365
0 68 5040337 0 1788910016 575612 4929711
1 68 5037984 0 1788910016 576184 4995605
3 35 5048641 0 1788910016 576582 4886651
0 69 5179787 0 1788910016 721673 5076618
1 69 5171906 0 1788910016 721947 5113484
2 35 5182709 0 1788910016 722160 5035672
0 70 5296847 0 1788910016 883650 5190869
1 70 5286304 0 1788910016 883848 5223789
3 36 5313439 0 1788910016 883975 5150978
2 36 5347178 0 1788910016 956964 5273597
0 71 5343598 0 1788910016 961066 5335971
