4 1 204844 0 1788909976 32406 65680
5 1 197319 0 1788909976 35340 89199
6 1 196923 0 1788909976 35490 138496
4 2 428448 0 1788909976 289640 222939
5 2 425117 0 1788909976 290373 291101
7 1 450847 0 1788909976 290661 192297
4 3 653581 0 1788909976 551481 517882
5 3 649841 0 1788909976 551634 586280
6 2 658946 0 1788909976 551756 396235
4 4 871941 0 1788909976 786691 741584
5 4 870336 0 1788909976 790716 817688
7 2 886627 0 1788909976 790845 646736
4 5 1279488 0 1788909977 212032 963158
5 5 1260638 0 1788909977 212186 1127735
6 3 1305309 0 1788909977 234374 857245
4 6 1703884 0 1788909977 682364 1494173
5 6 1684197 0 1788909977 682679 1618444
7 3 1706359 0 1788909977 682807 1235347
4 7 2298636 0 1788909978 338802 1780951
5 7 2278755 0 1788909978 339186 2020318
6 4 2330235 0 1788909978 355399 1651224
4 8 2733661 0 1788909978 822725 2536175
5 8 2668730 0 1788909978 822899 2535330
7 4 2759828 0 1788909978 847440 2250324
4 9 3036146 0 1788909979 201147 2752846
5 9 3062334 0 1788909979 231584 2849110
6 5 3068891 0 1788909979 231773 2659563
4 10 3788842 0 1788909979 993013 3301501
5 10 3766333 0 1788909979 994746 3552039
7 5 3802276 0 1788909979 994925 2999924
4 11 4104013 0 1788909980 378374 3831839
5 11 4082442 0 1788909980 378520 3964137
6 6 4123109 0 1788909980 386488 3729198
5 12 4165420 0 1788909980 618797 4154584
4 12 4451384 0 1788909980 810391 4143373
6 7 4350256 0 1788909980 810536 4262926
7 6 4459264 0 1788909980 810636 4026786
4 13 4494190 0 1788909981 4601 4368924
5 13 4531771 0 1788909981 4788 4335450
6 8 4492721 0 1788909981 4964 4433238
4 14 4845175 0 1788909981 364986 4553395
5 14 4843690 0 1788909981 369455 4666934
7 7 4852716 0 1788909981 369629 4487481
4 15 5038947 0 1788909981 573402 4922805
5 15 5018012 0 1788909981 573719 4960057
6 9 5045545 0 1788909981 573888 4836395
4 16 5122074 0 1788909981 744391 5002034
5 16 5100173 0 1788909981 744651 5042527
7 8 5149465 0 1788909981 744828 4977580
4 17 5237805 0 1788909981 912088 5122191
5 17 5201077 0 1788909981 912531 5131971
6 10 5256393 0 1788909981 912657 5087868
4 18 5350333 0 1788909982 120874 5228896
5 18 5331554 0 1788909982 126397 5268151
7 9 5410859 0 1788909982 126655 5196052
4 19 5450369 0 1788909982 295977 5338880
5 19 5445026 0 1788909982 296231 5387845
6 11 5452840 0 1788909982 296361 5276516
4 20 5687949 0 1788909982 592619 5560073
5 20 5678816 0 1788909982 599189 5605038
7 10 5725835 0 1788909982 599333 5422040
4 21 5824386 0 1788909982 790368 5693490
5 21 5808272 0 1788909982 790699 5736205
6 12 5843697 0 1788909982 794542 5641531
4 22 6015528 0 1788909983 19399 5867418
5 22 6008356 0 1788909983 20620 5933686
7 11 6025932 0 1788909983 20877 5795046
4 23 6281071 0 1788909983 349277 6160991
5 23 6274338 0 1788909983 349482 6223980
6 13 6285991 0 1788909983 349634 5955526
4 24 6385739 0 1788909983 518946 6263861
5 24 6374909 0 1788909983 519093 6318216
7 12 6431176 0 1788909983 519206 6261047
4 25 6615977 0 1788909983 774062 6434078
5 25 6614582 0 1788909983 774309 6519970
6 14 6628816 0 1788909983 774632 6372842
4 26 6770347 0 1788909983 991378 6611280
5 26 6776885 0 1788909983 998860 6695319
7 13 6811016 0 1788909984 3354 6581456
4 27 6983897 0 1788909984 276148 6791274
5 27 6981763 0 1788909984 276402 6844200
6 15 7006043 0 1788909984 276615 6720426
4 28 7153059 0 1788909984 471141 7032774
5 28 7089553 0 1788909984 471341 7034995
7 14 7169346 0 1788909984 471513 6973684
4 29 7300477 0 1788909984 697535 7151991
5 29 7293835 0 1788909984 697822 7212995
6 16 7311476 0 1788909984 697959 7084310
4 30 7446196 0 1788909984 874591 7333791
5 30 7427560 0 1788909984 874791 7381673
7 15 7471218 0 1788909984 875904 7292576
4 31 7615592 0 1788909985 77853 7471006
5 31 7620112 0 1788909985 82442 7528929
6 17 7626334 0 1788909985 82709 7417961
4 32 7773068 0 1788909985 282558 7625206
5 32 7751194 0 1788909985 282772 7683212
7 16 7790787 0 1788909985 282934 7568513
4 33 7936542 0 1788909985 479017 7804636
5 33 7934682 0 1788909985 482939 7862220
6 18 7951440 0 1788909985 483062 7750646
4 34 8113323 0 1788909985 682446 7971930
5 34 8052560 0 1788909985 682596 7974443
7 17 8125949 0 1788909985 684416 7920271
6 19 8172601 0 1788909985 813395 8041397
4 35 8202118 0 1788909985 843060 8172280
