0 1 216520 0 1788909976 50442 32877
1 1 201551 0 1788909976 52003 83424
2 1 202748 0 1788909976 53891 133002
0 2 522660 0 1788909976 393615 259076
1 2 494668 0 1788909976 393763 387139
3 1 526069 0 1788909976 393880 182369
0 3 711628 0 1788909976 667688 551488
1 3 691793 0 1788909976 667907 610749
2 2 758552 0 1788909976 671085 480538
0 4 1070870 0 1788909977 65050 797053
1 4 1062567 0 1788909977 65189 915743
3 2 1075926 0 1788909977 65316 677829
0 5 1621370 0 1788909977 647335 1338000
1 5 1628256 0 1788909977 660587 1516318
2 3 1655128 0 1788909977 665537 1054239
0 6 1917709 0 1788909977 991919 1674703
1 6 1893986 0 1788909977 992067 1713535
3 3 1953337 0 1788909977 992182 1608089
0 7 2634883 0 1788909978 853068 2161958
1 7 2628316 0 1788909978 853653 2522281
2 4 2739251 0 1788909978 854316 1875798
0 8 2822394 0 1788909979 74296 2656744
1 8 2778840 0 1788909979 74561 2674575
3 4 2824228 0 1788909979 74668 2597718
0 9 3150927 0 1788909979 464203 2879298
1 9 3161080 0 1788909979 485906 2973460
2 5 3174168 0 1788909979 486163 2760996
0 10 3861905 0 1788909980 242313 3408316
1 10 3839692 0 1788909980 242611 3583598
3 5 3893656 0 1788909980 242751 3114189
0 11 4159738 0 1788909980 603427 3951299
1 11 4162684 0 1788909980 611159 4044225
2 6 4172891 0 1788909980 612552 3784847
0 12 4453213 0 1788909980 919849 4257314
1 12 4403969 0 1788909980 920054 4316806
3 6 4468616 0 1788909980 920165 4149484
0 13 4500110 0 1788909981 118047 4365559
1 13 4470080 0 1788909981 121342 4385370
2 7 4541749 0 1788909981 130699 4330174
0 14 4776826 0 1788909981 459481 4532847
1 14 4781132 0 1788909981 464446 4709808
3 7 4798653 0 1788909981 464589 4451200
0 15 4814535 0 1788909981 602748 4724222
1 15 4814230 0 1788909981 603343 4765685
2 8 4859903 0 1788909981 604206 4712954
0 16 4932804 0 1788909981 769414 4816772
1 16 4924540 0 1788909981 769635 4865614
3 8 4955491 0 1788909981 769890 4788052
0 17 5121785 0 1788909981 996982 4963339
1 17 5111189 0 1788909981 997179 5018311
2 9 5148377 0 1788909981 997377 4920242
0 18 5208211 0 1788909982 147109 5113046
1 18 5115031 0 1788909982 148043 5065499
3 9 5239204 0 1788909982 148216 5087673
0 19 5238598 0 1788909982 309165 5129795
1 19 5232128 0 1788909982 309415 5177802
2 10 5276074 0 1788909982 310656 5112186
0 20 5395454 0 1788909982 510277 5242915
1 20 5375859 0 1788909982 510760 5308370
3 10 5439997 0 1788909982 520390 5228493
0 21 5586655 0 1788909982 766664 5427732
1 21 5554998 0 1788909982 767143 5463385
2 11 5599740 0 1788909982 768236 5341458
0 22 5953327 0 1788909983 228051 5628551
1 22 5920366 0 1788909983 228277 5670005
3 11 5995781 0 1788909983 228933 5533236
0 23 6067453 0 1788909983 399960 5948283
1 23 6056887 0 1788909983 400766 6014797
2 12 6088389 0 1788909983 400922 5915257
0 24 6250771 0 1788909983 645212 6091612
1 24 6220631 0 1788909983 645637 6137314
3 12 6287730 0 1788909983 645784 6040890
0 25 6407152 0 1788909983 893932 6258776
1 25 6405188 0 1788909983 894087 6338464
2 13 6443304 0 1788909983 904386 6183851
0 26 6598279 0 1788909984 116450 6480060
1 26 6594470 0 1788909984 116725 6535259
3 13 6624168 0 1788909984 128045 6389812
0 27 6834506 0 1788909984 423075 6720366
1 27 6818603 0 1788909984 423276 6763595
2 14 6860794 0 1788909984 423451 6553538
0 28 6969017 0 1788909984 621800 6836794
1 28 6965015 0 1788909984 621956 6899566
3 14 6989604 0 1788909984 622177 6790217
0 29 7137886 0 1788909984 800237 7017277
1 29 7133239 0 1788909984 800414 7072577
2 15 7143348 0 1788909984 800639 6964173
0 30 7208579 0 1788909984 978368 7097957
1 30 7192534 0 1788909984 978603 7138988
3 15 7231967 0 1788909984 978730 7053039
0 31 7337471 0 1788909985 152588 7227822
1 31 7328287 0 1788909985 153056 7273743
2 16 7364085 0 1788909985 153360 7188176
0 32 7439976 0 1788909985 314453 7330831
1 32 7380088 0 1788909985 314648 7326038
3 16 7483827 0 1788909985 315093 7321067
0 33 7548602 0 1788909985 492640 7437051
1 33 7519168 0 1788909985 492931 7472525
2 17 7562671 0 1788909985 498580 7378332
0 34 7717162 0 1788909985 740014 7525844
1 34 7694135 0 1788909985 740150 7593058
3 17 7761047 0 1788909985 740327 7512253
2 18 7773156 0 1788909985 827095 7685963
0 35 7756392 0 1788909985 833656 7749578
