4 1 220678 0 1788909539 624320 61487
5 1 212474 0 1788909539 626576 97623
6 1 212134 0 1788909539 626782 155912
4 2 367224 0 1788909539 804497 255274
5 2 363285 0 1788909539 804623 311128
7 1 388843 0 1788909539 804738 208221
4 3 569277 0 1788909540 43258 429301
5 3 565560 0 1788909540 43433 479047
6 2 574713 0 1788909540 43603 335375
4 4 785647 0 1788909540 276479 643338
5 4 780215 0 1788909540 276675 698274
7 2 796551 0 1788909540 276849 562776
4 5 1046146 0 1788909540 554771 858637
5 5 1027370 0 1788909540 554999 938968
6 3 1058979 0 1788909540 564125 771098
4 6 1203943 0 1788909540 758504 1074496
5 6 1184430 0 1788909540 758993 1122252
7 3 1210868 0 1788909540 763397 1001954
4 7 1384623 0 1788909541 871 1230173
5 7 1364885 0 1788909541 1397 1271440
6 4 1412680 0 1788909541 13926 1156939
4 8 1568611 0 1788909541 233756 1414072
5 8 1503642 0 1788909541 233893 1405805
7 4 1570286 0 1788909541 233979 1336820
4 9 1753724 0 1788909541 494806 1580592
5 9 1749719 0 1788909541 495050 1661483
6 5 1758512 0 1788909541 497476 1493577
4 10 1954151 0 1788909541 734403 1801655
5 10 1930660 0 1788909541 735154 1856515
7 5 1969020 0 1788909541 737751 1724099
4 11 2157853 0 1788909542 8295 1991164
5 11 2139795 0 1788909542 11953 2022168
6 6 2172619 0 1788909542 12078 1894284
4 12 2278247 0 1788909542 213334 2165700
5 12 2184067 0 1788909542 213525 2132216
7 6 2286773 0 1788909542 214226 2079998
4 13 2326963 0 1788909542 376061 2220232
5 13 2289768 0 1788909542 376259 2231549
6 7 2340021 0 1788909542 376382 2176787
4 14 2501524 0 1788909542 594519 2342830
5 14 2506644 0 1788909542 602536 2431201
7 7 2514467 0 1788909542 602791 2287455
4 15 2796328 0 1788909542 900752 2590513
5 15 2790541 0 1788909542 901075 2669905
6 8 2799410 0 1788909542 901256 2491948
4 16 3142668 0 1788909543 314112 2880564
5 16 3115960 0 1788909543 314357 2998122
7 8 3183545 0 1788909543 315333 2768678
4 17 3254451 0 1788909543 486796 3148101
5 17 3237361 0 1788909543 487725 3183151
6 9 3268021 0 1788909543 488579 3092084
4 18 3370654 0 1788909543 662530 3265208
5 18 3318961 0 1788909543 665584 3261413
7 9 3378204 0 1788909543 665740 3198969
4 19 3382457 0 1788909543 802059 3291451
5 19 3380567 0 1788909543 802256 3338692
6 10 3431451 0 1788909543 802374 3291406
4 20 3513154 0 1788909543 962734 3401639
5 20 3482219 0 1788909543 962969 3422061
7 10 3535828 0 1788909543 963114 3374486
4 21 3642469 0 1788909544 169396 3522945
5 21 3627516 0 1788909544 169579 3568547
6 11 3673296 0 1788909544 169750 3464724
4 22 3880375 0 1788909544 451401 3693536
5 22 3872490 0 1788909544 452443 3772734
7 11 3896849 0 1788909544 455358 3610557
4 23 4052588 0 1788909544 692312 3896708
5 23 4048149 0 1788909544 692436 3988043
6 12 4104186 0 1788909544 692530 3862711
4 24 4224158 0 1788909544 888269 4111932
5 24 4179232 0 1788909544 888520 4133470
7 12 4237422 0 1788909544 888647 4040555
4 25 4333247 0 1788909545 55144 4225893
5 25 4323218 0 1788909545 57384 4262042
6 13 4338192 0 1788909545 58458 4167749
4 26 4499867 0 1788909545 268287 4375301
5 26 4471396 0 1788909545 268509 4403011
7 13 4536377 0 1788909545 272185 4315817
4 27 4686306 0 1788909545 532960 4495888
5 27 4664814 0 1788909545 533146 4560184
6 14 4735204 0 1788909545 533260 4469969
4 28 4831571 0 1788909545 709819 4712249
5 28 4815887 0 1788909545 710049 4756583
7 14 4839507 0 1788909545 710227 4661927
4 29 4926017 0 1788909545 888582 4797312
5 29 4915746 0 1788909545 888884 4849299
6 15 4931781 0 1788909545 889651 4751711
4 30 5164022 0 1788909546 144790 5012410
5 30 5140824 0 1788909546 145300 5064955
7 15 5165451 0 1788909546 145519 4907966
4 31 5348723 0 1788909546 381179 5184251
5 31 5346306 0 1788909546 384647 5248993
6 16 5361584 0 1788909546 384897 5120410
4 32 5534837 0 1788909546 603064 5394713
5 32 5518170 0 1788909546 603740 5450691
7 16 5566992 0 1788909546 605404 5339922
4 33 5669255 0 1788909546 776957 5558653
5 33 5668069 0 1788909546 786626 5601854
6 17 5682597 0 1788909546 790256 5494336
4 34 5856601 0 1788909546 991149 5735234
5 34 5846164 0 1788909546 991368 5785104
7 17 5867179 0 1788909546 991517 5652493
4 35 6141598 0 1788909547 358474 5878437
5 35 6141884 0 1788909547 358907 5973473
6 18 6153074 0 1788909547 359192 5782418
4 36 6409588 0 1788909547 662152 6259789
5 36 6387257 0 1788909547 662592 6324821
7 18 6429772 0 1788909547 663154 6124139
4 37 6603907 0 1788909547 890078 6445607
5 37 6593022 0 1788909547 890364 6519587
6 19 6610258 0 1788909547 890503 6381681
4 38 6714838 0 1788909548 43263 6616377
5 38 6708549 0 1788909548 43473 6650154
7 19 6739599 0 1788909548 43648 6585686
4 39 6881889 0 1788909548 225868 6759668
5 39 6862136 0 1788909548 227095 6795585
6 20 6891143 0 1788909548 227271 6705691
4 40 7007340 0 1788909548 412224 6892425
5 40 6997879 0 1788909548 412470 6935533
7 20 7012784 0 1788909548 412618 6825777
4 41 7207855 0 1788909548 644005 7051361
5 41 7176166 0 1788909548 644409 7070185
6 21 7223344 0 1788909548 644599 6990706
4 42 7595111 0 1788909549 102249 7264956
5 42 7591546 0 1788909549 102681 7376230
7 21 7625289 0 1788909549 102919 7166126
4 43 7867509 0 1788909549 411011 7667571
5 43 7874425 0 1788909549 423881 7747671
6 22 7882631 0 1788909549 424078 7560548
7 22 7858209 0 1788909549 424446 7844517
