4 1 195118 0 1788909942 839441 51189
5 1 185517 0 1788909942 840301 78264
6 1 185156 0 1788909942 840486 127917
4 2 300757 0 1788909942 978712 207451
5 2 296978 0 1788909942 978996 248443
7 1 322582 0 1788909942 979158 182595
4 3 427200 0 1788909943 141862 333111
5 3 423521 0 1788909943 142075 370727
6 2 432819 0 1788909943 142391 268830
4 4 534727 0 1788909943 266240 449682
5 4 529256 0 1788909943 266397 484910
7 2 546003 0 1788909943 266983 420469
4 5 703681 0 1788909943 452986 575608
5 5 684835 0 1788909943 453145 633306
6 3 709776 0 1788909943 455603 520165
4 6 814223 0 1788909943 609466 711684
5 6 794414 0 1788909943 609658 739542
7 3 816656 0 1788909943 609866 659494
4 7 895573 0 1788909943 752502 803775
5 7 875453 0 1788909943 752646 836099
6 4 910820 0 1788909943 752746 767266
4 8 1000575 0 1788909943 906401 893214
5 8 935718 0 1788909943 906649 878782
7 4 1002717 0 1788909943 907091 847853
4 9 1171231 0 1788909944 152993 1038030
5 9 1167373 0 1788909944 153384 1095302
6 5 1174058 0 1788909944 153702 926327
4 10 1409247 0 1788909944 430181 1220326
5 10 1385494 0 1788909944 430668 1307050
7 5 1421390 0 1788909944 430801 1143136
4 11 1592768 0 1788909944 683892 1411509
5 11 1572667 0 1788909944 685506 1452436
6 6 1605505 0 1788909944 685645 1349642
4 12 1814934 0 1788909944 990702 1631807
5 12 1720695 0 1788909944 990834 1649336
7 6 1822873 0 1788909944 991008 1515340
4 13 1909245 0 1788909945 199025 1763593
5 13 1872041 0 1788909945 199213 1819805
6 7 1925998 0 1788909945 203041 1697201
4 14 2035884 0 1788909945 369560 1957025
5 14 2036066 0 1788909945 372640 1996038
7 7 2043857 0 1788909945 372862 1869744
4 15 2148892 0 1788909945 493997 2067200
5 15 2142908 0 1788909945 494122 2101919
6 8 2151712 0 1788909945 494238 2026797
4 16 2223624 0 1788909945 635750 2139398
5 16 2196906 0 1788909945 635984 2157554
7 8 2263736 0 1788909945 636204 2121270
4 17 2291044 0 1788909945 764069 2205283
5 17 2273226 0 1788909945 764271 2232612
6 9 2303147 0 1788909945 764386 2174264
4 18 2336313 0 1788909945 868870 2265922
5 18 2281742 0 1788909945 869045 2250715
7 9 2343554 0 1788909945 871770 2235606
4 19 2319418 0 1788909945 979700 2248288
5 19 2317853 0 1788909945 980222 2280771
6 10 2369332 0 1788909945 980936 2257006
4 20 2450428 0 1788909946 140689 2330803
5 20 2419590 0 1788909946 141022 2355179
7 10 2473170 0 1788909946 141137 2311244
4 21 2527512 0 1788909946 295119 2426714
5 21 2513578 0 1788909946 296323 2466861
6 11 2568654 0 1788909946 305789 2401526
4 22 2673620 0 1788909946 485327 2554648
5 22 2664886 0 1788909946 485519 2598839
7 11 2693620 0 1788909946 492810 2495774
4 23 2765934 0 1788909946 646339 2686127
5 23 2761512 0 1788909946 646480 2724340
6 12 2818172 0 1788909946 647197 2656190
4 24 2863583 0 1788909946 768375 2783392
5 24 2818686 0 1788909946 768655 2779908
7 12 2877140 0 1788909946 769046 2754075
4 25 2940939 0 1788909946 903517 2854766
5 25 2929113 0 1788909946 903960 2880261
6 13 2943213 0 1788909946 904159 2804241
4 26 3053894 0 1788909947 62994 2935672
5 26 3025878 0 1788909947 63671 2969180
7 13 3090496 0 1788909947 66984 2926484
4 27 3189476 0 1788909947 276811 3036252
5 27 3168646 0 1788909947 277659 3114195
6 14 3239157 0 1788909947 277894 3024047
4 28 3397406 0 1788909947 516334 3231546
5 28 3381633 0 1788909947 516476 3325671
7 14 3405197 0 1788909947 516599 3162143
4 29 3473853 0 1788909947 677098 3371986
5 29 3463412 0 1788909947 677231 3408904
6 15 3478835 0 1788909947 677385 3317443
4 30 3600958 0 1788909947 822407 3503238
5 30 3582548 0 1788909947 827705 3525138
7 15 3607145 0 1788909947 827895 3455488
4 31 3717289 0 1788909947 990427 3608839
5 31 3711928 0 1788909947 990950 3653174
6 16 3727137 0 1788909947 991130 3558268
4 32 3846688 0 1788909948 155596 3735470
5 32 3829589 0 1788909948 155840 3758808
7 16 3876907 0 1788909948 155999 3711090
4 33 3999588 0 1788909948 347971 3873160
5 33 3989004 0 1788909948 348241 3925042
6 17 4000015 0 1788909948 348355 3806028
4 34 4171270 0 1788909948 546499 4046935
5 34 4161052 0 1788909948 546938 4124478
7 17 4182044 0 1788909948 547062 3982486
4 35 4199106 0 1788909948 656663 4126187
5 35 4199784 0 1788909948 657487 4164562
6 18 4210877 0 1788909948 657675 4099371
4 36 4271578 0 1788909948 764823 4195791
5 36 4248959 0 1788909948 764974 4214896
7 18 4291074 0 1788909948 765137 4182380
4 37 4374540 0 1788909948 901392 4280809
5 37 4363613 0 1788909948 901635 4317473
6 19 4380827 0 1788909948 901754 4243293
4 38 4438451 0 1788909949 7556 4374175
5 38 4432331 0 1788909949 7936 4400271
7 19 4463434 0 1788909949 8163 4356377
4 39 4558555 0 1788909949 143214 4463073
5 39 4538489 0 1788909949 144129 4492209
6 20 4567584 0 1788909949 144393 4430540
4 40 4618801 0 1788909949 264366 4543791
5 40 4609337 0 1788909949 264609 4572441
7 20 4624214 0 1788909949 264728 4502496
4 41 4731904 0 1788909949 408734 4634067
5 41 4700646 0 1788909949 409570 4655053
6 21 4747741 0 1788909949 409678 4602196
4 42 4847556 0 1788909949 595376 4725647
5 42 4844456 0 1788909949 596272 4793737
7 21 4878110 0 1788909949 596421 4690044
4 43 4948492 0 1788909949 732675 4855854
5 43 4951762 0 1788909949 741898 4893178
6 22 4964015 0 1788909949 746143 4811570
4 44 5078668 0 1788909949 890308 4996154
5 44 5057032 0 1788909949 891204 5017005
7 22 5084411 0 1788909949 891329 4925254
4 45 5161666 0 1788909950 55818 5056107
5 45 5151662 0 1788909950 56095 5097846
6 23 5171245 0 1788909950 56221 5004164
4 46 5211148 0 1788909950 178910 5130660
5 46 5169232 0 1788909950 179097 5129482
7 23 5261231 0 1788909950 179286 5137522
4 47 5281958 0 1788909950 373302 5132377
5 47 5255808 0 1788909950 373501 5159849
6 24 5300191 0 1788909950 376899 5101853
4 48 5387844 0 1788909950 567313 5255472
5 48 5383923 0 1788909950 573294 5309978
7 24 5401840 0 1788909950 573664 5201227
4 49 5523582 0 1788909950 764402 5397424
5 49 5519640 0 1788909950 764602 5444126
6 25 5547265 0 1788909950 764833 5349081
4 50 5660867 0 1788909950 977343 5531464
5 50 5619469 0 1788909950 977613 5559479
7 25 5709538 0 1788909950 979529 5494189
4 51 5808525 0 1788909951 214375 5655200
5 51 5813315 0 1788909951 219891 5748454
6 26 5847814 0 1788909951 223467 5601497
4 52 6069746 0 1788909951 480653 5901499
5 52 6040956 0 1788909951 480829 5980748
7 26 6070254 0 1788909951 480951 5802775
4 53 6237544 0 1788909951 698998 6101988
5 53 6186466 0 1788909951 699504 6092846
6 27 6242466 0 1788909951 700039 6022815
4 54 6315573 0 1788909951 893922 6196605
5 54 6303561 0 1788909951 894169 6247533
7 27 6380989 0 1788909951 894289 6184445
4 55 6481878 0 1788909952 106973 6345402
5 55 6474355 0 1788909952 107617 6401687
6 28 6507385 0 1788909952 115072 6285863
4 56 6714417 0 1788909952 357644 6548540
5 56 6714254 0 1788909952 357941 6641795
7 28 6716118 0 1788909952 358182 6464653
4 57 6971409 0 1788909952 692031 6773787
5 57 6964093 0 1788909952 692666 6862283
6 29 7019167 0 1788909952 693061 6683147
7 29 6966994 0 1788909952 696456 6962156
