0 1 263941 0 1788909996 849871 46629
1 1 251910 0 1788909996 854370 86158
2 1 251411 0 1788909996 854561 143213
0 2 446940 0 1788909997 69903 295984
1 2 419027 0 1788909997 70129 328645
3 1 450758 0 1788909997 70577 229821
0 3 534873 0 1788909997 242940 432819
1 3 515102 0 1788909997 243225 454235
2 2 578808 0 1788909997 243350 400116
0 4 726736 0 1788909997 472924 574698
1 4 722004 0 1788909997 476635 626781
3 2 735370 0 1788909997 476768 501273
0 5 910357 0 1788909997 688331 772817
1 5 904273 0 1788909997 688611 838362
2 3 927373 0 1788909997 689790 710308
0 6 1156216 0 1788909997 982434 990944
1 6 1132543 0 1788909997 982632 1032366
3 3 1197625 0 1788909997 988478 897214
0 7 1176283 0 1788909998 146475 1076738
1 7 1169573 0 1788909998 146918 1123116
2 4 1279958 0 1788909998 147031 1115048
0 8 1399308 0 1788909998 403218 1234941
1 8 1355939 0 1788909998 403668 1266231
3 4 1401758 0 1788909998 404206 1143862
0 9 1542983 0 1788909998 608267 1425548
1 9 1531595 0 1788909998 608428 1470285
2 5 1544545 0 1788909998 608548 1334937
2 6 1629611 0 1788909998 821280 1623518
0 10 1734669 0 1788909998 867084 1542502
1 10 1712334 0 1788909998 867261 1605128
3 5 1766274 0 1788909998 867376 1506881
0 11 1846734 0 1788909999 47217 1713271
1 11 1845141 0 1788909999 48699 1777494
2 7 1853119 0 1788909999 48816 1671206
0 12 1942032 0 1788909999 210125 1836956
1 12 1869867 0 1788909999 210825 1821759
3 6 1992475 0 1788909999 211118 1828020
0 13 1964847 0 1788909999 368117 1868459
1 13 1950361 0 1788909999 368305 1897998
2 8 1998925 0 1788909999 368870 1839915
0 14 2064230 0 1788909999 499553 1979740
1 14 2003449 0 1788909999 499760 1965823
3 7 2065275 0 1788909999 499938 1933244
0 15 2113797 0 1788909999 654918 2023165
1 15 2088722 0 1788909999 655129 2041244
2 9 2118399 0 1788909999 658620 1959078
0 16 2288091 0 1788909999 885194 2124645
1 16 2284316 0 1788909999 885324 2188080
3 8 2296820 0 1788909999 885438 2066034
0 17 2553988 0 1788910000 191987 2307306
1 17 2531348 0 1788910000 192367 2380592
2 10 2565386 0 1788910000 192591 2257821
0 18 2625784 0 1788910000 410805 2475220
1 18 2624445 0 1788910000 411034 2551899
3 9 2720245 0 1788910000 411151 2500288
0 19 2784362 0 1788910000 613656 2666063
1 19 2781459 0 1788910000 613860 2719057
2 11 2791368 0 1788910000 613943 2587892
0 20 2840700 0 1788910000 727609 2771606
1 20 2807289 0 1788910000 727792 2772476
3 10 2861086 0 1788910000 727917 2746526
0 21 2874544 0 1788910000 838697 2797709
1 21 2853728 0 1788910000 838888 2810712
2 12 2907047 0 1788910000 839064 2795292
0 22 2888216 0 1788910000 948135 2810669
1 22 2884578 0 1788910000 949119 2840483
3 11 2922718 0 1788910000 949450 2811719
0 23 3000776 0 1788910001 96664 2911828
1 23 2986813 0 1788910001 96875 2941756
2 13 3012499 0 1788910001 97013 2863385
0 24 3048007 0 1788910001 225020 2961731
1 24 3012077 0 1788910001 225167 2963184
3 12 3078877 0 1788910001 225325 2948712
0 25 3133884 0 1788910001 374792 3034937
1 25 3119272 0 1788910001 375156 3076699
2 14 3136531 0 1788910001 375318 2986037
0 26 3202357 0 1788910001 476620 3138033
1 26 3162684 0 1788910001 477348 3131160
3 13 3207323 0 1788910001 477502 3104398
0 27 3222289 0 1788910001 578970 3154434
1 27 3194539 0 1788910001 579121 3157151
2 15 3240251 0 1788910001 580829 3135832
0 28 3273049 0 1788910001 681997 3209598
1 28 3272834 0 1788910001 682133 3238263
3 14 3277898 0 1788910001 682689 3173880
0 29 3370649 0 1788910001 789832 3299704
1 29 3291232 0 1788910001 790003 3251232
2 16 3375817 0 1788910001 790175 3267416
0 30 3377234 0 1788910001 915310 3286976
1 30 3374278 0 1788910001 915560 3341360
3 15 3398531 0 1788910001 920328 3267862
0 31 3475032 0 1788910002 51809 3377242
1 31 3468777 0 1788910002 52051 3409918
2 17 3485106 0 1788910002 52232 3347961
0 32 3585981 0 1788910002 272548 3427207
1 32 3584838 0 1788910002 272755 3527598
3 16 3646484 0 1788910002 272969 3425031
0 33 3716375 0 1788910002 442146 3601530
1 33 3711320 0 1788910002 442608 3654898
2 18 3747001 0 1788910002 443046 3576220
0 34 3768839 0 1788910002 566863 3681567
1 34 3765590 0 1788910002 571537 3711520
3 17 3798955 0 1788910002 573814 3666975
0 35 3793007 0 1788910002 684353 3720885
1 35 3787323 0 1788910002 684496 3752438
2 19 3855325 0 1788910002 684596 3737380
0 36 3804157 0 1788910002 727386 3800228
1 36 3884684 0 1788910002 836336 3814239
2 20 3857859 0 1788910002 836535 3818708
3 18 3930992 0 1788910002 836738 3778434
0 37 3944287 0 1788910002 946726 3833613
1 37 3921987 0 1788910002 947005 3845468
2 21 3918822 0 1788910002 947104 3877829
0 38 4013964 0 1788910003 55884 3941951
1 38 3987449 0 1788910003 56089 3954635
3 19 4021328 0 1788910003 57319 3910395
0 39 4086047 0 1788910003 173955 4010308
1 39 4020504 0 1788910003 175158 3982250
2 22 4104077 0 1788910003 175811 3983927
0 40 4105521 0 1788910003 297616 4025981
1 40 4058077 0 1788910003 297771 4015157
3 20 4123478 0 1788910003 297896 3999272
0 41 4161821 0 1788910003 406441 4093040
1 41 4127914 0 1788910003 407124 4091723
2 23 4167457 0 1788910003 407502 4057302
0 42 4179473 0 1788910003 521640 4104631
1 42 4112955 0 1788910003 521874 4074356
3 21 4222844 0 1788910003 522865 4105909
0 43 4210447 0 1788910003 628945 4139405
1 43 4194129 0 1788910003 629397 4160629
2 24 4212296 0 1788910003 629611 4104059
0 44 4258304 0 1788910003 723397 4192638
1 44 4220831 0 1788910003 723713 4187454
3 22 4266434 0 1788910003 724142 4171000
0 45 4336408 0 1788910003 840682 4263468
1 45 4333526 0 1788910003 841362 4292181
2 25 4337630 0 1788910003 841564 4219203
0 46 4366649 0 1788910003 948462 4295425
1 46 4357783 0 1788910003 948646 4319615
3 23 4429857 0 1788910003 948763 4321306
0 47 4425384 0 1788910004 72993 4334576
1 47 4398538 0 1788910004 73191 4342074
2 26 4472517 0 1788910004 73385 4347336
0 48 4495785 0 1788910004 191190 4420466
1 48 4399180 0 1788910004 192231 4362402
3 24 4502620 0 1788910004 193344 4382002
0 49 4569725 0 1788910004 369799 4432283
1 49 4555563 0 1788910004 370613 4470121
2 27 4577833 0 1788910004 372556 4395786
0 50 4679089 0 1788910004 570154 4543771
1 50 4649071 0 1788910004 570313 4585689
3 25 4691769 0 1788910004 570401 4484130
0 51 4869382 0 1788910004 843387 4700681
1 51 4865404 0 1788910004 858896 4734850
2 28 4931813 0 1788910004 859286 4641952
0 52 5123332 0 1788910005 130743 4948161
1 52 5122728 0 1788910005 130885 5044821
3 26 5124539 0 1788910005 131498 4836178
0 53 5344792 0 1788910005 398108 5197679
1 53 5343257 0 1788910005 398867 5284321
2 29 5348773 0 1788910005 399273 5079843
0 54 5552113 0 1788910005 636976 5400664
1 54 5527589 0 1788910005 637108 5457835
3 27 5567273 0 1788910005 637427 5323325
0 55 5692363 0 1788910005 830055 5572103
1 55 5664685 0 1788910005 831671 5604753
2 30 5716977 0 1788910005 831810 5521916
0 56 5825876 0 1788910006 14426 5719197
1 56 5807404 0 1788910006 14574 5746962
3 28 5830397 0 1788910006 15141 5645042
0 57 5958563 0 1788910006 227525 5834440
1 57 5913581 0 1788910006 227676 5848389
2 31 5980641 0 1788910006 230484 5764378
0 58 6078746 0 1788910006 439802 5935567
1 58 6070996 0 1788910006 440134 5983507
3 29 6114225 0 1788910006 440318 5901223
0 59 6074780 0 1788910006 573532 6010491
2 32 6146966 0 1788910006 573717 6012774
1 59 6046875 0 1788910006 605441 6014659
