4 1 228928 0 1788910017 457593 56646
5 1 223595 0 1788910017 462720 100522
6 1 223251 0 1788910017 462922 163448
4 2 320551 0 1788910017 582847 242679
5 2 316773 0 1788910017 583133 276045
7 1 342331 0 1788910017 583248 216128
4 3 424888 0 1788910017 723891 328713
5 3 421275 0 1788910017 724170 372788
6 2 430437 0 1788910017 724349 288601
4 4 566546 0 1788910017 882399 447559
5 4 561129 0 1788910017 882611 503886
7 2 577531 0 1788910017 882851 418313
4 5 663226 0 1788910017 996873 587378
5 5 644410 0 1788910017 997062 603583
6 3 667771 0 1788910017 997940 551876
4 6 737639 0 1788910018 117223 653935
5 6 717789 0 1788910018 117374 678001
7 3 739997 0 1788910018 117548 618936
4 7 845506 0 1788910018 286775 714760
5 7 826752 0 1788910018 288286 757868
6 4 863097 0 1788910018 289365 690710
4 8 964628 0 1788910018 454796 847332
5 8 899682 0 1788910018 454954 844289
7 4 966355 0 1788910018 455070 796551
4 9 1107190 0 1788910018 673294 958753
5 9 1103338 0 1788910018 673690 1042294
6 5 1109933 0 1788910018 673919 890661
4 10 1230983 0 1788910018 836258 1122908
5 10 1207333 0 1788910018 836848 1153289
7 5 1243265 0 1788910018 837017 1079337
4 11 1287034 0 1788910018 962499 1215874
5 11 1265498 0 1788910018 962679 1229973
6 6 1298593 0 1788910018 963074 1171553
4 12 1316977 0 1788910019 77087 1241330
5 12 1222764 0 1788910019 77245 1181930
7 6 1325154 0 1788910019 77630 1209628
4 13 1372795 0 1788910019 246916 1246315
5 13 1335904 0 1788910019 247417 1277251
6 7 1388130 0 1788910019 249514 1214777
4 14 1628693 0 1788910019 546709 1416537
5 14 1631587 0 1788910019 552501 1513650
7 7 1639673 0 1788910019 553020 1330560
4 15 1871866 0 1788910019 801312 1704317
5 15 1866899 0 1788910019 802454 1771134
6 8 1875733 0 1788910019 802600 1619592
4 16 2143870 0 1788910020 140337 1906129
5 16 2119014 0 1788910020 142434 1991682
7 8 2185847 0 1788910020 142656 1842644
4 17 2281207 0 1788910020 338574 2154271
5 17 2263394 0 1788910020 338781 2205694
6 9 2294012 0 1788910020 339593 2094534
4 18 2506292 0 1788910020 623190 2326116
5 18 2451734 0 1788910020 623378 2358465
7 9 2515186 0 1788910020 627743 2225815
4 19 2599480 0 1788910020 844103 2461829
5 19 2597644 0 1788910020 844354 2548106
6 10 2648570 0 1788910020 844515 2427038
4 20 2730328 0 1788910021 4930 2610227
5 20 2699322 0 1788910021 5095 2643297
7 10 2753161 0 1788910021 5470 2591559
4 21 2873578 0 1788910021 225526 2704925
5 21 2878265 0 1788910021 245350 2769329
6 11 2924892 0 1788910021 246367 2682885
4 22 3050702 0 1788910021 446750 2928605
5 22 3041921 0 1788910021 446895 2979472
7 11 3069332 0 1788910021 452863 2841584
4 23 3180462 0 1788910021 645209 3054749
5 23 3176072 0 1788910021 645381 3112530
6 12 3232164 0 1788910021 645531 3033124
4 24 3290621 0 1788910021 779755 3201361
5 24 3245648 0 1788910021 779959 3203634
7 12 3308956 0 1788910021 785203 3168678
4 25 3364443 0 1788910021 911362 3286324
5 25 3353070 0 1788910021 912258 3311393
6 13 3367503 0 1788910021 912790 3232807
4 26 3428339 0 1788910022 21780 3358429
5 26 3399794 0 1788910022 21928 3362198
7 13 3461263 0 1788910022 22093 3349945
4 27 3475202 0 1788910022 146877 3385113
5 27 3464388 0 1788910022 157742 3401421
6 14 3534915 0 1788910022 157993 3398466
4 28 3592804 0 1788910022 296073 3504181
5 28 3577173 0 1788910022 296357 3537163
7 14 3605416 0 1788910022 301159 3450929
4 29 3625187 0 1788910022 412774 3544451
5 29 3614840 0 1788910022 413000 3572722
6 15 3630270 0 1788910022 413161 3512972
4 30 3714220 0 1788910022 520009 3646655
5 30 3690723 0 1788910022 520221 3659642
7 15 3715292 0 1788910022 520382 3607468
4 31 3769959 0 1788910022 627438 3696027
5 31 3764224 0 1788910022 627587 3726976
6 16 3779418 0 1788910022 627753 3671471
4 32 3829627 0 1788910022 722876 3767580
5 32 3812461 0 1788910022 723053 3780840
7 16 3859724 0 1788910022 723157 3763764
4 33 3896248 0 1788910022 828973 3829096
5 33 3885774 0 1788910022 829352 3849737
6 17 3896794 0 1788910022 829475 3789978
4 34 4002114 0 1788910022 961684 3911123
5 34 3991870 0 1788910022 962097 3950137
7 17 4012963 0 1788910022 962322 3879241
4 35 4030736 0 1788910023 72634 3965126
5 35 4033453 0 1788910023 75497 3995770
6 18 4044589 0 1788910023 75728 3930298
4 36 4086913 0 1788910023 164500 4029256
5 36 4064351 0 1788910023 164708 4033948
7 18 4106412 0 1788910023 164816 4014044
4 37 4145802 0 1788910023 256995 4085722
5 37 4134865 0 1788910023 257228 4105803
6 19 4153162 0 1788910023 258430 4059012
4 38 4200075 0 1788910023 353521 4139307
5 38 4193928 0 1788910023 353875 4163193
7 19 4225526 0 1788910023 354597 4127690
4 39 4301826 0 1788910023 470826 4231550
5 39 4281790 0 1788910023 471771 4245242
6 20 4310847 0 1788910023 471996 4192150
4 40 4382963 0 1788910023 612869 4290469
5 40 4373486 0 1788910023 613099 4330078
7 20 4388457 0 1788910023 613312 4245718
4 41 4457455 0 1788910023 718626 4386833
5 41 4426112 0 1788910023 719377 4386140
6 21 4473622 0 1788910023 719899 4366396
4 42 4497749 0 1788910023 829909 4426782
5 42 4494012 0 1788910023 830169 4457440
7 21 4527729 0 1788910023 830381 4415738
4 43 4576682 0 1788910023 945206 4502921
5 43 4570949 0 1788910023 945426 4536942
6 22 4579885 0 1788910023 946354 4463185
4 44 4670425 0 1788910024 66407 4587634
5 44 4648035 0 1788910024 66549 4603461
7 22 4675452 0 1788910024 66711 4553746
4 45 4711103 0 1788910024 189597 4628867
5 45 4704132 0 1788910024 192907 4663285
6 23 4723770 0 1788910024 193087 4596744
4 46 4782820 0 1788910024 334923 4683821
5 46 4740956 0 1788910024 335161 4693566
7 23 4832882 0 1788910024 335278 4686999
4 47 4781073 0 1788910024 456758 4697440
5 47 4754930 0 1788910024 456964 4713629
6 24 4799686 0 1788910024 460735 4673672
4 48 4807493 0 1788910024 571304 4738800
5 48 4797887 0 1788910024 571599 4759321
7 24 4815598 0 1788910024 571763 4700399
4 49 4850131 0 1788910024 675291 4777030
5 49 4846185 0 1788910024 675487 4810796
6 25 4873747 0 1788910024 675655 4769021
4 50 4888092 0 1788910024 788910 4820373
5 50 4846650 0 1788910024 789135 4812205
7 25 4934984 0 1788910024 789316 4820641
4 51 4937343 0 1788910024 927534 4850869
5 51 4936807 0 1788910024 927724 4893800
6 26 4967954 0 1788910024 927948 4828581
4 52 5144315 0 1788910025 139564 4994909
5 52 5118541 0 1788910025 142756 5029098
7 26 5147871 0 1788910025 142909 4932222
4 53 5260240 0 1788910025 306035 5158334
5 53 5210088 0 1788910025 307467 5152691
6 27 5265895 0 1788910025 307809 5097393
4 54 5286175 0 1788910025 448865 5189946
5 54 5274102 0 1788910025 449051 5215433
7 27 5351584 0 1788910025 449226 5206599
4 55 5374151 0 1788910025 583587 5295117
5 55 5366157 0 1788910025 583759 5328425
6 28 5391831 0 1788910025 583858 5256613
4 56 5512196 0 1788910025 739765 5407355
5 56 5511926 0 1788910025 739954 5465185
7 28 5513723 0 1788910025 740129 5356913
4 57 5580777 0 1788910025 885739 5503136
5 57 5573030 0 1788910025 885943 5538291
6 29 5627833 0 1788910025 886068 5481289
4 58 5678390 0 1788910025 999747 5600044
5 58 5671065 0 1788910025 999989 5638495
7 29 5686320 0 1788910026 122 5571698
4 59 5677060 0 1788910026 134271 5579895
5 59 5630646 0 1788910026 134453 5585358
6 30 5744870 0 1788910026 134620 5609790
4 60 5730797 0 1788910026 263302 5643237
5 60 5722904 0 1788910026 271908 5669672
7 30 5747309 0 1788910026 272111 5609123
4 61 5852552 0 1788910026 447710 5739271
5 61 5767163 0 1788910026 448004 5715871
6 31 5875011 0 1788910026 448149 5690007
5 62 5784037 0 1788910026 550501 5780662
4 62 5916253 0 1788910026 660123 5747766
6 32 5893716 0 1788910026 661036 5840024
7 31 5919697 0 1788910026 661470 5705673
4 63 6184955 0 1788910026 990629 5954571
5 63 6216709 0 1788910026 991227 5885244
6 33 6182057 0 1788910027 810 6036365
4 64 6354181 0 1788910027 223415 6244323
7 32 6378077 0 1788910027 229141 6139302
5 64 6330879 0 1788910027 242676 6306974
