0 1 273160 0 1788909953 330740 59131
1 1 263385 0 1788909953 337495 146287
2 1 263313 0 1788909953 338113 206168
0 2 472798 0 1788909953 567411 340587
1 2 449578 0 1788909953 572330 380084
3 1 481642 0 1788909953 573111 238964
0 3 601331 0 1788909953 781049 464650
1 3 581534 0 1788909953 781307 518405
2 2 658265 0 1788909953 794457 430992
0 4 812611 0 1788909954 30449 658603
1 4 804344 0 1788909954 30624 712520
3 2 817741 0 1788909954 30789 567798
0 5 934405 0 1788909954 184028 860536
1 5 929009 0 1788909954 184998 890754
2 3 953951 0 1788909954 188019 795937
0 6 1006646 0 1788909954 304515 929418
1 6 983027 0 1788909954 304766 941854
3 3 1042435 0 1788909954 304937 921281
0 7 1000633 0 1788909954 442475 916112
1 7 995811 0 1788909954 444805 951195
2 4 1106852 0 1788909954 445575 965511
0 8 1129078 0 1788909954 604639 1017634
1 8 1085638 0 1788909954 605017 1029397
3 4 1134701 0 1788909954 608799 967496
0 9 1200097 0 1788909954 737031 1107586
1 9 1188755 0 1788909954 737239 1141813
2 5 1202351 0 1788909954 738004 1068675
0 10 1297078 0 1788909954 901144 1198074
1 10 1274706 0 1788909954 901283 1225727
3 5 1342149 0 1788909954 914901 1163986
0 11 1533888 0 1788909955 201235 1320942
1 11 1529240 0 1788909955 201373 1429239
2 6 1538199 0 1788909955 201518 1237554
0 12 2180788 0 1788909955 871081 1615923
1 12 2131646 0 1788909955 871388 2015247
3 6 2196567 0 1788909955 871774 1521749
0 13 2185094 0 1788909956 26689 2078894
1 13 2151983 0 1788909956 26903 2100825
2 7 2214858 0 1788909956 27466 2052352
0 14 2338150 0 1788909956 244464 2177456
1 14 2355912 0 1788909956 262885 2268551
3 7 2374607 0 1788909956 264202 2136701
0 15 2453671 0 1788909956 465544 2337748
1 15 2452965 0 1788909956 465736 2396151
2 8 2501287 0 1788909956 469248 2274064
1 16 2558226 0 1788909956 626979 2550480
0 16 2741853 0 1788909956 802120 2493775
2 9 2729658 0 1788909956 802317 2637705
3 8 2764434 0 1788909956 802491 2427224
0 17 2999904 0 1788909957 109553 2799827
1 17 3010929 0 1788909957 109784 2702992
2 10 2977552 0 1788909957 110221 2892337
0 18 3048468 0 1788909957 305138 2934002
1 18 3047090 0 1788909957 305330 2981166
3 9 3143952 0 1788909957 306508 2946710
0 19 3182340 0 1788909957 483284 3069225
1 19 3179489 0 1788909957 483541 3120857
2 11 3189441 0 1788909957 483666 3010659
0 20 3404901 0 1788909957 763461 3223683
1 20 3371496 0 1788909957 763649 3279696
3 10 3425293 0 1788909957 763774 3141533
0 21 3572002 0 1788909958 7806 3420520
1 21 3551216 0 1788909958 8026 3492085
2 12 3604528 0 1788909958 8195 3359576
0 22 3671265 0 1788909958 202835 3545418
1 22 3669319 0 1788909958 205510 3584933
3 11 3713864 0 1788909958 212247 3509211
0 23 3953513 0 1788909958 521050 3712493
1 23 3940104 0 1788909958 521815 3774245
2 13 3966427 0 1788909958 522591 3645606
0 24 4288447 0 1788909958 937110 3972502
1 24 4252780 0 1788909958 937520 4100837
3 12 4328673 0 1788909958 946772 3902746
0 25 4675384 0 1788909959 387941 4385784
1 25 4660874 0 1788909959 388409 4570370
2 14 4678283 0 1788909959 388720 4226004
0 26 6602039 0 1788909961 347951 4953392
1 26 6561836 0 1788909961 348150 5326278
3 13 6612582 0 1788909961 354411 4642070
0 27 7008699 0 1788909961 837031 6699564
1 27 6981150 0 1788909961 837382 6834187
2 15 7025333 0 1788909961 837560 6526075
0 28 8866242 0 1788909963 746841 7073195
3 14 8870659 0 1788909963 747100 6959504
1 28 8938882 0 1788909963 819831 8864276
