4 1 289549 0 1788909932 551346 93718
5 1 288068 0 1788909932 560325 144194
6 1 287709 0 1788909932 560512 222752
4 2 532201 0 1788909932 827629 362656
5 2 528384 0 1788909932 827877 447538
7 1 554146 0 1788909932 828196 277042
4 3 724507 0 1788909933 56644 571676
5 3 720848 0 1788909933 56876 643995
6 2 730026 0 1788909933 57071 500335
4 4 981959 0 1788909933 330945 804248
5 4 976525 0 1788909933 331140 880490
7 2 992847 0 1788909933 331300 717864
4 5 1200374 0 1788909933 567154 1077216
5 5 1181562 0 1788909933 567346 1133055
6 3 1227951 0 1788909933 591252 967445
6 4 1604753 0 1788909934 64153 1592861
4 6 1767946 0 1788909934 180662 1271390
5 6 1748219 0 1788909934 180937 1365135
7 3 1770841 0 1788909934 181525 1154103
4 7 1958522 0 1788909934 453190 1801507
5 7 1931636 0 1788909934 453484 1836638
6 5 1979187 0 1788909934 453589 1704673
4 8 2074918 0 1788909934 663323 1939427
5 8 2066417 0 1788909934 663536 1993161
7 4 2140425 0 1788909934 663725 1928447
4 9 2274995 0 1788909934 878481 2130837
5 9 2251780 0 1788909934 878665 2189469
6 6 2283367 0 1788909934 882603 2063080
4 10 2438763 0 1788909935 101412 2279433
5 10 2403930 0 1788909935 101544 2340147
7 5 2463307 0 1788909935 101714 2239879
4 11 2583830 0 1788909935 314144 2439642
5 11 2532196 0 1788909935 317805 2448763
6 7 2609788 0 1788909935 318386 2392382
4 12 2597125 0 1788909935 484738 2492627
5 12 2590468 0 1788909935 484985 2533639
7 6 2691923 0 1788909935 485165 2505174
4 13 2709180 0 1788909935 653827 2593005
5 13 2707553 0 1788909935 654032 2650186
6 8 2748807 0 1788909935 656060 2577222
4 14 2874702 0 1788909935 828749 2765895
5 14 2868927 0 1788909935 828928 2809821
7 7 2887117 0 1788909935 838266 2702443
4 15 3043899 0 1788909936 12588 2933269
5 15 3025878 0 1788909936 15821 2968980
6 9 3053457 0 1788909936 16036 2865942
4 16 3105803 0 1788909936 162356 3009015
5 16 3084119 0 1788909936 162832 3034972
7 8 3133413 0 1788909936 163012 2981482
4 17 3265317 0 1788909936 373837 3126054
5 17 3228560 0 1788909936 374250 3154157
6 10 3283879 0 1788909936 374378 3071017
4 18 3402164 0 1788909936 606942 3238453
5 18 3378076 0 1788909936 607154 3291430
7 9 3457247 0 1788909936 607278 3223538
4 19 3518443 0 1788909936 798286 3382962
5 19 3513749 0 1788909936 799190 3438727
6 11 3522268 0 1788909936 800024 3328905
6 12 3655002 0 1788909937 40083 3651059
4 20 3784033 0 1788909937 122939 3539899
5 20 3778960 0 1788909937 133569 3619659
7 10 3826189 0 1788909937 133923 3481518
4 21 3903500 0 1788909937 320163 3791149
5 21 3891225 0 1788909937 320406 3826801
6 13 3920610 0 1788909937 320828 3721078
4 22 4043010 0 1788909937 489509 3937413
5 22 3991768 0 1788909937 489647 3946563
7 11 4051877 0 1788909937 489985 3881765
4 23 4114067 0 1788909937 623447 4031800
5 23 4101431 0 1788909937 623697 4060145
6 14 4121362 0 1788909937 623804 3986771
4 24 4216322 0 1788909937 794742 4109597
5 24 4214934 0 1788909937 794986 4164656
7 12 4227688 0 1788909937 795131 4055761
4 25 4362314 0 1788909937 956277 4251452
5 25 4330347 0 1788909937 956921 4271422
6 15 4365305 0 1788909937 957626 4202174
4 26 4430754 0 1788909938 86965 4343797
5 26 4382394 0 1788909938 87202 4341185
7 13 4432141 0 1788909938 87408 4297455
4 27 4484776 0 1788909938 213651 4409050
5 27 4477654 0 1788909938 214056 4440459
6 16 4487735 0 1788909938 214222 4360213
4 28 4536342 0 1788909938 352366 4455541
5 28 4531901 0 1788909938 352620 4490945
7 14 4600730 0 1788909938 353047 4460554
4 29 4638632 0 1788909938 476856 4557946
5 29 4638158 0 1788909938 477080 4601537
6 17 4645962 0 1788909938 477255 4520798
4 30 4726723 0 1788909938 608190 4647328
5 30 4718427 0 1788909938 609038 4682144
7 15 4747037 0 1788909938 609669 4613982
4 31 4838585 0 1788909938 735152 4750733
5 31 4809017 0 1788909938 735400 4770670
6 18 4839109 0 1788909938 735605 4711434
4 32 4884483 0 1788909938 850297 4812099
5 32 4884877 0 1788909938 850734 4848914
7 16 4907522 0 1788909938 851247 4791226
4 33 4977088 0 1788909938 959580 4907983
5 33 4967804 0 1788909938 960508 4934391
6 19 4983984 0 1788909938 960695 4872183
4 34 5005394 0 1788909939 69667 4935542
5 34 4995922 0 1788909939 70952 4956045
7 17 5067815 0 1788909939 71174 4956010
4 35 5097460 0 1788909939 188997 5023580
5 35 5078467 0 1788909939 189186 5045003
6 20 5114201 0 1788909939 189379 4994280
6 21 5187293 0 1788909939 342790 5183171
4 36 5274560 0 1788909939 412961 5102101
5 36 5269204 0 1788909939 413529 5141874
7 18 5280169 0 1788909939 413658 5055272
4 37 5357931 0 1788909939 544510 5275323
5 37 5352213 0 1788909939 545292 5310946
6 22 5383999 0 1788909939 546203 5250461
4 38 5459662 0 1788909939 661796 5382782
5 38 5442054 0 1788909939 665168 5402352
7 19 5471000 0 1788909939 665282 5348913
4 39 5513827 0 1788909939 776866 5438889
5 39 5508069 0 1788909939 780815 5468300
6 23 5523092 0 1788909939 781080 5403511
4 40 5606204 0 1788909939 900509 5528697
5 40 5574494 0 1788909939 900892 5536151
7 20 5626230 0 1788909939 905641 5496464
4 41 5690954 0 1788909940 56247 5591126
5 41 5687116 0 1788909940 56406 5643399
6 24 5720836 0 1788909940 56621 5564408
4 42 5829042 0 1788909940 230700 5724583
5 42 5823934 0 1788909940 231544 5775252
7 21 5832139 0 1788909940 231742 5656291
4 43 5962498 0 1788909940 391612 5856856
5 43 5940198 0 1788909940 391845 5886451
6 25 5967941 0 1788909940 392334 5806098
4 44 6040301 0 1788909940 551927 5937496
5 44 6030206 0 1788909940 552113 5979101
7 22 6049829 0 1788909940 552279 5888417
4 45 6128375 0 1788909940 713611 6026934
5 45 6086493 0 1788909940 713831 6032678
6 26 6178415 0 1788909940 713944 6016120
4 46 6137450 0 1788909940 846269 6056112
5 46 6111286 0 1788909940 846452 6070608
7 23 6156052 0 1788909940 850235 6019121
4 47 6238567 0 1788909941 35510 6109121
5 47 6228858 0 1788909941 35703 6165592
6 27 6246567 0 1788909941 35865 6056377
4 48 6419239 0 1788909941 277532 6250317
5 48 6415296 0 1788909941 277731 6329379
7 24 6442880 0 1788909941 277921 6200185
4 49 6540272 0 1788909941 474223 6391214
5 49 6498786 0 1788909941 474404 6411107
6 28 6587068 0 1788909941 474534 6389772
4 50 6738055 0 1788909941 761379 6543697
5 50 6737771 0 1788909941 761821 6648433
7 25 6769373 0 1788909941 762500 6480347
4 51 6932785 0 1788909941 961166 6810706
5 51 6904169 0 1788909941 961516 6851038
6 29 6933507 0 1788909941 961678 6732999
4 52 7050172 0 1788909942 129100 6948268
5 52 6998734 0 1788909942 129247 6945716
7 26 7054448 0 1788909942 129496 6885900
4 53 7049672 0 1788909942 245495 6990003
6 30 7120837 0 1788909942 251612 6997712
5 53 7044278 0 1788909942 252361 7037165
