4 1 160000 0 1788909921 613051 42023
5 1 151046 0 1788909921 614556 67653
6 1 150736 0 1788909921 614792 105114
4 2 272030 0 1788909921 758712 180752
5 2 268110 0 1788909921 758855 218834
7 1 293711 0 1788909921 759015 147488
4 3 373875 0 1788909921 897263 292990
5 3 370222 0 1788909921 897504 331280
6 2 379902 0 1788909921 898201 240136
4 4 510010 0 1788909922 50249 404122
5 4 504555 0 1788909922 50423 450237
7 2 520831 0 1788909922 50538 367297
4 5 609194 0 1788909922 167227 529694
5 5 590471 0 1788909922 167508 547457
6 3 614234 0 1788909922 168788 495453
4 6 684007 0 1788909922 287976 598779
5 6 664278 0 1788909922 288249 621416
7 3 686495 0 1788909922 288432 565052
4 7 776237 0 1788909922 441893 654089
5 7 756207 0 1788909922 442127 684746
6 4 791635 0 1788909922 442289 637088
4 8 914746 0 1788909922 629299 795051
5 8 849882 0 1788909922 629540 807608
7 4 920555 0 1788909922 633657 722064
4 9 967413 0 1788909922 757902 881938
5 9 963398 0 1788909922 758136 914842
6 5 969934 0 1788909922 758305 840686
4 10 1073363 0 1788909922 903023 970310
5 10 1056970 0 1788909922 910871 991967
7 5 1092861 0 1788909922 910999 939521
4 11 1215426 0 1788909923 115276 1061137
5 11 1193828 0 1788909923 115394 1080394
6 6 1226690 0 1788909923 115558 1013680
4 12 1332746 0 1788909923 317242 1192698
5 12 1238633 0 1788909923 317499 1163001
7 6 1341032 0 1788909923 317893 1138204
4 13 1447549 0 1788909923 546056 1307727
5 13 1410403 0 1788909923 546302 1354404
6 7 1460666 0 1788909923 546469 1231078
4 14 1705879 0 1788909923 848282 1528520
5 14 1711114 0 1788909923 856415 1609229
7 7 1718871 0 1788909923 856603 1407895
4 15 1984251 0 1788909924 138083 1809301
5 15 1994065 0 1788909924 154006 1889617
6 8 2002911 0 1788909924 154164 1696736
4 16 2116566 0 1788909924 337418 1986122
5 16 2089751 0 1788909924 337556 2018778
7 8 2156550 0 1788909924 337745 1956509
4 17 2266569 0 1788909924 548322 2131479
5 17 2248758 0 1788909924 548530 2166036
6 9 2280273 0 1788909924 550239 2067118
4 18 2441198 0 1788909924 782482 2273051
5 18 2386653 0 1788909924 782683 2309928
7 9 2459776 0 1788909924 796719 2211157
4 19 2555954 0 1788909925 24963 2436548
5 19 2554441 0 1788909925 25537 2499806
6 10 2607955 0 1788909925 28286 2361573
4 20 2711739 0 1788909925 210727 2587520
5 20 2682123 0 1788909925 212281 2625890
7 10 2735725 0 1788909925 212420 2546257
4 21 2889198 0 1788909925 465532 2709386
5 21 2874242 0 1788909925 465713 2765700
6 11 2919946 0 1788909925 465807 2664594
4 22 3163457 0 1788909925 783891 2902285
5 22 3156218 0 1788909925 785578 3028771
7 11 3257235 0 1788909925 865152 2854371
4 23 3357641 0 1788909926 46773 3353522
5 23 3698042 0 1788909926 391737 3490328
6 12 3754105 0 1788909926 391857 3145929
7 12 3691333 0 1788909926 391966 3595385
4 24 3994512 0 1788909926 708031 3678084
5 24 3949584 0 1788909926 708280 3727976
6 13 3938753 0 1788909926 708426 3847952
4 25 4277555 0 1788909927 61130 4029595
5 25 4276187 0 1788909927 61402 4127722
7 13 4290232 0 1788909927 61537 3936453
4 26 4499155 0 1788909927 345675 4347252
5 26 4498329 0 1788909927 345794 4431732
6 14 4533151 0 1788909927 350979 4243085
6 15 4776157 0 1788909927 703812 4770579
4 27 4839965 0 1788909927 757705 4547553
5 27 4837932 0 1788909927 758060 4666031
7 14 4862183 0 1788909927 758244 4449219
5 28 4895197 0 1788909927 907170 4885312
4 28 5046806 0 1788909928 54083 4835817
6 16 5110638 0 1788909928 54208 4813559
7 15 5037244 0 1788909928 59790 4952976
4 29 5288157 0 1788909928 318333 5099443
5 29 5289041 0 1788909928 318518 5024425
6 17 5274043 0 1788909928 327928 5144773
4 30 5425875 0 1788909928 507739 5304894
5 30 5421182 0 1788909928 508931 5365134
7 16 5436419 0 1788909928 509139 5245396
4 31 5545865 0 1788909928 663501 5442554
5 31 5529460 0 1788909928 664440 5483355
6 18 5577681 0 1788909928 665500 5419666
4 32 5720510 0 1788909928 877620 5572127
5 32 5709900 0 1788909928 877864 5612197
7 17 5720918 0 1788909928 877985 5506150
4 33 5927656 0 1788909929 111612 5753694
5 33 5917286 0 1788909929 111898 5824774
6 19 5938389 0 1788909929 112134 5703669
4 34 6089937 0 1788909929 356221 5909763
5 34 6148406 0 1788909929 414836 6001690
7 18 6159432 0 1788909929 414957 5855761
4 35 6401334 0 1788909929 703306 6196257
5 35 6379140 0 1788909929 703883 6297349
6 20 6421502 0 1788909929 704292 6073171
4 36 6646227 0 1788909929 981805 6464990
5 36 6635228 0 1788909929 981978 6532506
7 19 6652424 0 1788909929 982077 6373247
4 37 6948868 0 1788909930 326700 6740496
5 37 6942546 0 1788909930 326878 6831194
6 21 6973652 0 1788909930 327108 6628029
4 38 7223868 0 1788909930 617255 7085851
5 38 7203608 0 1788909930 617975 7149969
7 20 7271884 0 1788909930 657419 6939525
4 39 7457850 0 1788909930 912143 7313013
5 39 7448430 0 1788909930 912429 7389075
6 22 7463303 0 1788909930 912544 7167809
4 40 7761039 0 1788909931 246596 7515816
5 40 7729121 0 1788909931 246772 7595391
7 21 7776233 0 1788909931 246896 7441181
4 41 7928444 0 1788909931 484991 7791654
6 23 7958426 0 1788909931 485465 7716449
5 41 7929096 0 1788909931 489640 7924155
