0 1 2416038 0 1788909967 928838 589100
1 1 2409158 0 1788909967 938488 1421474
2 1 2410403 0 1788909967 940423 2202569
0 2 2624697 0 1788909968 174530 2460914
1 2 2596674 0 1788909968 174647 2518529
3 1 2628051 0 1788909968 174740 2379683
0 3 2878572 0 1788909968 513509 2651581
1 3 2858714 0 1788909968 513707 2748010
2 2 2922417 0 1788909968 513829 2582633
0 4 3236736 0 1788909968 909793 2997574
1 4 3228530 0 1788909968 910030 3138155
3 2 3242086 0 1788909968 910354 2844906
0 5 3409751 0 1788909969 114595 3287847
1 5 3410044 0 1788909969 121254 3339767
2 3 3432428 0 1788909969 121716 3219449
0 6 3582034 0 1788909969 335122 3436729
1 6 3558388 0 1788909969 335347 3479477
3 3 3617754 0 1788909969 335476 3396456
0 7 3795722 0 1788909969 692785 3536976
1 7 3788782 0 1788909969 692997 3655277
2 4 3899219 0 1788909969 693163 3540798
0 8 4119939 0 1788909970 50719 3939877
1 8 4076276 0 1788909970 50876 3995801
3 4 4121722 0 1788909970 51040 3763089
0 9 4240119 0 1788909970 232274 4229885
1 9 4538181 0 1788909970 541884 4329511
2 5 4552736 0 1788909970 543610 4058357
3 5 4515819 0 1788909970 543791 4407078
0 10 4787284 0 1788909970 846570 4482320
1 10 4765176 0 1788909970 846973 4567829
2 6 4728666 0 1788909970 847205 4623975
0 11 4836742 0 1788909970 964095 4819903
1 11 6154601 0 1788909972 285028 4929482
2 7 6139645 0 1788909972 285159 5011633
3 6 6162738 0 1788909972 285305 4723429
0 12 6403483 0 1788909972 598446 6089778
1 12 6331132 0 1788909972 598961 6134815
2 8 6302402 0 1788909972 599218 6206468
0 13 6542574 0 1788909972 887389 6382951
1 13 6531759 0 1788909972 893292 6435593
3 7 6564087 0 1788909972 894228 6267412
0 14 6663138 0 1788909973 86319 6534244
1 14 6621353 0 1788909973 88445 6546008
2 9 6726379 0 1788909973 88571 6524756
0 15 6847150 0 1788909973 340428 6680030
1 15 6825085 0 1788909973 340572 6753083
3 8 6872695 0 1788909973 340685 6616176
0 16 7172278 0 1788909973 700156 6867725
1 16 7146247 0 1788909973 700322 6979686
2 10 7176533 0 1788909973 700506 6815888
0 17 7357698 0 1788909973 945587 7194730
1 17 7337616 0 1788909973 955392 7275431
3 9 7390696 0 1788909973 955565 7132334
0 18 7702805 0 1788909974 416266 7340513
1 18 7667371 0 1788909974 416815 7524818
2 11 7705088 0 1788909974 416978 7233445
0 19 7827940 0 1788909974 587212 7715887
1 19 7794054 0 1788909974 587756 7727649
3 10 7847733 0 1788909974 603897 7659254
0 20 8107136 0 1788909974 954509 7859813
1 20 8095884 0 1788909974 954771 7934378
2 12 8141532 0 1788909974 955311 7773176
0 21 8315484 0 1788909975 227514 8148031
1 21 8274579 0 1788909975 228181 8194417
3 11 8344864 0 1788909975 235887 8062956
0 22 8451579 0 1788909975 442990 8307070
1 22 8432290 0 1788909975 443674 8358693
2 13 8457369 0 1788909975 444158 8239652
3 12 8438058 0 1788909975 460816 8417595
