0 1 301391 0 1788909932 569562 61345
1 1 294327 0 1788909932 579029 116308
2 1 300339 0 1788909932 585730 192322
0 2 556580 0 1788909932 861784 373474
1 2 531836 0 1788909932 865179 455673
3 1 563282 0 1788909932 865342 267134
0 3 685483 0 1788909933 75792 551859
1 3 665688 0 1788909933 76051 606356
2 2 729787 0 1788909933 76569 514757
0 4 926116 0 1788909933 354544 744764
1 4 917878 0 1788909933 354750 824596
3 2 937173 0 1788909933 360812 651909
0 5 1109738 0 1788909933 569952 967591
1 5 1103631 0 1788909933 570211 1042164
2 3 1148469 0 1788909933 593128 909564
0 6 1255572 0 1788909933 764032 1247680
2 4 1705613 0 1788909934 254927 1700337
0 7 1782817 0 1788909934 435250 1697188
1 6 1903116 0 1788909934 435445 1553526
3 3 1962507 0 1788909934 435601 1096622
0 8 1954011 0 1788909934 638701 1827996
1 7 1952702 0 1788909934 638853 1893482
2 5 1979402 0 1788909934 638987 1775517
0 9 2088219 0 1788909934 834463 1957666
1 8 2087319 0 1788909934 834845 2017595
3 4 2105060 0 1788909934 835030 1907948
0 10 2254975 0 1788909935 38318 2110796
1 9 2236210 0 1788909935 50867 2149263
2 6 2292034 0 1788909935 51108 2075173
0 11 2380146 0 1788909935 254056 2254491
1 10 2376283 0 1788909935 254221 2314993
3 5 2417163 0 1788909935 254331 2198117
0 12 2561503 0 1788909935 447301 2443810
1 11 2551683 0 1788909935 452567 2483234
2 7 2569998 0 1788909935 452722 2371118
0 13 2601706 0 1788909935 624905 2501702
1 12 2572955 0 1788909935 625141 2517230
3 6 2675049 0 1788909935 625382 2496715
0 14 2685038 0 1788909935 785223 2584202
1 13 2668666 0 1788909935 785570 2622291
2 8 2706812 0 1788909935 792323 2539097
0 15 2767025 0 1788909935 945577 2677624
1 14 2724798 0 1788909935 947261 2679767
3 7 2830009 0 1788909935 947572 2667328
0 16 2860373 0 1788909936 109026 2761179
1 15 2841096 0 1788909936 111955 2784339
2 9 2888860 0 1788909936 112222 2721445
0 17 3040868 0 1788909936 324118 2887494
1 16 3014839 0 1788909936 324285 2936447
3 8 3045042 0 1788909936 324386 2829338
0 18 3188720 0 1788909936 531980 3069732
1 17 3159022 0 1788909936 532169 3086710
2 10 3216979 0 1788909936 537218 3003475
0 19 3281242 0 1788909936 750073 3164855
1 18 3245406 0 1788909936 750221 3200136
3 9 3290682 0 1788909936 757944 3064490
3 10 3451385 0 1788909937 20536 3447764
0 20 3586736 0 1788909937 101378 3328317
1 19 3552452 0 1788909937 101524 3365153
2 11 3590095 0 1788909937 101630 3238259
2 12 3612476 0 1788909937 279877 3607826
0 21 3721777 0 1788909937 336035 3553712
1 20 3695266 0 1788909937 341660 3581115
3 11 3739533 0 1788909937 342277 3495464
0 22 3751776 0 1788909937 493937 3665301
1 21 3748284 0 1788909937 495067 3698590
2 13 3786206 0 1788909937 495179 3626786
0 23 3851699 0 1788909937 629827 3763376
1 22 3837752 0 1788909937 630054 3796495
3 12 3863421 0 1788909937 630176 3726948
0 24 3955265 0 1788909937 814520 3837625
1 23 3919324 0 1788909937 814656 3872466
2 14 3986457 0 1788909937 815146 3800030
0 25 4053673 0 1788909937 976822 3968765
1 24 4038831 0 1788909937 976956 3997862
3 13 4056027 0 1788909937 977055 3893286
0 26 4152784 0 1788909938 109288 4066320
1 25 4113768 0 1788909938 110673 4066397
2 15 4158485 0 1788909938 110905 4024191
0 27 4195204 0 1788909938 234126 4114282
1 26 4167507 0 1788909938 234329 4129408
3 14 4211689 0 1788909938 234508 4086179
0 28 4269192 0 1788909938 360381 4181926
1 27 4269352 0 1788909938 360892 4223920
2 16 4274058 0 1788909938 361090 4146668
0 29 4384867 0 1788909938 486291 4303342
1 28 4305812 0 1788909938 486824 4263803
3 15 4390628 0 1788909938 487227 4263522
0 30 4408977 0 1788909938 629294 4326042
1 29 4406374 0 1788909938 629897 4362954
2 17 4429787 0 1788909938 633825 4282060
0 31 4503695 0 1788909938 762712 4421091
1 30 4497398 0 1788909938 762913 4457886
3 16 4513788 0 1788909938 763154 4379666
0 32 4509107 0 1788909938 877916 4435034
1 31 4508564 0 1788909938 878721 4471822
2 18 4570162 0 1788909938 878887 4453768
0 33 4580508 0 1788909938 988520 4507998
1 32 4575180 0 1788909938 988708 4537174
3 17 4610578 0 1788909938 988864 4499249
0 34 4620086 0 1788909939 100351 4540575
1 33 4612905 0 1788909939 101093 4567070
2 19 4648792 0 1788909939 105893 4531159
0 35 4657223 0 1788909939 230809 4575189
1 34 4651635 0 1788909939 231049 4605392
3 18 4719711 0 1788909939 231223 4588385
0 36 4769750 0 1788909939 375219 4665711
1 35 4741523 0 1788909939 375415 4685344
2 20 4787892 0 1788909939 375879 4642546
0 37 4853292 0 1788909939 537972 4757269
1 36 4830906 0 1788909939 538164 4784454
3 19 4877416 0 1788909939 538333 4713941
0 38 4945118 0 1788909939 663350 4866762
1 37 4939416 0 1788909939 663577 4901793
2 21 4953175 0 1788909939 663699 4827216
0 39 5030950 0 1788909939 784925 4956309
1 38 5014903 0 1788909939 785051 4977284
3 20 5034358 0 1788909939 785239 4912057
0 40 5055932 0 1788909939 912590 4978997
1 39 5038496 0 1788909939 912832 4998131
2 22 5076084 0 1788909939 912978 4947686
0 41 5141791 0 1788909940 64077 5028323
1 40 5137465 0 1788909940 64325 5090071
3 21 5142611 0 1788909940 64545 4989243
0 42 5155004 0 1788909940 137266 5151019
1 41 5261186 0 1788909940 285594 5171214
2 23 5324355 0 1788909940 285806 5102283
3 22 5199559 0 1788909940 290719 5149158
0 43 5358045 0 1788909940 457601 5185676
1 42 5357035 0 1788909940 457774 5233720
2 24 5340420 0 1788909940 457929 5285090
0 44 5502240 0 1788909940 649574 5370713
1 43 5464886 0 1788909940 650009 5386456
3 23 5510242 0 1788909940 650192 5317353
0 45 5635613 0 1788909940 822128 5545063
1 44 5632279 0 1788909940 822356 5584766
2 25 5636407 0 1788909940 822583 5463109
0 46 5736491 0 1788909941 546 5617194
1 45 5727945 0 1788909941 1048 5674272
3 24 5800432 0 1788909941 1579 5620660
0 47 5883206 0 1788909941 213056 5739682
1 46 5856334 0 1788909941 213228 5768792
2 26 5930681 0 1788909941 213791 5717197
0 48 6047458 0 1788909941 425103 5928263
1 47 5953300 0 1788909941 428591 5896898
3 25 6055858 0 1788909941 428822 5839789
0 49 6158822 0 1788909941 641135 6010393
1 48 6144157 0 1788909941 641448 6062285
2 27 6164661 0 1788909941 641624 5947903
0 50 6350675 0 1788909941 923982 6161681
1 49 6320698 0 1788909941 924181 6230079
3 26 6367367 0 1788909941 928240 6080121
0 51 6453453 0 1788909942 109699 6351596
1 50 6434345 0 1788909942 110078 6380066
2 28 6500676 0 1788909942 110390 6313990
0 52 6552705 0 1788909942 242357 6496175
3 27 6553351 0 1788909942 242551 6420273
1 51 6564006 0 1788909942 254405 6551740
