0 1 206717 0 1788910017 441743 49704
1 1 191473 0 1788910017 443029 82398
2 1 190947 0 1788910017 443194 141623
0 2 286635 0 1788910017 558695 219750
1 2 259002 0 1788910017 559201 226114
3 1 293797 0 1788910017 562716 172535
0 3 338046 0 1788910017 695209 250439
1 3 318253 0 1788910017 695472 277405
2 2 381956 0 1788910017 695594 244780
0 4 451118 0 1788910017 846401 341948
1 4 442837 0 1788910017 846563 378337
3 2 456243 0 1788910017 846737 304499
0 5 534119 0 1788910017 961188 466743
1 5 527937 0 1788910017 961372 496205
2 3 551352 0 1788910017 962865 434462
0 6 599344 0 1788910018 74658 523333
1 6 575677 0 1788910018 74861 535208
3 3 635107 0 1788910018 75055 521068
0 7 600677 0 1788910018 219965 497221
1 7 593961 0 1788910018 220401 532804
2 4 708280 0 1788910018 224449 558235
0 8 756364 0 1788910018 409371 630470
1 8 712790 0 1788910018 409616 642329
3 4 758201 0 1788910018 409745 568307
0 9 927502 0 1788910018 641883 782806
1 9 916111 0 1788910018 642040 868827
2 5 930099 0 1788910018 643199 692208
0 10 1019504 0 1788910018 801016 917893
1 10 1000385 0 1788910018 804408 938658
3 5 1060448 0 1788910018 810648 891385
0 11 1094935 0 1788910018 939729 1018028
1 11 1090343 0 1788910018 939922 1048736
2 6 1099389 0 1788910018 940155 959948
0 12 1193708 0 1788910019 61448 1123729
1 12 1144447 0 1788910019 61635 1108887
3 6 1209149 0 1788910019 61803 1086840
0 13 1228572 0 1788910019 247613 1086425
1 13 1195577 0 1788910019 247943 1109995
2 7 1258057 0 1788910019 248111 1071143
0 14 1433440 0 1788910019 517200 1251366
1 14 1449066 0 1788910019 533484 1356758
3 7 1466596 0 1788910019 533637 1180367
0 15 1569930 0 1788910019 759248 1405296
1 15 1569254 0 1788910019 759470 1484131
2 8 1614251 0 1788910019 759657 1371528
0 16 1803454 0 1788910020 41167 1639986
1 16 1795129 0 1788910020 41328 1701112
3 8 1829631 0 1788910020 45134 1543248
0 17 2029831 0 1788910020 306133 1907368
1 17 2019390 0 1788910020 306484 1957626
2 9 2056577 0 1788910020 306682 1790751
0 18 2179116 0 1788910020 519118 2055993
1 18 2085499 0 1788910020 519615 2017419
3 9 2214988 0 1788910020 525104 1995679
3 10 2249653 0 1788910020 731151 2245825
0 19 2323295 0 1788910020 794965 2134614
1 19 2316786 0 1788910020 795177 2193769
2 10 2359673 0 1788910020 795359 2079494
0 20 2414873 0 1788910020 950879 2309400
1 20 2381457 0 1788910020 951056 2312521
3 11 2435246 0 1788910020 951173 2278783
0 21 2554830 0 1788910021 168079 2398461
1 21 2536159 0 1788910021 170416 2444856
2 11 2589476 0 1788910021 170589 2367915
0 22 2676554 0 1788910021 385569 2539371
1 22 2672132 0 1788910021 385770 2607190
3 12 2713261 0 1788910021 389089 2483536
0 23 2820596 0 1788910021 565579 2716779
1 23 2811462 0 1788910021 570619 2756127
2 12 2837401 0 1788910021 571012 2651814
0 24 2889532 0 1788910021 715641 2799136
1 24 2853603 0 1788910021 715789 2806827
3 13 2920364 0 1788910021 715908 2769821
0 25 2980291 0 1788910021 870295 2871824
1 25 2965677 0 1788910021 870657 2918157
2 13 2990852 0 1788910021 878736 2827528
0 26 3065949 0 1788910021 989307 2995783
1 26 3025700 0 1788910021 989461 2991723
3 14 3071037 0 1788910021 990311 2950788
0 27 3098020 0 1788910022 103797 3020394
1 27 3070339 0 1788910022 104016 3030765
2 14 3114885 0 1788910022 104558 2999048
0 28 3205381 0 1788910022 263425 3098282
1 28 3205181 0 1788910022 263575 3149174
3 15 3213314 0 1788910022 267201 3049448
0 29 3305417 0 1788910022 373696 3235699
1 29 3226037 0 1788910022 373904 3192188
2 15 3310572 0 1788910022 374026 3199821
0 30 3311323 0 1788910022 498496 3229269
1 30 3308480 0 1788910022 498858 3269615
3 16 3328721 0 1788910022 499615 3200684
0 31 3376181 0 1788910022 602054 3307736
1 31 3369951 0 1788910022 602321 3336576
2 16 3386273 0 1788910022 602494 3281839
0 32 3368061 0 1788910022 703724 3304187
1 32 3367163 0 1788910022 704175 3334642
3 17 3428733 0 1788910022 704313 3326254
0 33 3432493 0 1788910022 807361 3365194
1 33 3427122 0 1788910022 807506 3394270
2 17 3462564 0 1788910022 807705 3358331
0 34 3492945 0 1788910022 940065 3401371
1 34 3485197 0 1788910022 940240 3438483
3 18 3516398 0 1788910022 940353 3383183
0 35 3511932 0 1788910023 52373 3442433
1 35 3506341 0 1788910023 52610 3472130
2 18 3574361 0 1788910023 52728 3461472
0 36 3580274 0 1788910023 152598 3520326
1 36 3552082 0 1788910023 152829 3523779
3 19 3598113 0 1788910023 152954 3497291
0 37 3593291 0 1788910023 244826 3532424
1 37 3570917 0 1788910023 245030 3539083
2 19 3617525 0 1788910023 245297 3524578
0 38 3662691 0 1788910023 347777 3596623
1 38 3656963 0 1788910023 347978 3623613
3 20 3670767 0 1788910023 348145 3567189
0 39 3732488 0 1788910023 453317 3666449
1 39 3717257 0 1788910023 454260 3683265
2 20 3736735 0 1788910023 454472 3629843
0 40 3802494 0 1788910023 626007 3676236
1 40 3785433 0 1788910023 626624 3717371
3 21 3827082 0 1788910023 630831 3649325
0 41 3835773 0 1788910023 724914 3770575
1 41 3835388 0 1788910023 729104 3793644
2 21 3840453 0 1788910023 729243 3736952
0 42 3890430 0 1788910023 839548 3816689
1 42 3848495 0 1788910023 839759 3814053
3 22 3911613 0 1788910023 839919 3796209
0 43 3879921 0 1788910023 946332 3808358
1 43 3882183 0 1788910023 949778 3847987
2 22 3896483 0 1788910023 954498 3781303
0 44 3945398 0 1788910024 52202 3879262
1 44 3940470 0 1788910024 54659 3907774
3 23 3974080 0 1788910024 58445 3861688
0 45 4031434 0 1788910024 184465 3950210
1 45 4031342 0 1788910024 184712 3991567
2 23 4032887 0 1788910024 184865 3900069
0 46 4152162 0 1788910024 320165 4060754
1 46 4091246 0 1788910024 322155 4040518
3 24 4166285 0 1788910024 323216 4027295
0 47 4187887 0 1788910024 437851 4114235
1 47 4141395 0 1788910024 438100 4105435
2 24 4200020 0 1788910024 439979 4078150
0 48 4207671 0 1788910024 547491 4141123
1 48 4203211 0 1788910024 547711 4170049
3 25 4224088 0 1788910024 547838 4113878
0 49 4214348 0 1788910024 658166 4147511
1 49 4210006 0 1788910024 659175 4172837
2 25 4217480 0 1788910024 659626 4105084
0 50 4246670 0 1788910024 774398 4169456
1 50 4234613 0 1788910024 774774 4195934
3 26 4311725 0 1788910024 775872 4193796
0 51 4329425 0 1788910024 905994 4251790
1 51 4283112 0 1788910024 906214 4244651
2 26 4339370 0 1788910024 909708 4201373
0 52 4396040 0 1788910025 52095 4298603
1 52 4395852 0 1788910025 52358 4344464
3 27 4429828 0 1788910025 72417 4263173
0 53 4549096 0 1788910025 248693 4453899
1 53 4546465 0 1788910025 248876 4502837
2 27 4593603 0 1788910025 250857 4394610
0 54 4668440 0 1788910025 387690 4592025
1 54 4654025 0 1788910025 387984 4613409
3 28 4683398 0 1788910025 388104 4543621
0 55 4770177 0 1788910025 534107 4678750
1 55 4749675 0 1788910025 536463 4708123
2 28 4778975 0 1788910025 537591 4628828
0 56 4833120 0 1788910025 666961 4748262
1 56 4829464 0 1788910025 667110 4787129
3 29 4851207 0 1788910025 667288 4716872
0 57 4922748 0 1788910025 821687 4821682
1 57 4904046 0 1788910025 822105 4853975
2 29 4966643 0 1788910025 822908 4810420
0 58 4966516 0 1788910025 941704 4888955
1 58 4931732 0 1788910025 941885 4891012
3 30 4978814 0 1788910025 942004 4858106
0 59 4984014 0 1788910026 59862 4909463
1 59 4912344 0 1788910026 60193 4870732
2 30 5042279 0 1788910026 60513 4923266
0 60 4829492 0 1788910026 121404 4822958
1 60 4892574 0 1788910026 250668 4816067
2 31 4891283 0 1788910026 250920 4849944
3 31 5043530 0 1788910026 251191 4851709
0 61 5082671 0 1788910026 460094 4872875
1 61 5029118 0 1788910026 460336 4890064
2 32 4994221 0 1788910026 460461 4926424
0 62 5123805 0 1788910026 608110 5026718
1 62 5128430 0 1788910026 613763 5070579
3 32 5137352 0 1788910026 614012 4983187
0 63 5368503 0 1788910026 870818 5175890
1 63 5369070 0 1788910026 871629 5259219
2 33 5391484 0 1788910026 878963 5120439
0 64 5736823 0 1788910027 258702 5482349
1 64 5736377 0 1788910027 258914 5630479
3 33 5747898 0 1788910027 259034 5358542
2 34 5721545 0 1788910027 263503 5707619
