0 1 165000 0 1788909921 624425 43615
1 1 151954 0 1788909921 627910 62559
2 1 151781 0 1788909921 628428 102651
0 2 279010 0 1788909921 775469 179749
1 2 251005 0 1788909921 775603 190601
3 1 286018 0 1788909921 779333 130811
0 3 342502 0 1788909921 924066 248590
1 3 331041 0 1788909921 932660 267150
2 2 395334 0 1788909921 933371 237189
0 4 471377 0 1788909922 91060 382515
1 4 463375 0 1788909922 91502 417841
3 2 476772 0 1788909922 91666 306943
0 5 559787 0 1788909922 211256 486776
1 5 553652 0 1788909922 211486 519002
2 3 578891 0 1788909922 214804 454880
0 6 646586 0 1788909922 346300 560136
1 6 623199 0 1788909922 346784 580239
3 3 682673 0 1788909922 347022 546674
0 7 688039 0 1788909922 531727 565377
1 7 689882 0 1788909922 540722 618944
2 4 801180 0 1788909922 541750 605323
0 8 817893 0 1788909922 695300 732829
1 8 774279 0 1788909922 695504 731289
3 4 819700 0 1788909922 695644 655579
0 9 899339 0 1788909922 838120 805486
1 9 888462 0 1788909922 838791 841840
2 5 901488 0 1788909922 838987 757514
0 10 985791 0 1788909922 991702 879785
1 10 964435 0 1788909922 992858 923127
3 5 1018534 0 1788909922 993132 860409
0 11 1167794 0 1788909923 236987 995181
1 11 1163184 0 1788909923 237163 1099178
2 6 1172244 0 1788909923 237409 926217
0 12 1413321 0 1788909923 505460 1226216
1 12 1367232 0 1788909923 508820 1283296
3 6 1431994 0 1788909923 509047 1159275
0 13 1526428 0 1788909923 769869 1317185
1 13 1494043 0 1788909923 770809 1377376
2 7 1557828 0 1788909923 772282 1281093
0 14 1736809 0 1788909924 44968 1544911
1 14 1751861 0 1788909924 60679 1634975
3 7 1769466 0 1788909924 60907 1478083
0 15 1897172 0 1788909924 310889 1742337
1 15 1896646 0 1788909924 311262 1814279
2 8 1941712 0 1788909924 311518 1674936
0 16 2112624 0 1788909924 574737 1970480
1 16 2104787 0 1788909924 575386 2031804
3 8 2135895 0 1788909924 575798 1870745
0 17 2277503 0 1788909924 778204 2137958
1 17 2266923 0 1788909924 778417 2203756
2 9 2304030 0 1788909924 778534 2099968
0 18 2412046 0 1788909924 976448 2300604
1 18 2318170 0 1788909924 976686 2267050
3 9 2446337 0 1788909924 980853 2243466
0 19 2503772 0 1788909925 199843 2365664
1 19 2497296 0 1788909925 200086 2447503
2 10 2540627 0 1788909925 200712 2316124
0 20 2759654 0 1788909925 499982 2526222
1 20 2739710 0 1788909925 500115 2629702
3 10 2794316 0 1788909925 500213 2493405
0 21 3246125 0 1788909926 51638 2867367
1 21 3214213 0 1788909926 51862 2969430
2 11 3258049 0 1788909926 52048 2705358
0 22 3456381 0 1788909926 356610 3285656
1 22 3424143 0 1788909926 357559 3322032
3 11 3499458 0 1788909926 358114 3191215
3 12 3657403 0 1788909926 640960 3654003
0 23 3772826 0 1788909926 730836 3515806
1 23 3766809 0 1788909926 736193 3574317
2 12 3798922 0 1788909926 736960 3417896
0 24 3897584 0 1788909926 948093 3754890
1 24 3861689 0 1788909926 948276 3775126
3 13 3929537 0 1788909926 949481 3710700
0 25 4088881 0 1788909927 203285 3899430
1 25 4074257 0 1788909927 203637 3977932
2 13 4102213 0 1788909927 214497 3835605
0 26 4377272 0 1788909927 525031 4157013
1 26 4337065 0 1788909927 525226 4262673
3 14 4398210 0 1788909927 541884 4058430
0 27 4595636 0 1788909927 825814 4467603
1 27 4568084 0 1788909927 826162 4502603
2 14 4612224 0 1788909927 826297 4309422
0 28 4781032 0 1788909928 63476 4620005
1 28 4780816 0 1788909928 63611 4674649
3 15 4785424 0 1788909928 63711 4546430
3 16 4962585 0 1788909928 357879 4958587
0 29 5118430 0 1788909928 411110 4860699
1 29 5039101 0 1788909928 411369 4868993
2 15 5123722 0 1788909928 411576 4775419
0 30 5173997 0 1788909928 588776 5056586
1 30 5148390 0 1788909928 589012 5082171
3 17 5183298 0 1788909928 594871 4999230
0 31 5280621 0 1788909928 737391 5180360
1 31 5237824 0 1788909928 737804 5181225
2 16 5287815 0 1788909928 738087 5138159
0 32 5380453 0 1788909928 941865 5247593
1 32 5372588 0 1788909928 942130 5311414
3 18 5382198 0 1788909928 942262 5177051
0 33 5550527 0 1788909929 155310 5407686
1 33 5507269 0 1788909929 155624 5434269
2 17 5556584 0 1788909929 155851 5342265
0 34 5747764 0 1788909929 427207 5569206
1 34 5724598 0 1788909929 427366 5651876
3 19 5802458 0 1788909929 473978 5483496
0 35 6038743 0 1788909929 809412 5803468
1 35 6033734 0 1788909929 812975 5931084
2 18 6057990 0 1788909929 822831 5662023
0 36 6339613 0 1788909930 164761 6096654
1 36 6312814 0 1788909930 164986 6182090
3 20 6368393 0 1788909930 165117 6012323
0 37 6601242 0 1788909930 499755 6383538
1 37 6598173 0 1788909930 499951 6517382
2 19 6624299 0 1788909930 500234 6288600
0 38 6832471 0 1788909930 747886 6686259
1 38 6808635 0 1788909930 750772 6712588
3 21 6875098 0 1788909930 784585 6589909
0 39 7070514 0 1788909931 31917 6893663
1 39 7003958 0 1788909931 32107 6905749
2 20 7110798 0 1788909931 56028 6801632
0 40 7453775 0 1788909931 519366 7198550
1 40 7406372 0 1788909931 519561 7245778
3 22 7473279 0 1788909931 521192 6983746
2 21 7437249 0 1788909931 550791 7405545
