4 1 205566 0 1788909996 785434 51144
5 1 200889 0 1788909996 791217 88472
6 1 200512 0 1788909996 791387 143705
4 2 382519 0 1788909996 996019 245059
5 2 378612 0 1788909996 996176 300415
7 1 406961 0 1788909996 999082 193111
4 3 572978 0 1788909997 223184 438016
5 3 569295 0 1788909997 223394 497840
6 2 578521 0 1788909997 223638 350627
4 4 784025 0 1788909997 451082 634810
5 4 778561 0 1788909997 451247 699994
7 2 795389 0 1788909997 451913 566284
4 5 974022 0 1788909997 658873 831669
5 5 955269 0 1788909997 659124 884074
6 3 985258 0 1788909997 666630 769452
4 6 1124562 0 1788909997 855349 999956
5 6 1114553 0 1788909997 865343 1043618
7 3 1139755 0 1788909997 868510 929842
4 7 1280980 0 1788909998 73454 1142470
5 7 1260960 0 1788909998 73698 1193582
6 4 1296433 0 1788909998 73905 1077640
4 8 1445494 0 1788909998 286866 1283951
5 8 1380587 0 1788909998 287063 1285209
7 4 1447271 0 1788909998 287190 1233244
4 9 1574726 0 1788909998 492033 1451575
5 9 1570680 0 1788909998 492236 1506903
6 5 1577240 0 1788909998 492429 1371506
4 10 1783623 0 1788909998 740102 1647130
5 10 1759824 0 1788909998 740543 1692032
7 5 1795732 0 1788909998 740689 1546939
4 11 1889445 0 1788909998 916114 1768550
5 11 1867896 0 1788909998 916280 1809168
6 6 1901376 0 1788909998 917061 1723880
4 12 1998617 0 1788909999 109931 1864036
5 12 1904635 0 1788909999 110319 1830526
7 6 2006818 0 1788909999 110497 1812281
4 13 2056177 0 1788909999 281501 1951259
5 13 2018979 0 1788909999 281696 1968157
6 7 2069285 0 1788909999 281872 1897102
4 14 2152022 0 1788909999 421243 2068719
5 14 2151077 0 1788909999 423195 2106459
7 7 2158862 0 1788909999 423412 2016666
4 15 2287888 0 1788909999 568540 2186640
5 15 2282145 0 1788909999 568904 2228200
6 8 2291229 0 1788909999 569300 2142927
4 16 2355709 0 1788909999 703380 2261098
5 16 2329971 0 1788909999 704596 2276690
7 8 2397454 0 1788909999 705467 2260057
4 17 2503832 0 1788909999 912403 2358311
5 17 2496837 0 1788909999 923427 2399828
6 9 2527368 0 1788909999 924153 2306250
4 18 2542149 0 1788910000 10251 2535157
4 19 2750187 0 1788910000 346015 2736161
4 20 2861504 0 1788910000 459418 2854352
5 18 3011699 0 1788910000 534547 2642944
6 10 2987653 0 1788910000 534803 2699058
7 9 3071342 0 1788910000 535104 2448441
4 21 3094013 0 1788910000 697526 2925829
5 19 3071959 0 1788910000 697765 2985455
6 11 3040895 0 1788910000 697871 3007887
4 22 3093323 0 1788910000 796475 3027187
5 20 3081137 0 1788910000 799426 3045066
7 10 3126895 0 1788910000 799574 3024599
4 23 3155217 0 1788910000 902469 3092405
5 21 3146624 0 1788910000 902802 3114303
6 12 3168875 0 1788910000 903609 3061169
4 24 3225346 0 1788910001 41296 3129765
5 22 3220919 0 1788910001 41432 3177849
7 11 3277117 0 1788910001 41687 3137590
4 25 3336726 0 1788910001 177063 3243236
5 23 3291889 0 1788910001 177404 3251676
6 13 3350346 0 1788910001 177798 3213662
4 26 3423260 0 1788910001 321383 3325749
5 24 3411243 0 1788910001 321635 3358638
7 12 3425294 0 1788910001 321785 3279935
4 27 3492202 0 1788910001 436847 3418839
5 25 3463793 0 1788910001 437132 3426604
6 14 3525783 0 1788910001 437817 3409096
4 28 3515962 0 1788910001 538841 3451969
5 26 3494659 0 1788910001 539217 3462678
7 13 3565103 0 1788910001 539385 3459792
4 29 3592279 0 1788910001 646752 3521257
5 27 3576493 0 1788910001 646881 3541058
6 15 3600044 0 1788910001 646991 3491689
4 30 3614317 0 1788910001 753107 3542421
5 28 3604450 0 1788910001 753814 3571739
7 14 3619941 0 1788910001 754036 3512484
4 31 3711841 0 1788910001 868834 3634148
5 29 3688330 0 1788910001 869032 3646082
6 16 3712972 0 1788910001 869266 3596000
4 32 3756762 0 1788910001 965444 3693801
5 30 3751000 0 1788910001 965567 3719740
7 15 3766209 0 1788910001 965747 3669033
4 33 3902086 0 1788910002 146540 3769040
5 31 3885006 0 1788910002 146802 3829691
6 17 3932332 0 1788910002 146970 3750517
4 34 4041050 0 1788910002 324978 3932813
5 32 4030371 0 1788910002 325153 3977859
7 16 4041431 0 1788910002 325317 3856331
4 35 4168931 0 1788910002 479705 4079581
5 33 4158568 0 1788910002 479999 4120194
6 18 4179976 0 1788910002 480539 4021636
4 36 4217101 0 1788910002 610202 4125661
5 34 4217381 0 1788910002 610629 4174064
7 17 4228492 0 1788910002 610836 4097146
4 37 4293921 0 1788910002 722711 4218661
5 35 4271344 0 1788910002 722904 4231034
6 19 4313462 0 1788910002 723070 4199979
4 38 4363810 0 1788910002 826206 4298081
5 36 4352967 0 1788910002 826534 4319063
7 18 4370197 0 1788910002 826668 4265884
4 39 4431043 0 1788910002 935693 4354578
5 37 4424678 0 1788910002 935828 4380985
6 20 4455656 0 1788910002 935930 4345734
4 40 4515291 0 1788910003 35495 4453561
5 38 4495507 0 1788910003 36693 4463613
7 19 4524517 0 1788910003 36870 4423066
4 41 4571654 0 1788910003 152764 4493700
5 39 4562183 0 1788910003 153001 4518693
6 21 4582365 0 1788910003 158425 4459190
4 42 4659873 0 1788910003 272248 4579489
5 40 4628156 0 1788910003 272626 4587846
7 20 4675650 0 1788910003 273131 4554917
4 43 4690612 0 1788910003 373977 4627667
5 41 4686818 0 1788910003 374180 4653766
6 22 4720925 0 1788910003 374781 4618153
4 44 4771067 0 1788910003 490795 4697884
5 42 4767580 0 1788910003 493262 4729589
7 21 4776223 0 1788910003 493896 4656063
4 45 4856721 0 1788910003 603907 4785647
5 43 4834385 0 1788910003 604102 4799065
6 23 4861789 0 1788910003 604252 4748109
4 46 4871661 0 1788910003 701358 4810100
5 44 4861601 0 1788910003 701580 4827175
7 22 4881567 0 1788910003 702088 4783089
4 47 4903786 0 1788910003 807092 4832923
5 45 4861892 0 1788910003 807302 4827109
6 24 4953873 0 1788910003 807474 4847564
4 48 4883106 0 1788910003 909996 4813271
5 46 4857024 0 1788910003 910261 4826018
7 23 4899049 0 1788910003 911302 4794649
4 49 4902022 0 1788910004 17037 4828589
5 47 4892252 0 1788910004 17169 4852866
6 25 4909911 0 1788910004 17280 4802397
4 50 4979538 0 1788910004 155902 4896980
5 48 4975581 0 1788910004 156087 4940301
7 24 5003153 0 1788910004 156265 4863625
4 51 5014727 0 1788910004 266749 4940119
5 49 4973206 0 1788910004 266895 4933243
6 26 5066293 0 1788910004 271829 4949891
4 52 5039110 0 1788910004 380506 5034801
5 50 5253062 0 1788910004 595184 5110913
6 27 5252386 0 1788910004 598629 5182988
7 25 5287646 0 1788910004 598844 4955086
4 53 5525447 0 1788910004 871899 5247951
5 51 5508203 0 1788910004 883621 5309096
6 28 5490648 0 1788910004 883766 5365091
4 54 5719107 0 1788910005 167690 5540361
5 52 5719134 0 1788910005 167979 5649973
7 26 5771255 0 1788910005 168253 5474677
4 55 5864999 0 1788910005 391152 5733355
5 53 5848106 0 1788910005 391337 5787415
6 29 5880622 0 1788910005 394516 5653573
4 56 6064865 0 1788910005 633672 5918736
5 54 6067018 0 1788910005 644627 5982869
7 27 6093920 0 1788910005 654560 5830274
4 57 6276852 0 1788910005 856083 6154937
5 55 6246881 0 1788910005 856320 6192685
6 30 6277723 0 1788910005 856495 6054394
4 58 6342059 0 1788910006 6176 6240999
5 56 6341391 0 1788910006 6397 6289443
7 28 6350379 0 1788910006 6545 6199672
4 59 6521721 0 1788910006 201849 6410338
5 57 6461142 0 1788910006 202097 6407440
6 31 6529697 0 1788910006 202258 6333367
4 60 6553954 0 1788910006 408965 6416968
5 58 6533164 0 1788910006 409171 6463791
7 29 6600871 0 1788910006 409286 6393155
4 61 6646806 0 1788910006 547014 6577423
6 32 6663499 0 1788910006 547207 6524953
5 59 6680740 0 1788910006 605082 6622432
