4 1 290261 0 1788909953 341464 82782
5 1 296344 0 1788909953 358007 162831
6 1 295945 0 1788909953 358155 225725
4 2 529379 0 1788909953 614213 346610
5 2 526012 0 1788909953 614910 410792
7 1 551601 0 1788909953 615057 277766
4 3 702209 0 1788909953 823750 580314
5 3 698471 0 1788909953 823906 641536
6 2 707676 0 1788909953 824127 497487
4 4 900903 0 1788909954 39296 766844
5 4 895396 0 1788909954 39417 824553
7 2 911640 0 1788909954 39499 695552
4 5 1029604 0 1788909954 185790 951792
5 5 1010723 0 1788909954 185913 970473
6 3 1038203 0 1788909954 190911 886313
4 6 1114968 0 1788909954 317091 1031175
5 6 1095316 0 1788909954 317440 1049790
7 3 1117697 0 1788909954 317788 985426
4 7 1167124 0 1788909954 430932 1092501
5 7 1147124 0 1788909954 431197 1108330
6 4 1185128 0 1788909954 433934 1068010
4 8 1243556 0 1788909954 556263 1161233
5 8 1178605 0 1788909954 556416 1130447
7 4 1245346 0 1788909954 556601 1118541
4 9 1303390 0 1788909954 692032 1228567
5 9 1299329 0 1788909954 692220 1258875
6 5 1305862 0 1788909954 692386 1169489
6 6 1387788 0 1788909954 874809 1381839
4 10 1525715 0 1788909954 953528 1314542
5 10 1503290 0 1788909954 955344 1346346
7 5 1539415 0 1788909954 955706 1275514
4 11 1794050 0 1788909955 313770 1564887
5 11 1741260 0 1788909955 316275 1626181
6 7 1823604 0 1788909955 321607 1453501
4 12 1913303 0 1788909955 590322 1909771
5 12 2282849 0 1788909955 966772 2020010
6 8 2270510 0 1788909955 967170 2177556
7 6 2384707 0 1788909955 967355 1730127
4 13 2428444 0 1788909956 162496 2232373
5 13 2426938 0 1788909956 162824 2306202
6 9 2423433 0 1788909956 163988 2368946
4 14 2630933 0 1788909956 380339 2505824
5 14 2628635 0 1788909956 380620 2573124
7 7 2637528 0 1788909956 380982 2418766
4 15 2835748 0 1788909956 615096 2672060
5 15 2797337 0 1788909956 616343 2718468
6 10 2858468 0 1788909956 616563 2621929
4 16 3056364 0 1788909956 924484 2859307
5 16 3044714 0 1788909956 924619 2910871
7 8 3078749 0 1788909956 924707 2767704
7 9 3239774 0 1788909957 233958 3233646
4 17 3368976 0 1788909957 304072 3133760
5 17 3365852 0 1788909957 305290 3209169
6 11 3407562 0 1788909957 305487 3024736
4 18 3451726 0 1788909957 518888 3307029
5 18 3449776 0 1788909957 519025 3364602
7 10 3500655 0 1788909957 519139 3285269
4 19 3767224 0 1788909957 864364 3526820
5 19 3736234 0 1788909957 864546 3574380
6 12 3789801 0 1788909957 864648 3443326
5 20 3844818 0 1788909958 34442 3837354
4 20 3957355 0 1788909958 131843 3765309
6 13 3937329 0 1788909958 143398 3881847
7 11 3999706 0 1788909958 143720 3720119
4 21 4228858 0 1788909958 456371 4011298
5 21 4239850 0 1788909958 458438 3913047
6 14 4222697 0 1788909958 458602 4084457
4 22 4639052 0 1788909958 930901 4384731
5 22 4632276 0 1788909958 931062 4543414
7 12 4643886 0 1788909958 931171 4168855
4 23 5026115 0 1788909959 382965 4683810
5 23 5015420 0 1788909959 383247 4905236
6 15 5071765 0 1788909959 383438 4618854
4 24 6812139 0 1788909961 193866 5211135
5 24 6810633 0 1788909961 194002 5497959
7 13 6824632 0 1788909961 194090 5013375
4 25 7347601 0 1788909961 792275 6956919
5 25 7355065 0 1788909961 800683 7112419
6 16 7385516 0 1788909961 801496 6777308
4 26 9265211 0 1788909963 781105 7443932
5 26 9262968 0 1788909963 781249 8009500
7 14 9287169 0 1788909963 781383 7297583
6 17 9290921 0 1788909963 816729 9255072
