4 1 301254 0 1788909986 576856 45191
5 1 292658 0 1788909986 578720 130287
6 1 292279 0 1788909986 578888 211991
4 2 480608 0 1788909986 789841 365212
5 2 476836 0 1788909986 790133 428936
7 1 502471 0 1788909986 790326 288790
4 3 598170 0 1788909986 944110 482701
5 3 594529 0 1788909986 944362 534201
6 2 603686 0 1788909986 944536 448757
4 4 759007 0 1788909987 121799 636101
5 4 753865 0 1788909987 122286 681966
7 2 770153 0 1788909987 122411 591607
4 5 906284 0 1788909987 286868 796105
5 5 887488 0 1788909987 287077 827506
6 3 911599 0 1788909987 288705 743527
4 6 1076807 0 1788909987 503329 930279
5 6 1057350 0 1788909987 503873 1004587
7 3 1079508 0 1788909987 503998 862096
4 7 1239820 0 1788909987 728028 1087666
5 7 1219817 0 1788909987 728289 1127936
6 4 1255305 0 1788909987 728510 1028635
4 8 1322433 0 1788909987 859539 1240842
5 8 1257508 0 1788909987 859718 1210368
7 4 1324199 0 1788909987 859852 1191965
4 9 1438740 0 1788909988 51781 1307202
5 9 1435631 0 1788909988 52921 1346759
6 5 1442129 0 1788909988 53052 1248373
4 10 1568467 0 1788909988 220680 1465508
5 10 1545937 0 1788909988 222391 1493464
7 5 1581835 0 1788909988 222526 1410829
4 11 1684179 0 1788909988 406582 1551405
5 11 1662662 0 1788909988 406780 1612666
6 6 1695465 0 1788909988 406884 1509028
4 12 1791437 0 1788909988 598484 1686344
5 12 1697273 0 1788909988 598691 1645216
7 6 1799394 0 1788909988 598808 1606947
4 13 1926730 0 1788909988 847788 1752086
5 13 1889536 0 1788909988 847987 1808196
6 7 1939834 0 1788909988 848155 1689920
4 14 2174658 0 1788909989 139612 1994201
5 14 2173860 0 1788909989 141712 2076797
7 7 2181947 0 1788909989 142231 1887268
4 15 2653209 0 1788909989 629593 2327452
5 15 2647995 0 1788909989 630489 2421068
6 8 2656820 0 1788909989 630625 2161420
4 16 3004766 0 1788909990 48170 2798843
5 16 2978241 0 1788909990 48598 2881421
7 8 3045043 0 1788909990 48790 2619126
4 17 3225003 0 1788909990 329307 3051596
5 17 3207212 0 1788909990 329536 3148998
6 9 3237502 0 1788909990 330020 2955403
4 18 3536971 0 1788909990 700808 3261642
5 18 3496190 0 1788909990 714772 3378185
7 9 3555494 0 1788909990 714990 3169530
4 19 3662521 0 1788909990 954082 3514076
5 19 3660706 0 1788909990 954354 3585274
6 10 3711657 0 1788909990 954540 3450410
4 20 3853384 0 1788909991 174924 3708932
5 20 3822359 0 1788909991 175069 3752178
7 10 3875916 0 1788909991 175162 3654567
4 21 4077595 0 1788909991 476482 3924298
5 21 4062687 0 1788909991 476710 3984722
6 11 4108412 0 1788909991 476825 3806274
4 22 4233535 0 1788909991 676522 4115324
5 22 4224740 0 1788909991 676653 4166314
7 11 4256746 0 1788909991 687214 4043516
4 23 4397375 0 1788909991 909060 4241291
5 23 4392948 0 1788909991 909195 4324686
6 12 4448993 0 1788909991 909297 4216031
6 13 4598073 0 1788909992 190298 4591600
4 24 4744113 0 1788909992 280184 4449313
5 24 4699117 0 1788909992 280366 4503508
7 12 4757352 0 1788909992 280537 4385717
4 25 4936788 0 1788909992 542914 4751797
5 25 4935420 0 1788909992 543187 4840972
6 14 4949703 0 1788909992 543560 4686079
4 26 5114253 0 1788909992 783325 4973438
5 26 5118191 0 1788909992 788207 5037003
7 13 5148071 0 1788909992 788450 4902276
4 27 5258738 0 1788909992 999031 5134571
5 27 5256578 0 1788909992 999258 5200159
6 15 5280749 0 1788909992 999362 5064511
4 28 5420595 0 1788909993 186717 5294140
5 28 5357125 0 1788909993 186955 5296429
7 14 5436905 0 1788909993 187112 5248593
4 29 5608160 0 1788909993 453258 5468357
5 29 5601512 0 1788909993 453541 5541244
6 16 5619196 0 1788909993 453720 5350901
4 30 5752885 0 1788909993 629321 5624906
5 30 5734369 0 1788909993 629642 5658753
7 15 5782048 0 1788909993 634776 5600309
4 31 5899749 0 1788909993 810050 5784195
5 31 5899974 0 1788909993 810346 5845138
6 17 5906088 0 1788909993 810505 5724698
4 32 6026661 0 1788909993 984191 5926517
5 32 6005216 0 1788909993 984835 5951101
7 16 6044757 0 1788909993 984944 5869638
4 33 6206831 0 1788909994 197348 6051787
5 33 6201290 0 1788909994 197587 6112128
6 18 6218102 0 1788909994 197764 6004281
6 19 6393725 0 1788909994 482561 6374473
4 34 6568295 0 1788909994 585459 6253953
5 34 6513359 0 1788909994 591436 6313634
7 17 6585154 0 1788909994 591663 6190529
4 35 6699376 0 1788909994 804719 6555049
5 35 6681915 0 1788909994 806439 6590259
6 20 6717590 0 1788909994 806572 6495184
4 36 6849227 0 1788909995 1432 6707654
5 36 6844139 0 1788909995 2269 6754429
7 18 6855322 0 1788909995 2616 6657149
4 37 7071751 0 1788909995 247759 6900282
5 37 7047664 0 1788909995 248048 6940117
6 21 7078857 0 1788909995 248158 6831551
5 38 7181650 0 1788909995 397589 7175361
4 38 7316106 0 1788909995 524193 7141326
6 22 7288391 0 1788909995 525310 7230016
7 19 7318548 0 1788909995 525432 7032873
4 39 7450001 0 1788909995 726845 7325407
5 39 7468227 0 1788909995 740020 7252150
6 23 7453597 0 1788909995 740148 7389262
4 40 7693686 0 1788909996 1795 7514566
5 40 7675944 0 1788909996 16147 7569644
7 20 7723423 0 1788909996 16638 7433374
4 41 7909166 0 1788909996 288264 7742531
5 41 7905366 0 1788909996 288461 7825523
6 24 7939039 0 1788909996 288630 7652027
7 21 7885038 0 1788909996 298446 7874533
