4 1 385204 0 1788910007 475844 95519
5 1 376839 0 1788910007 477939 183301
6 1 377245 0 1788910007 478892 288871
4 2 537848 0 1788910007 662120 411622
5 2 534067 0 1788910007 662402 472713
7 1 559695 0 1788910007 662589 372391
4 3 707153 0 1788910007 868131 568346
5 3 703445 0 1788910007 868317 622524
6 2 713454 0 1788910007 869342 505685
4 4 970038 0 1788910008 147867 775377
5 4 964625 0 1788910008 148084 901633
7 2 980962 0 1788910008 148258 700619
4 5 1131762 0 1788910008 327384 1032625
5 5 1113013 0 1788910008 327641 1075679
6 3 1136483 0 1788910008 328628 955482
4 6 1205332 0 1788910008 446891 1140948
5 6 1185527 0 1788910008 447089 1152282
7 3 1211086 0 1788910008 450613 1087671
4 7 1242716 0 1788910008 545961 1176758
5 7 1222870 0 1788910008 546380 1185247
6 4 1258297 0 1788910008 546540 1158401
4 8 1305011 0 1788910008 657154 1231553
5 8 1243250 0 1788910008 660498 1200468
7 4 1309923 0 1788910008 660614 1195012
4 9 1365186 0 1788910008 793266 1275831
5 9 1361082 0 1788910008 793410 1318433
6 5 1372760 0 1788910008 798722 1231042
4 10 1480862 0 1788910008 948112 1399710
5 10 1456989 0 1788910008 948480 1412224
7 5 1492937 0 1788910008 948665 1337217
4 11 1513268 0 1788910009 50709 1449954
5 11 1491860 0 1788910009 51016 1457897
6 6 1524697 0 1788910009 51154 1421305
4 12 1545596 0 1788910009 167682 1476542
5 12 1451413 0 1788910009 167869 1419729
7 6 1553533 0 1788910009 167984 1436027
4 13 1557477 0 1788910009 293573 1460635
5 13 1520575 0 1788910009 294065 1470371
6 7 1571103 0 1788910009 294463 1444117
5 14 1594661 0 1788910009 377551 1591428
4 14 1671546 0 1788910009 451539 1555981
6 8 1663165 0 1788910009 452008 1633933
7 7 1677039 0 1788910009 452361 1517960
4 15 1780377 0 1788910009 577909 1689512
5 15 1786922 0 1788910009 578344 1659751
6 9 1759976 0 1788910009 578761 1719314
4 16 1793606 0 1788910009 679001 1731045
5 16 1771697 0 1788910009 679253 1741521
7 8 1821127 0 1788910009 679569 1718853
4 17 1836972 0 1788910009 774335 1775901
5 17 1800087 0 1788910009 774621 1769983
6 10 1855649 0 1788910009 774991 1759408
4 18 1841733 0 1788910009 875353 1775819
5 18 1817841 0 1788910009 875762 1783843
7 9 1897025 0 1788910009 875899 1795130
4 19 1916084 0 1788910010 24770 1823487
5 19 1910934 0 1788910010 25219 1873089
6 11 1919084 0 1788910010 25684 1768381
4 20 1975471 0 1788910010 143219 1899908
5 20 1959937 0 1788910010 143388 1922352
7 10 2006960 0 1788910010 143537 1887841
7 11 2004813 0 1788910010 262837 2000995
4 21 2090973 0 1788910010 320035 1953580
5 21 2074669 0 1788910010 320175 1974794
6 12 2106409 0 1788910010 320334 1929117
4 22 2189238 0 1788910010 464580 2090114
5 22 2138065 0 1788910010 464788 2077223
7 12 2198134 0 1788910010 465084 2052749
4 23 2371403 0 1788910010 709627 2181294
5 23 2359180 0 1788910010 710289 2270088
6 13 2379541 0 1788910010 710827 2133065
4 24 2870345 0 1788910011 277608 2376936
5 24 2868945 0 1788910011 277840 2754106
7 13 2881787 0 1788910011 278073 2308818
4 25 3035902 0 1788910011 458707 2942506
5 25 3004139 0 1788910011 459556 2961117
6 14 3041038 0 1788910011 462202 2856239
4 26 3119655 0 1788910011 604710 3026793
5 26 3071211 0 1788910011 604862 3025445
7 14 3126420 0 1788910011 610531 2974356
4 27 3189140 0 1788910011 746858 3100378
5 27 3181770 0 1788910011 747015 3136736
6 15 3191809 0 1788910011 747139 3048746
4 28 3258523 0 1788910011 903391 3153825
5 28 3254074 0 1788910011 903636 3215231
7 15 3322605 0 1788910011 903765 3165482
4 29 3349217 0 1788910012 16284 3268024
5 29 3348642 0 1788910012 16407 3301237
6 16 3356367 0 1788910012 16504 3242876
4 30 3441688 0 1788910012 151999 3354509
5 30 3433909 0 1788910012 153364 3390511
7 16 3462310 0 1788910012 153784 3324565
4 31 3565882 0 1788910012 291291 3489379
5 31 3536324 0 1788910012 291549 3498959
6 17 3566350 0 1788910012 291689 3425627
4 32 3617889 0 1788910012 412546 3550559
5 32 3618051 0 1788910012 412752 3586360
7 17 3640360 0 1788910012 412929 3517559
4 33 3734093 0 1788910012 545428 3645393
5 33 3724077 0 1788910012 545623 3675200
6 18 3740185 0 1788910012 545739 3606662
4 34 3773075 0 1788910012 666191 3699110
5 34 3763358 0 1788910012 667231 3725086
7 18 3835201 0 1788910012 667403 3712914
4 35 3856953 0 1788910012 777334 3788124
5 35 3837949 0 1788910012 777512 3801238
6 19 3873647 0 1788910012 777667 3761888
4 36 3983493 0 1788910012 950738 3873299
5 36 3978357 0 1788910012 951526 3935806
7 19 3989608 0 1788910012 951940 3814770
4 37 4137270 0 1788910013 128317 4007147
5 37 4113055 0 1788910013 128477 4044399
6 20 4144262 0 1788910013 128602 3966211
4 38 4212497 0 1788910013 235623 4145686
5 38 4204843 0 1788910013 235820 4168881
7 20 4214865 0 1788910013 236787 4106128
4 39 4256693 0 1788910013 343525 4181626
5 39 4252208 0 1788910013 344091 4219171
6 21 4292888 0 1788910013 344845 4183512
4 40 4345931 0 1788910013 454185 4270200
5 40 4331412 0 1788910013 454560 4294263
7 21 4353364 0 1788910013 454953 4240903
4 41 4383379 0 1788910013 548007 4319737
5 41 4354070 0 1788910013 548206 4318917
6 22 4393122 0 1788910013 548363 4298615
4 42 4423585 0 1788910013 652030 4357671
5 42 4421727 0 1788910013 652228 4385581
7 22 4456468 0 1788910013 654601 4349673
4 43 4511430 0 1788910013 764666 4435893
5 43 4506906 0 1788910013 764863 4464414
6 23 4528577 0 1788910013 765030 4415362
4 44 4546446 0 1788910013 877740 4466394
5 44 4537489 0 1788910013 877958 4490272
7 23 4597573 0 1788910013 878062 4483903
4 45 4638543 0 1788910014 2916 4554489
5 45 4588972 0 1788910014 3051 4541964
6 24 4653154 0 1788910014 3905 4522804
4 46 4605754 0 1788910014 128779 4518906
5 46 4593174 0 1788910014 130835 4543768
7 24 4675016 0 1788910014 131197 4546280
4 47 4648547 0 1788910014 266689 4564656
5 47 4641121 0 1788910014 266907 4600013
6 25 4703062 0 1788910014 267071 4564483
4 48 4718253 0 1788910014 382137 4642797
5 48 4695375 0 1788910014 382511 4659719
7 25 4747296 0 1788910014 382984 4630750
4 49 4803374 0 1788910014 519683 4705847
5 49 4757607 0 1788910014 520400 4696489
6 26 4829432 0 1788910014 520710 4690649
4 50 4820746 0 1788910014 642716 4749096
5 50 4790724 0 1788910014 642891 4757817
7 26 4838597 0 1788910014 643059 4712816
4 51 4947618 0 1788910014 804633 4837640
5 51 4948275 0 1788910014 805500 4900818
6 27 4952860 0 1788910014 805753 4789545
4 52 5011598 0 1788910014 915488 4945018
5 52 5007930 0 1788910014 915700 4970362
7 27 5029704 0 1788910014 915894 4917819
4 53 5079049 0 1788910015 38666 4994594
5 53 5014204 0 1788910015 38871 4963627
6 28 5080106 0 1788910015 39461 4955778
4 54 5104807 0 1788910015 158810 5038574
5 54 5087593 0 1788910015 159005 5055263
7 28 5122260 0 1788910015 159185 5001453
4 55 5184473 0 1788910015 272854 5111509
5 55 5184080 0 1788910015 273624 5149490
6 29 5194455 0 1788910015 274033 5078997
4 56 5248602 0 1788910015 368813 5185494
5 56 5202145 0 1788910015 369083 5169614
7 29 5279249 0 1788910015 369252 5182646
4 57 5290159 0 1788910015 465937 5227152
5 57 5282877 0 1788910015 466210 5248402
6 30 5291491 0 1788910015 466381 5193731
4 58 5312206 0 1788910015 563933 5246201
5 58 5245065 0 1788910015 564252 5215661
7 30 5373540 0 1788910015 564440 5274383
4 59 5275693 0 1788910015 662472 5208553
5 59 5268896 0 1788910015 663377 5230113
6 31 5297774 0 1788910015 663557 5197926
4 60 5332769 0 1788910015 767883 5264406
5 60 5311351 0 1788910015 768484 5278167
7 31 5358801 0 1788910015 769782 5251224
4 61 5285876 0 1788910015 889625 5221971
5 61 5283976 0 1788910015 889823 5254353
6 32 5347179 0 1788910015 889996 5224834
4 62 5360386 0 1788910015 989681 5296178
5 62 5353448 0 1788910015 989942 5319535
7 32 5361742 0 1788910015 990182 5260615
4 63 5431581 0 1788910016 112311 5350082
5 63 5399747 0 1788910016 112788 5365743
6 33 5447616 0 1788910016 115266 5321774
4 64 5443687 0 1788910016 217461 5381148
5 64 5442364 0 1788910016 217744 5414507
7 33 5486890 0 1788910016 218101 5380759
4 65 5532251 0 1788910016 341975 5442681
5 65 5521377 0 1788910016 342160 5470007
6 34 5534359 0 1788910016 342639 5408926
4 66 5643863 0 1788910016 483202 5550193
5 66 5632722 0 1788910016 483375 5587786
7 34 5647882 0 1788910016 483588 5505810
4 67 5761214 0 1788910016 637979 5666627
5 67 5714164 0 1788910016 638289 5665424
6 35 5787700 0 1788910016 639221 5631465
4 68 5844097 0 1788910016 818783 5716420
5 68 5826324 0 1788910016 819021 5777061
7 35 5882200 0 1788910016 819254 5700676
4 69 5955870 0 1788910016 960338 5887299
6 36 5970991 0 1788910016 964256 5825046
5 69 5932660 0 1788910016 964397 5928389
