4 1 1369739 0 1788909966 879410 417694
5 1 1429839 0 1788909966 949969 586640
6 1 1430059 0 1788909966 950735 794959
4 2 2473777 0 1788909968 17078 2212128
5 2 2469842 0 1788909968 17208 2398104
7 1 2495392 0 1788909968 17315 1352041
4 3 2557120 0 1788909968 137128 2549498
5 3 2951724 0 1788909968 535625 2689914
6 2 2960890 0 1788909968 535808 2442027
7 2 2949569 0 1788909968 535895 2779968
4 4 3250503 0 1788909968 847363 2936152
5 4 3250179 0 1788909968 852668 3059166
6 3 3241733 0 1788909968 852908 3128547
4 5 3461703 0 1788909969 95361 3323975
5 5 3436992 0 1788909969 95549 3367846
7 3 3481059 0 1788909969 95711 3232477
4 6 3607053 0 1788909969 287644 3481129
5 6 3580557 0 1788909969 287830 3510603
6 4 3627411 0 1788909969 288001 3434537
4 7 3899174 0 1788909969 641715 3690282
5 7 3880951 0 1788909969 650673 3772603
7 4 3928644 0 1788909969 650919 3565005
4 8 4208668 0 1788909970 44947 4038554
5 8 4200221 0 1788909970 45212 4101701
6 5 4274197 0 1788909970 45371 3870109
4 9 4528077 0 1788909970 379435 4313104
5 9 4507509 0 1788909970 382268 4408640
7 5 4535343 0 1788909970 382453 4188046
4 10 4758267 0 1788909970 668788 4567818
5 10 4723602 0 1788909970 669089 4627094
6 6 4783296 0 1788909970 669576 4492906
4 11 4980845 0 1788909970 959031 4801931
5 11 4925763 0 1788909970 959244 4842709
7 6 5002948 0 1788909970 959418 4712084
5 12 5156039 0 1788909971 298429 5014936
4 12 6342713 0 1788909972 478199 4925762
6 7 6437628 0 1788909972 478744 4916939
7 7 6324145 0 1788909972 479271 6134269
4 13 6647488 0 1788909972 841840 6454514
5 13 6657318 0 1788909972 849837 6280006
6 8 6651045 0 1788909972 850067 6552096
4 14 6816610 0 1788909973 24483 6711050
5 14 6814189 0 1788909973 24641 6763728
7 8 6822899 0 1788909973 24820 6639609
4 15 7006526 0 1788909973 244342 6840440
5 15 6967432 0 1788909973 244904 6882356
6 9 7028650 0 1788909973 245211 6806483
4 16 7210217 0 1788909973 536803 7031655
5 16 7212439 0 1788909973 550812 7110509
7 9 7247412 0 1788909973 551838 6939074
4 17 7457488 0 1788909973 851051 7257446
5 17 7453343 0 1788909973 851247 7336704
6 10 7502684 0 1788909973 859077 7179499
4 18 7792881 0 1788909974 269832 7468384
5 18 7744364 0 1788909974 269994 7555463
7 10 7817517 0 1788909974 270168 7398115
4 19 7971215 0 1788909974 504530 7860358
5 19 7949121 0 1788909974 504728 7880518
6 11 7977124 0 1788909974 504841 7741135
4 20 8223576 0 1788909974 826057 7953562
5 20 8193275 0 1788909974 826230 8022187
7 11 8239598 0 1788909974 826376 7917490
4 21 8528333 0 1788909975 192870 8349191
5 21 8516135 0 1788909975 193189 8448865
6 12 8546172 0 1788909975 194264 8177768
4 22 8661390 0 1788909975 355762 8568552
5 22 8611457 0 1788909975 357209 8564094
7 12 8671824 0 1788909975 357804 8506704
6 13 8677322 0 1788909975 427637 8605179
4 23 8688134 0 1788909975 445387 8670115
