0 1 222436 0 1788909986 504403 44703
1 1 210707 0 1788909986 509205 83459
2 1 210181 0 1788909986 509370 142708
0 2 410916 0 1788909986 729916 285711
1 2 383239 0 1788909986 730379 317186
3 1 414792 0 1788909986 730648 188244
0 3 474896 0 1788909986 879000 375856
1 3 455150 0 1788909986 879309 396209
2 2 518858 0 1788909986 879436 368998
0 4 599808 0 1788909987 42032 492168
1 4 591648 0 1788909987 42315 534073
3 2 605057 0 1788909987 42493 441305
0 5 719660 0 1788909987 193670 627135
1 5 714709 0 1788909987 195085 663528
2 3 740231 0 1788909987 198686 583301
0 6 835314 0 1788909987 357569 726858
1 6 812130 0 1788909987 358255 754889
3 3 871728 0 1788909987 358618 706155
0 7 955283 0 1788909987 621512 793685
1 7 952927 0 1788909987 626308 865335
2 4 1063522 0 1788909987 626632 793002
0 8 1117162 0 1788909987 817110 1028346
1 8 1073484 0 1788909987 817250 1034215
3 4 1118922 0 1788909987 817408 922698
0 9 1201040 0 1788909987 962362 1104714
1 9 1189714 0 1788909987 962584 1141685
2 5 1202791 0 1788909987 962831 1056803
0 10 1327741 0 1788909988 156193 1209049
1 10 1305417 0 1788909988 156381 1252611
3 5 1359412 0 1788909988 156552 1165041
0 11 1435924 0 1788909988 327658 1309933
1 11 1431286 0 1788909988 327806 1367784
2 6 1441543 0 1788909988 329250 1268183
0 12 1615904 0 1788909988 530584 1472026
1 12 1566617 0 1788909988 530746 1503585
3 6 1631347 0 1788909988 530941 1427754
0 13 1660547 0 1788909988 726529 1523843
1 13 1627398 0 1788909988 726706 1548665
2 7 1689832 0 1788909988 726827 1493347
0 14 1852914 0 1788909988 983614 1695174
1 14 1853539 0 1788909988 984898 1769933
3 7 1871106 0 1788909988 985087 1612287
0 15 2099960 0 1788909989 336218 1867766
1 15 2103946 0 1788909989 341104 1990683
2 8 2149736 0 1788909989 342083 1791011
0 16 2531728 0 1788909989 816382 2229920
1 16 2523609 0 1788909989 816749 2378875
3 8 2554642 0 1788909989 817086 2066231
0 17 2930471 0 1788909990 253714 2625001
1 17 2919802 0 1788909990 253837 2785692
2 9 2956950 0 1788909990 253996 2517723
0 18 3178336 0 1788909990 565280 2983483
1 18 3086929 0 1788909990 567987 3005190
3 9 3211089 0 1788909990 568145 2896220
0 19 3313933 0 1788909990 832544 3161385
1 19 3307414 0 1788909990 832746 3228698
2 10 3350269 0 1788909990 832896 3082273
0 20 3510339 0 1788909991 73207 3356292
1 20 3490500 0 1788909991 73446 3412270
3 10 3545232 0 1788909991 73670 3303901
0 21 3564291 0 1788909991 192345 3507224
1 21 3533176 0 1788909991 193367 3505109
2 11 3581637 0 1788909991 198178 3456248
2 12 3749191 0 1788909991 509770 3745726
0 22 3839217 0 1788909991 561987 3600793
1 22 3810825 0 1788909991 566782 3652224
3 11 3891108 0 1788909991 572306 3510766
0 23 3979127 0 1788909991 771051 3843202
1 23 3965100 0 1788909991 771199 3885393
2 13 3991117 0 1788909991 771668 3781043
0 24 4181458 0 1788909992 54508 3984822
1 24 4145719 0 1788909992 54846 4057467
3 12 4212483 0 1788909992 54969 3928373
0 25 4403678 0 1788909992 340623 4221906
1 25 4388898 0 1788909992 340819 4321007
2 14 4406162 0 1788909992 340986 4119156
0 26 4482208 0 1788909992 452508 4443934
1 26 4632359 0 1788909992 643060 4507999
2 15 4623297 0 1788909992 659911 4534565
3 13 4693820 0 1788909992 660035 4374142
0 27 4904362 0 1788909992 957080 4590024
1 27 4876622 0 1788909992 957240 4695338
2 16 4856931 0 1788909992 957760 4763033
0 28 5134023 0 1788909993 239359 4948171
1 28 5129529 0 1788909993 239924 5032316
3 14 5137853 0 1788909993 242838 4851855
0 29 5273641 0 1788909993 468449 5145556
1 29 5251106 0 1788909993 468940 5199394
2 17 5354156 0 1788909993 469376 5123846
0 30 5443952 0 1788909993 681272 5319259
1 30 5418891 0 1788909993 682053 5356409
3 15 5448381 0 1788909993 682494 5233991
0 31 5596166 0 1788909993 875477 5469765
1 31 5553152 0 1788909993 875673 5484637
2 18 5605037 0 1788909993 877851 5408057
0 32 5655256 0 1788909994 39209 5550321
1 32 5647252 0 1788909994 39334 5588750
3 16 5657188 0 1788909994 39792 5492607
0 33 5821504 0 1788909994 248828 5680985
1 33 5779999 0 1788909994 250896 5702552
2 19 5829623 0 1788909994 251431 5617219
0 34 6014415 0 1788909994 516399 5849068
1 34 5991230 0 1788909994 516538 5921434
3 17 6042564 0 1788909994 536625 5754275
0 35 6157169 0 1788909994 750379 6022577
1 35 6148996 0 1788909994 750778 6083616
2 20 6163641 0 1788909994 751023 5926506
0 36 6288523 0 1788909994 936211 6167484
1 36 6262000 0 1788909994 936713 6213623
3 18 6317632 0 1788909994 936897 6126770
0 37 6425402 0 1788909995 146456 6293809
1 37 6422319 0 1788909995 146638 6357252
2 21 6448281 0 1788909995 146757 6237302
0 38 6624661 0 1788909995 362617 6483826
1 38 6598145 0 1788909995 362822 6509102
3 19 6636788 0 1788909995 368815 6411274
0 39 6802735 0 1788909995 586679 6649420
1 39 6736214 0 1788909995 586904 6656197
2 22 6819297 0 1788909995 587067 6592917
0 40 6934244 0 1788909995 822376 6810741
1 40 6886901 0 1788909995 822632 6824929
3 20 6952425 0 1788909995 822879 6715970
0 41 7153299 0 1788909996 93956 6964092
1 41 7118835 0 1788909996 94136 7022461
2 23 7158221 0 1788909996 94303 6882730
0 42 7232032 0 1788909996 270237 7172615
3 21 7278521 0 1788909996 274579 7097655
1 42 7170016 0 1788909996 274972 7164863
