4 1 189027 0 1788910048 623246 42611
5 1 180365 0 1788910048 625043 79723
6 1 179942 0 1788910048 625167 133653
4 2 314648 0 1788910048 782498 218881
5 2 311103 0 1788910048 783016 266889
7 1 336689 0 1788910048 783160 176540
4 3 462205 0 1788910048 966762 355450
5 3 458513 0 1788910048 966962 404131
6 2 467667 0 1788910048 967134 282838
4 4 580972 0 1788910049 102379 492981
5 4 575755 0 1788910049 102791 531522
7 2 596787 0 1788910049 107662 455639
4 5 762217 0 1788910049 301417 642029
5 5 743452 0 1788910049 301657 693666
6 3 767048 0 1788910049 302771 566418
4 6 886310 0 1788910049 471447 767166
5 6 866765 0 1788910049 471904 807961
7 3 889024 0 1788910049 472129 718063
4 7 1098455 0 1788910049 745278 900073
5 7 1085136 0 1788910049 752224 971256
6 4 1132271 0 1788910049 764093 839351
4 8 1354886 0 1788910050 50608 1235900
5 8 1290009 0 1788910050 50835 1241883
7 4 1357022 0 1788910050 51292 1050247
4 9 1435215 0 1788910050 206873 1338623
5 9 1431167 0 1788910050 207073 1381555
6 5 1437706 0 1788910050 207245 1280845
4 10 1544615 0 1788910050 355443 1446951
5 10 1520548 0 1788910050 355617 1474982
7 5 1556513 0 1788910050 355819 1407318
4 11 1653710 0 1788910050 534729 1532410
5 11 1632543 0 1788910050 535277 1587418
6 6 1665367 0 1788910050 535402 1485132
4 12 1756160 0 1788910050 721824 1625647
5 12 1662294 0 1788910050 722329 1593441
7 6 1764411 0 1788910050 722440 1575281
4 13 1914993 0 1788910050 994667 1745355
5 13 1882763 0 1788910050 999831 1793562
6 7 1935346 0 1788910051 2283 1654539
4 14 2085622 0 1788910051 209192 1951571
5 14 2084225 0 1788910051 210694 2015464
7 7 2091896 0 1788910051 210797 1875398
4 15 2137430 0 1788910051 272430 2133614
5 15 2349361 0 1788910051 490471 2201232
6 8 2358671 0 1788910051 491092 2076439
7 8 2333790 0 1788910051 496153 2275588
4 16 2583351 0 1788910051 785371 2287865
5 16 2556678 0 1788910051 785651 2326642
6 9 2534757 0 1788910051 785891 2354594
4 17 2867512 0 1788910052 148452 2645182
5 17 2830492 0 1788910052 148604 2732658
7 9 2885794 0 1788910052 148715 2509315
4 18 3689554 0 1788910053 66753 3386470
5 18 3671389 0 1788910053 72889 3491723
6 10 3750863 0 1788910053 73315 2825455
4 19 3786126 0 1788910053 238391 3782490
5 19 3872125 0 1788910053 329987 3867911
4 20 4067030 0 1788910053 578356 3966640
6 11 4103928 0 1788910053 584083 3947437
7 10 4134153 0 1788910053 584330 3616006
7 11 4162890 0 1788910053 751974 4159744
4 21 4402798 0 1788910053 960301 4089597
5 20 4433502 0 1788910053 960531 4050693
6 12 4388142 0 1788910053 960781 4126065
4 22 4891830 0 1788910054 502359 4597995
5 21 4884661 0 1788910054 503581 4813886
7 12 4902115 0 1788910054 503717 4354484
4 23 5115439 0 1788910054 790302 4927460
5 22 5108976 0 1788910054 790777 5044833
6 13 5121445 0 1788910054 791745 4831807
4 24 5197631 0 1788910054 937495 5104651
5 23 5186909 0 1788910054 937751 5142208
7 13 5243250 0 1788910054 937937 5095365
4 25 5380923 0 1788910055 145666 5237731
5 24 5379490 0 1788910055 145873 5302022
6 14 5393516 0 1788910055 145990 5184781
4 26 5490151 0 1788910055 317839 5373351
5 25 5489370 0 1788910055 318003 5432039
7 14 5520016 0 1788910055 319011 5342939
4 27 5594984 0 1788910055 493892 5464478
5 26 5592769 0 1788910055 494065 5525229
6 15 5617022 0 1788910055 494251 5440331
4 28 5754113 0 1788910055 678851 5639559
5 27 5690703 0 1788910055 679148 5628831
7 15 5770443 0 1788910055 679267 5584562
4 29 5837200 0 1788910055 840914 5738385
5 28 5830486 0 1788910055 841131 5778275
6 16 5848177 0 1788910055 841317 5682547
4 30 5980335 0 1788910056 15388 5853211
5 29 5968776 0 1788910056 22665 5898047
7 16 6018741 0 1788910056 30085 5829371
4 31 6159662 0 1788910056 228579 6026631
5 30 6159759 0 1788910056 228746 6087135
6 17 6166297 0 1788910056 229329 5952111
4 32 6316788 0 1788910056 432934 6190146
5 31 6294823 0 1788910056 433058 6230932
7 17 6334804 0 1788910056 433607 6129497
4 33 6501382 0 1788910056 650515 6355423
5 32 6495742 0 1788910056 650655 6417602
6 18 6512495 0 1788910056 650774 6294379
4 34 6745711 0 1788910056 921491 6543280
5 33 6684998 0 1788910056 921691 6575913
7 18 6756730 0 1788910056 921854 6485184
4 35 6850212 0 1788910057 97810 6734421
5 34 6834087 0 1788910057 98045 6769781
6 19 6851252 0 1788910057 98703 6673394
4 36 6964074 0 1788910057 269984 6862775
5 35 6959439 0 1788910057 270261 6911175
7 19 6987296 0 1788910057 270437 6814422
4 37 7094193 0 1788910057 422111 6998780
5 36 7087757 0 1788910057 422381 7043101
6 20 7105976 0 1788910057 422722 6951806
4 38 7185754 0 1788910057 551254 7099548
5 37 7185838 0 1788910057 552541 7139489
7 20 7193800 0 1788910057 552800 7062854
4 39 7293822 0 1788910057 689357 7206737
5 38 7259146 0 1788910057 689555 7209395
6 21 7315163 0 1788910057 689717 7175374
4 40 7417019 0 1788910057 862187 7308697
5 39 7410583 0 1788910057 862415 7351055
7 21 7427069 0 1788910057 862530 7253632
4 41 7517075 0 1788910058 15895 7416519
5 40 7507992 0 1788910058 16198 7448397
6 22 7549692 0 1788910058 16417 7395134
4 42 7635650 0 1788910058 177361 7539358
5 41 7605586 0 1788910058 177609 7557397
7 22 7640020 0 1788910058 177735 7477900
4 43 7805376 0 1788910058 385407 7664935
5 42 7790953 0 1788910058 387767 7727992
6 23 7813904 0 1788910058 387982 7603036
7 23 7787250 0 1788910058 388785 7783618
