4 1 200730 0 1788910027 791455 42626
5 1 191624 0 1788910027 792810 75608
6 1 197933 0 1788910027 799665 130145
4 2 314540 0 1788910027 938896 221071
5 2 311303 0 1788910027 939724 259523
7 1 336887 0 1788910027 939865 188174
4 3 438278 0 1788910028 99341 339432
5 3 434955 0 1788910028 99911 389181
6 2 444126 0 1788910028 100099 281352
4 4 539524 0 1788910028 217438 466698
5 4 535161 0 1788910028 218705 496774
7 2 551812 0 1788910028 219193 431701
4 5 658865 0 1788910028 354572 565081
5 5 640324 0 1788910028 355036 592499
6 3 664527 0 1788910028 356757 524205
4 6 721489 0 1788910028 463133 650563
5 6 701613 0 1788910028 463260 664253
7 3 723752 0 1788910028 463364 613927
4 7 757980 0 1788910028 561310 691823
5 7 737903 0 1788910028 561499 707025
6 4 773359 0 1788910028 561687 674622
4 8 837100 0 1788910028 689329 741968
5 8 772173 0 1788910028 689507 734308
7 4 839199 0 1788910028 689975 710072
4 9 892016 0 1788910028 820181 801956
5 9 887958 0 1788910028 820372 841914
6 5 894493 0 1788910028 820539 763111
4 10 986659 0 1788910028 953995 898308
5 10 963167 0 1788910028 954744 912364
7 5 999145 0 1788910028 954958 864199
4 11 1042212 0 1788910029 79737 960481
5 11 1020716 0 1788910029 79957 974837
6 6 1053624 0 1788910029 80166 927072
4 12 1060545 0 1788910029 182716 998826
5 12 966452 0 1788910029 182995 933580
7 6 1068848 0 1788910029 183384 964719
4 13 1057042 0 1788910029 293224 988525
5 13 1019814 0 1788910029 293388 985028
6 7 1070090 0 1788910029 293534 958997
4 14 1133381 0 1788910029 413458 1065141
5 14 1130753 0 1788910029 413728 1095215
7 7 1139967 0 1788910029 415374 1017228
4 15 1264305 0 1788910029 555813 1158429
5 15 1258321 0 1788910029 555937 1212684
6 8 1267872 0 1788910029 556800 1124025
4 16 1312146 0 1788910029 670673 1239694
5 16 1285493 0 1788910029 670973 1251478
7 8 1352288 0 1788910029 671158 1236808
4 17 1340976 0 1788910029 760404 1283029
5 17 1323185 0 1788910029 760632 1293514
6 9 1353102 0 1788910029 760743 1262787
4 18 1381245 0 1788910029 860205 1314731
5 18 1326729 0 1788910029 860435 1291437
7 9 1387053 0 1788910029 861671 1285566
4 19 1428207 0 1788910030 34891 1291312
5 19 1426266 0 1788910030 35037 1332483
6 10 1477245 0 1788910030 35252 1301996
4 20 1713615 0 1788910030 350278 1529415
5 20 1682648 0 1788910030 350481 1577965
7 10 1736693 0 1788910030 351062 1420266
4 21 1916305 0 1788910030 630315 1731802
5 21 1901377 0 1788910030 630523 1786653
6 11 1947102 0 1788910030 630638 1666614
4 22 2113531 0 1788910030 871641 1971369
5 22 2104828 0 1788910030 871863 2011351
7 11 2129114 0 1788910030 874706 1884184
4 23 2259329 0 1788910031 86136 2123191
5 23 2254961 0 1788910031 86331 2189746
6 12 2311531 0 1788910031 86958 2095891
4 24 2387140 0 1788910031 238334 2294169
5 24 2342750 0 1788910031 239121 2294915
7 12 2405343 0 1788910031 243652 2247590
4 25 2551634 0 1788910031 460614 2401296
5 25 2539555 0 1788910031 460804 2469940
6 13 2553580 0 1788910031 460929 2329138
4 26 2954347 0 1788910031 909850 2568137
5 26 2925794 0 1788910031 909989 2743088
7 13 2987218 0 1788910031 910108 2536715
4 27 3283590 0 1788910032 317326 3055880
5 27 3262099 0 1788910032 317515 3166803
6 14 3332493 0 1788910032 317632 2924528
4 28 3793686 0 1788910032 859017 3350196
5 28 3778489 0 1788910032 859735 3480121
7 14 3802962 0 1788910032 860765 3259136
4 29 4010592 0 1788910033 160240 3856626
5 29 4000220 0 1788910033 160442 3927016
6 15 4029259 0 1788910033 174211 3713291
4 30 4180213 0 1788910033 348063 4083255
5 30 4156718 0 1788910033 348277 4105339
7 15 4181297 0 1788910033 348448 3992742
4 31 4354338 0 1788910033 573880 4233083
5 31 4351990 0 1788910033 577415 4307925
6 16 4367589 0 1788910033 577984 4136886
4 32 4485630 0 1788910033 740940 4377607
5 32 4469161 0 1788910033 741814 4420734
7 16 4516463 0 1788910033 741957 4346173
5 33 4589605 0 1788910033 895244 4584449
4 33 4659275 0 1788910033 954060 4542436
6 17 4661768 0 1788910033 956510 4445488
7 17 4645236 0 1788910033 956656 4610065
6 18 4742113 0 1788910034 135313 4737206
4 34 4981838 0 1788910034 314126 4681992
5 34 4992637 0 1788910034 314268 4632236
7 18 4957872 0 1788910034 361831 4829620
4 35 5102512 0 1788910034 522977 5017365
5 35 5083479 0 1788910034 523126 5046731
6 19 5119136 0 1788910034 523241 4909168
5 36 5295273 0 1788910034 768527 5281696
4 36 5528489 0 1788910034 995817 5173502
6 20 5511483 0 1788910034 995907 5421467
7 19 5533553 0 1788910034 995970 5060364
4 37 5502890 0 1788910035 18398 5500744
6 21 5835050 0 1788910035 357057 5830507
4 38 6127806 0 1788910035 658867 6071056
5 37 6168155 0 1788910035 659286 5504545
7 20 6136394 0 1788910035 659604 5953971
4 39 6385808 0 1788910035 972725 6254488
5 38 6380946 0 1788910035 972914 6310842
6 22 6421031 0 1788910035 973073 6106309
4 40 6632753 0 1788910036 241092 6466350
5 39 6618010 0 1788910036 241243 6547967
7 21 6639773 0 1788910036 241447 6370817
4 41 6751840 0 1788910036 416553 6620408
5 40 6722500 0 1788910036 416722 6628443
6 23 6761506 0 1788910036 416832 6585491
4 42 7012575 0 1788910036 741106 6782517
5 41 7014296 0 1788910036 744881 6901953
7 22 7050741 0 1788910036 748959 6718130
4 43 7216217 0 1788910036 969538 7061883
5 42 7211649 0 1788910036 969691 7149275
6 24 7233311 0 1788910036 969850 7004389
5 43 7290650 0 1788910037 131204 7282405
4 44 7429984 0 1788910037 261363 7180974
6 25 7410869 0 1788910037 261705 7346102
7 23 7481265 0 1788910037 261840 7188723
4 45 7507094 0 1788910037 421257 7393935
5 44 7559723 0 1788910037 424181 7396488
6 26 7468061 0 1788910037 424327 7391802
7 24 7635353 0 1788910037 658464 7397636
4 46 7631622 0 1788910037 669369 7620403
