4 1 439643 0 1788910038 635569 119563
5 1 430677 0 1788910038 637063 265494
6 1 430309 0 1788910038 637241 339018
4 2 450155 0 1788910038 679711 445276
5 2 597368 0 1788910038 830988 507297
6 2 570154 0 1788910038 831327 529689
7 1 623351 0 1788910038 831529 427015
4 3 680242 0 1788910038 946505 564497
5 3 676778 0 1788910038 946934 608811
6 3 674767 0 1788910038 947348 640483
4 4 800958 0 1788910039 89701 701247
5 4 793179 0 1788910039 90609 743238
7 2 807832 0 1788910039 90947 662569
4 5 917672 0 1788910039 237584 821164
5 5 893889 0 1788910039 238702 861591
6 4 938127 0 1788910039 239034 788550
4 6 993262 0 1788910039 360108 899446
5 6 967131 0 1788910039 360659 927029
7 3 1014006 0 1788910039 360850 890511
4 7 1096706 0 1788910039 525501 996230
5 7 1072364 0 1788910039 528341 1004293
6 5 1123959 0 1788910039 532490 947414
4 8 1146090 0 1788910039 668623 1037275
5 8 1137468 0 1788910039 668714 1094645
7 4 1211742 0 1788910039 669170 1062429
4 9 1272366 0 1788910039 809980 1178574
5 9 1249163 0 1788910039 810176 1205273
6 6 1280471 0 1788910039 813836 1135110
4 10 1333488 0 1788910039 930264 1260189
5 10 1298755 0 1788910039 930498 1261486
7 5 1358085 0 1788910039 930620 1234070
4 11 1373115 0 1788910040 37557 1302474
5 11 1318015 0 1788910040 37751 1285323
6 7 1395649 0 1788910040 38374 1287353
4 12 1330017 0 1788910040 151758 1247907
5 12 1324118 0 1788910040 152762 1276927
7 6 1426299 0 1788910040 153669 1309950
4 13 1384933 0 1788910040 263709 1313080
5 13 1383607 0 1788910040 264214 1347689
6 8 1423045 0 1788910040 264426 1308969
4 14 1488139 0 1788910040 376315 1412689
5 14 1482354 0 1788910040 376482 1437858
7 7 1491788 0 1788910040 377066 1377984
4 15 1671725 0 1788910040 574542 1561385
5 15 1651101 0 1788910040 575171 1589909
6 9 1679260 0 1788910040 575968 1479350
4 16 1823310 0 1788910040 813990 1660753
5 16 1802243 0 1788910040 815084 1749451
7 8 1853018 0 1788910040 816745 1606202
4 17 1980344 0 1788910041 23023 1833114
5 17 1943861 0 1788910041 23680 1862417
6 10 1999673 0 1788910041 24300 1789076
4 18 2340885 0 1788910041 479791 2081811
5 18 2321162 0 1788910041 484368 2221876
7 9 2439598 0 1788910041 523758 1938031
4 19 2560671 0 1788910041 774644 2412773
5 19 2556954 0 1788910041 776523 2476135
6 11 2580864 0 1788910041 792749 2267770
4 20 2771677 0 1788910042 44710 2596481
5 20 2756112 0 1788910042 44848 2675677
7 10 2803694 0 1788910042 45556 2530861
4 21 2961480 0 1788910042 295826 2832127
5 21 2945168 0 1788910042 295959 2878804
6 12 2994522 0 1788910042 313732 2725270
4 22 3282399 0 1788910042 654634 3048815
5 22 3284135 0 1788910042 664762 3177847
7 11 3301853 0 1788910042 665163 2932222
4 23 3394040 0 1788910042 830610 3291843
5 23 3388615 0 1788910042 832123 3340321
6 13 3400582 0 1788910042 832589 3222440
4 24 3468783 0 1788910042 970355 3372279
5 24 3458062 0 1788910042 970610 3407308
7 12 3514424 0 1788910042 970818 3374003
4 25 3627562 0 1788910043 154014 3509717
5 25 3626812 0 1788910043 154902 3568939
6 14 3640875 0 1788910043 155055 3455876
4 26 3803750 0 1788910043 393146 3619492
5 26 3803021 0 1788910043 393361 3679284
7 13 3838701 0 1788910043 399404 3593081
4 27 3840857 0 1788910043 501472 3772350
5 27 3838611 0 1788910043 501614 3807642
6 15 3862789 0 1788910043 501725 3752717
4 28 4048206 0 1788910043 734652 3851691
5 28 3984881 0 1788910043 735033 3892484
7 14 4085908 0 1788910043 756439 3830737
4 29 4290027 0 1788910044 55448 4113728
5 29 4283742 0 1788910044 56093 4203527
6 16 4301717 0 1788910044 56565 3979424
4 30 4519170 0 1788910044 315929 4357435
5 30 4500534 0 1788910044 316129 4446876
7 15 4557139 0 1788910044 330190 4281789
4 31 4726827 0 1788910044 557452 4574658
5 31 4728169 0 1788910044 558864 4654547
6 17 4735135 0 1788910044 559874 4490688
4 32 4860159 0 1788910044 738012 4741108
5 32 4838295 0 1788910044 738237 4778393
7 16 4877833 0 1788910044 738343 4695084
4 33 5022900 0 1788910044 933740 4901982
5 33 5017390 0 1788910044 934011 4955092
6 18 5034159 0 1788910044 934145 4837760
4 34 5219083 0 1788910045 156570 5080831
5 34 5158660 0 1788910045 157061 5096338
7 17 5230328 0 1788910045 157160 5006648
4 35 5341882 0 1788910045 351187 5216389
5 35 5325713 0 1788910045 351378 5275070
6 19 5342382 0 1788910045 351540 5147212
4 36 5524055 0 1788910045 591673 5355070
5 36 5519277 0 1788910045 591805 5437425
7 18 5549803 0 1788910045 594651 5306070
4 37 5775523 0 1788910045 865147 5641802
5 37 5769001 0 1788910045 865332 5724474
6 20 5787252 0 1788910045 865706 5513058
4 38 5887589 0 1788910046 14797 5777472
5 38 5891442 0 1788910046 19852 5819600
7 19 5899340 0 1788910046 20047 5744150
4 39 6070589 0 1788910046 227832 5946621
5 39 6035892 0 1788910046 228008 5960280
6 21 6091969 0 1788910046 228230 5878366
4 40 6198660 0 1788910046 405535 6082146
5 40 6193074 0 1788910046 406612 6131396
7 20 6209632 0 1788910046 406800 6030432
4 41 6261489 0 1788910046 522015 6184041
5 41 6252462 0 1788910046 522376 6219359
6 22 6294248 0 1788910046 522681 6175282
4 42 6345343 0 1788910046 648761 6259250
5 42 6315170 0 1788910046 648901 6268051
7 21 6349599 0 1788910046 649020 6222444
4 43 6482989 0 1788910046 824727 6408269
5 43 6467446 0 1788910046 825966 6429498
6 23 6490350 0 1788910046 826136 6312366
4 44 6563239 0 1788910046 949013 6476629
5 44 6512584 0 1788910046 949162 6468371
7 22 6589871 0 1788910046 953114 6461257
4 45 6669347 0 1788910047 125382 6572394
5 45 6656021 0 1788910047 125678 6612369
6 24 6680155 0 1788910047 125910 6503066
4 46 6708397 0 1788910047 269864 6605408
5 46 6641829 0 1788910047 270139 6583283
7 23 6750959 0 1788910047 270322 6605756
4 47 6798039 0 1788910047 467333 6693414
5 47 6747793 0 1788910047 471220 6690409
6 25 6828577 0 1788910047 471523 6626637
4 48 6872995 0 1788910047 613968 6780283
5 48 6844914 0 1788910047 614083 6799689
7 24 6886318 0 1788910047 617389 6736033
4 49 6991542 0 1788910047 788105 6876770
5 49 6981227 0 1788910047 802821 6916496
6 26 7010965 0 1788910047 803386 6821325
4 50 7056274 0 1788910047 966021 6961930
5 50 7038928 0 1788910047 966183 6993667
7 25 7098233 0 1788910047 966312 6919844
4 51 7141388 0 1788910048 99567 7048105
5 51 7137406 0 1788910048 99706 7083953
6 27 7143690 0 1788910048 101142 7008379
7 26 7180556 0 1788910048 143065 7136754
4 52 7155142 0 1788910048 146617 7151263
