0 1 203303 0 1788910027 800265 40040
1 1 196664 0 1788910027 810157 67550
2 1 196208 0 1788910027 810392 129045
0 2 309247 0 1788910027 943243 211366
1 2 281253 0 1788910027 943388 225234
3 1 312755 0 1788910027 943607 163921
0 3 360651 0 1788910028 79751 274725
1 3 341034 0 1788910028 80189 302711
2 2 404752 0 1788910028 80327 267529
0 4 455559 0 1788910028 212779 377988
1 4 448194 0 1788910028 213858 411269
3 2 461920 0 1788910028 214352 327008
0 5 557386 0 1788910028 346392 466892
1 5 551272 0 1788910028 346644 504548
2 3 574802 0 1788910028 348252 439019
0 6 621748 0 1788910028 458999 551886
1 6 598298 0 1788910028 459420 565222
3 3 658023 0 1788910028 459909 544255
0 7 573341 0 1788910028 554566 509208
1 7 566460 0 1788910028 554837 538421
2 4 676848 0 1788910028 554954 580650
0 8 664874 0 1788910028 679818 572922
1 8 621390 0 1788910028 680152 581491
3 4 670154 0 1788910028 683636 540838
0 9 732470 0 1788910028 808788 644077
1 9 721056 0 1788910028 808922 674943
2 5 734092 0 1788910028 809128 604244
0 10 793226 0 1788910028 936674 712401
1 10 771701 0 1788910028 937662 730155
3 5 825681 0 1788910028 937817 696468
0 11 846962 0 1788910029 53692 771654
1 11 846473 0 1788910029 57990 810718
2 6 855412 0 1788910029 58115 733776
0 12 930317 0 1788910029 159993 862446
1 12 881197 0 1788910029 160322 846687
3 6 945881 0 1788910029 160471 838702
0 13 885463 0 1788910029 266442 813789
1 13 852372 0 1788910029 266676 819648
2 7 914850 0 1788910029 266842 807787
0 14 938167 0 1788910029 383863 863863
1 14 937736 0 1788910029 384092 900574
3 7 956069 0 1788910029 385046 837238
0 15 949557 0 1788910029 500812 869368
1 15 948921 0 1788910029 501075 909748
2 8 993862 0 1788910029 501205 873024
0 16 1016954 0 1788910029 616604 944091
1 16 1008992 0 1788910029 617128 974323
3 8 1040076 0 1788910029 617516 923131
0 17 1082283 0 1788910029 720522 1015642
1 17 1071670 0 1788910029 720701 1037495
2 9 1108911 0 1788910029 720953 1004292
0 18 1112824 0 1788910029 814764 1050404
1 18 1019120 0 1788910029 815173 986760
3 9 1143254 0 1788910029 815307 1048242
0 19 1090741 0 1788910029 924348 1018162
1 19 1084427 0 1788910029 924754 1048089
2 10 1127352 0 1788910029 924974 1016944
1 20 1156455 0 1788910030 54397 1147170
0 20 1402464 0 1788910030 280328 1106604
2 11 1349465 0 1788910030 281002 1231101
3 10 1437746 0 1788910030 281180 1079152
0 21 1545658 0 1788910030 520844 1397187
1 21 1578001 0 1788910030 521051 1337080
2 12 1525255 0 1788910030 521449 1464526
0 22 1708291 0 1788910030 779244 1556781
1 22 1703873 0 1788910030 779448 1631959
3 11 1744122 0 1788910030 781888 1482826
0 23 1869873 0 1788910030 976794 1732314
1 23 1855898 0 1788910030 976992 1788882
2 13 1881545 0 1788910030 977092 1682442
0 24 1968978 0 1788910031 157024 1861602
1 24 1933028 0 1788910031 157152 1890002
3 12 1999841 0 1788910031 157322 1819115
0 25 2067634 0 1788910031 319575 1963468
1 25 2052794 0 1788910031 319711 2002683
2 14 2070000 0 1788910031 319821 1906959
0 26 2222943 0 1788910031 508238 2101783
1 26 2183072 0 1788910031 508770 2129568
3 13 2228674 0 1788910031 509885 2037959
0 27 2609577 0 1788910031 977292 2333090
1 27 2582301 0 1788910031 977915 2401322
2 15 2627591 0 1788910031 979201 2155716
0 28 2918183 0 1788910032 338164 2637519
1 28 2918373 0 1788910032 338704 2781599
3 14 2948113 0 1788910032 363938 2560486
0 29 3247611 0 1788910032 677828 3057149
1 29 3168179 0 1788910032 677983 3088108
2 16 3267396 0 1788910032 692788 2909331
0 30 3275904 0 1788910032 825013 3271456
1 30 3550714 0 1788910033 103030 3415132
2 17 3525135 0 1788910033 103294 3453615
3 15 3590555 0 1788910033 123385 3144703
0 31 3769394 0 1788910033 357204 3514964
1 31 3765713 0 1788910033 360021 3646516
2 18 3722775 0 1788910033 360292 3657011
0 32 3858109 0 1788910033 557058 3740759
1 32 3850136 0 1788910033 557215 3795992
3 16 3859789 0 1788910033 557389 3659381
0 33 4022111 0 1788910033 764431 3885551
1 33 3979166 0 1788910033 765058 3903875
2 19 4028792 0 1788910033 765596 3819991
0 34 4218614 0 1788910034 35594 4032298
1 34 4204521 0 1788910034 44825 4058227
3 17 4236043 0 1788910034 45100 3955115
0 35 4384557 0 1788910034 292764 4246506
1 35 4376413 0 1788910034 293191 4320373
2 20 4390966 0 1788910034 293345 4132911
0 36 4563887 0 1788910034 526571 4446551
1 36 4537002 0 1788910034 526712 4496809
3 18 4592552 0 1788910034 526813 4358294
0 37 4930036 0 1788910034 966086 4748261
1 37 4926925 0 1788910034 966241 4845051
2 21 4952866 0 1788910034 966338 4512672
0 38 5620164 0 1788910035 673117 4938729
1 38 5593577 0 1788910035 673251 5489014
3 19 5626421 0 1788910035 673444 4918854
0 39 5705596 0 1788910035 804537 5635402
1 39 5638979 0 1788910035 804666 5595451
2 22 5722629 0 1788910035 805396 5590059
0 40 5856488 0 1788910036 59616 5699753
1 40 5809148 0 1788910036 59874 5726195
3 20 5874603 0 1788910036 60054 5618619
0 41 6036102 0 1788910036 291754 5892368
1 41 6001813 0 1788910036 292057 5950853
2 23 6041105 0 1788910036 292183 5808178
0 42 6192671 0 1788910036 545872 6002513
1 42 6126207 0 1788910036 546160 6023759
3 21 6235318 0 1788910036 546372 5980394
0 43 6186684 0 1788910036 616216 6181779
1 43 6283088 0 1788910036 729389 6223621
2 24 6301134 0 1788910036 729482 6117217
3 22 6260874 0 1788910036 729615 6234297
0 44 6439696 0 1788910036 915822 6253061
1 44 6402184 0 1788910036 916099 6257393
2 25 6401308 0 1788910036 916275 6331508
0 45 6528299 0 1788910037 47168 6457289
3 23 6531963 0 1788910037 47269 6399785
3 24 6584226 0 1788910037 196127 6573722
0 46 6650116 0 1788910037 252012 6527723
1 45 6722244 0 1788910037 252183 6486414
2 26 6659500 0 1788910037 252346 6454177
0 47 6889965 0 1788910037 575652 6682539
1 46 6874219 0 1788910037 575975 6802264
3 25 6917545 0 1788910037 576186 6593130
2 27 6881985 0 1788910037 588423 6868369
