0 1 182939 0 1788910058 778045 49489
1 1 167593 0 1788910058 779230 83841
2 1 167196 0 1788910058 779522 127769
0 2 297739 0 1788910058 929879 191206
1 2 269751 0 1788910058 930030 205397
3 1 301218 0 1788910058 930214 148810
0 3 375229 0 1788910059 92472 267009
1 3 355419 0 1788910059 92717 295436
2 2 419146 0 1788910059 92864 255871
0 4 556969 0 1788910059 312332 400407
1 4 548721 0 1788910059 312527 472812
3 2 562070 0 1788910059 312644 341639
0 5 714688 0 1788910059 501838 591855
1 5 708958 0 1788910059 502473 642063
2 3 743979 0 1788910059 515572 540438
0 6 828828 0 1788910059 664223 747993
1 6 805351 0 1788910059 664615 764476
3 3 864726 0 1788910059 664754 699926
0 7 1252510 0 1788910060 231879 762078
1 7 1245569 0 1788910060 232089 823544
2 4 1355965 0 1788910060 232214 787229
0 8 1389302 0 1788910060 402389 1385194
1 8 1671677 0 1788910060 728583 1448692
2 5 1655539 0 1788910060 728718 1510003
3 4 1717279 0 1788910060 728903 1219974
0 9 1831742 0 1788910060 906203 1653882
1 9 1820430 0 1788910060 906439 1712984
2 6 1800192 0 1788910060 910471 1744061
0 10 1892349 0 1788910061 56453 1781214
1 10 1855833 0 1788910061 56678 1794035
3 5 1919111 0 1788910061 60703 1764231
0 11 2025791 0 1788910061 235450 1902456
1 11 2023293 0 1788910061 236027 1953093
2 7 2031289 0 1788910061 236162 1851212
0 12 2207949 0 1788910061 485218 2035376
1 12 2135317 0 1788910061 485451 2040333
3 6 2268688 0 1788910061 496507 2007376
0 13 2270931 0 1788910061 683378 2131279
1 13 2256457 0 1788910061 683577 2191050
2 8 2304699 0 1788910061 683820 2105884
0 14 2520767 0 1788910061 965266 2325506
1 14 2465813 0 1788910061 971300 2355233
3 7 2527645 0 1788910061 971484 2239296
0 15 2686234 0 1788910062 236530 2552004
1 15 2661129 0 1788910062 236712 2623006
2 9 2687498 0 1788910062 236895 2415601
0 16 2804218 0 1788910062 410498 2697048
1 16 2808793 0 1788910062 418978 2757336
3 8 2821345 0 1788910062 419138 2638537
0 17 2922387 0 1788910062 569561 2818088
1 17 2912135 0 1788910062 582331 2839637
2 10 2946450 0 1788910062 582831 2773607
1 18 2921556 0 1788910062 717321 2917210
0 18 3142788 0 1788910062 936984 2850826
2 11 3105381 0 1788910062 937131 3002032
3 9 3247547 0 1788910062 947629 2869340
0 19 3396819 0 1788910063 238397 3222917
1 19 3400356 0 1788910063 238826 3098131
2 12 3364715 0 1788910063 240723 3285924
0 20 3611648 0 1788910063 541328 3395251
1 20 3604771 0 1788910063 545967 3494510
3 10 3650688 0 1788910063 546774 3342094
0 21 3880905 0 1788910063 875242 3695258
1 21 3839681 0 1788910063 875589 3718012
2 13 3902392 0 1788910063 875721 3567615
0 22 4039457 0 1788910064 113174 3865403
1 22 4021230 0 1788910064 114920 3945151
3 11 4046068 0 1788910064 115164 3800040
0 23 4173529 0 1788910064 292766 4071829
1 23 4137355 0 1788910064 292980 4083455
2 14 4188033 0 1788910064 293096 4007624
0 24 4207934 0 1788910064 430201 4125356
1 24 4182495 0 1788910064 430458 4138844
3 12 4251264 0 1788910064 437453 4106231
0 25 4306173 0 1788910064 571233 4213577
1 25 4292058 0 1788910064 571412 4245261
2 15 4321438 0 1788910064 571522 4179973
0 26 4390208 0 1788910064 714048 4310377
1 26 4364625 0 1788910064 714379 4324017
3 13 4431075 0 1788910064 714513 4287501
0 27 4467488 0 1788910064 861245 4364993
1 27 4447983 0 1788910064 861950 4393234
2 16 4496251 0 1788910064 862108 4347969
0 28 4640942 0 1788910065 59417 4516310
1 28 4636005 0 1788910065 59539 4578253
3 14 4641810 0 1788910065 59934 4442825
0 29 4694106 0 1788910065 202053 4610545
1 29 4671939 0 1788910065 202912 4625099
2 17 4775139 0 1788910065 203498 4628885
0 30 4765064 0 1788910065 315522 4686800
1 30 4739969 0 1788910065 316270 4695039
3 15 4769413 0 1788910065 316665 4654585
0 31 4841932 0 1788910065 434383 4756684
1 31 4798932 0 1788910065 434593 4751603
2 18 4852888 0 1788910065 438841 4729246
0 32 4806165 0 1788910065 503257 4801993
1 32 4999045 0 1788910065 704267 4893598
2 19 4969562 0 1788910065 704509 4917473
3 16 5008899 0 1788910065 704642 4738394
0 33 5113211 0 1788910065 853674 4957914
1 33 5069825 0 1788910065 853861 4981989
2 20 5046777 0 1788910065 853976 5008800
0 34 5170884 0 1788910066 9332 5055885
1 34 5111748 0 1788910066 12270 5033799
3 17 5204018 0 1788910066 19141 5038357
0 35 5299936 0 1788910066 214858 5181632
1 35 5282664 0 1788910066 215069 5212866
2 21 5308866 0 1788910066 215215 5102463
0 36 5403263 0 1788910066 391116 5284654
1 36 5381787 0 1788910066 393402 5327620
3 18 5433937 0 1788910066 394767 5250365
0 37 5508189 0 1788910066 545648 5413044
1 37 5500619 0 1788910066 545785 5458041
2 22 5511762 0 1788910066 545956 5355966
0 38 5620753 0 1788910066 698569 5520108
1 38 5708708 0 1788910066 789617 5571972
3 19 5739872 0 1788910066 790968 5494100
0 39 5786430 0 1788910066 950259 5676215
1 39 5766940 0 1788910066 950533 5702156
2 23 5853691 0 1788910066 950775 5601252
0 40 5951435 0 1788910067 200304 5789988
1 40 5951784 0 1788910067 201006 5881144
3 20 6009172 0 1788910067 210443 5748572
0 41 6098856 0 1788910067 387243 5972223
1 41 6078271 0 1788910067 387469 6017252
2 24 6133783 0 1788910067 387578 5945622
0 42 6173569 0 1788910067 591665 6033607
1 42 6165360 0 1788910067 591851 6091281
3 21 6244493 0 1788910067 595837 6032181
0 43 6344174 0 1788910067 788619 6237564
1 43 6322839 0 1788910067 789723 6270545
2 25 6362390 0 1788910067 790064 6163840
0 44 6441310 0 1788910067 953369 6322777
1 44 6440431 0 1788910067 953541 6376255
3 22 6479417 0 1788910067 953686 6313877
0 45 6613907 0 1788910068 130918 6492505
1 45 6602958 0 1788910068 131041 6540210
2 26 6617688 0 1788910068 131138 6439666
0 46 6688634 0 1788910068 288672 6595855
1 46 6678816 0 1788910068 288860 6632778
3 23 6698873 0 1788910068 289863 6539788
0 47 6770265 0 1788910068 454095 6649155
1 47 6754468 0 1788910068 454367 6698244
2 27 6797712 0 1788910068 454497 6631638
0 48 6746728 0 1788910068 548955 6707551
3 24 6844570 0 1788910068 549150 6749265
1 48 6748647 0 1788910068 552545 6744612
