0 1 193327 0 1788910079 311896 47534
1 1 183911 0 1788910079 319011 81894
2 1 183399 0 1788910079 319189 133788
0 2 331607 0 1788910079 487210 207348
1 2 303965 0 1788910079 487706 229082
3 1 335437 0 1788910079 487896 159167
0 3 505299 0 1788910079 746006 325407
1 3 485417 0 1788910079 746179 403757
2 2 549110 0 1788910079 746290 289721
0 4 713867 0 1788910079 992693 532428
1 4 705686 0 1788910079 992956 617966
3 2 719133 0 1788910079 993171 470445
0 5 859092 0 1788910080 169705 735275
1 5 852961 0 1788910080 169939 799595
2 3 879548 0 1788910080 174605 697392
0 6 983488 0 1788910080 342346 871912
1 6 959877 0 1788910080 342604 909676
3 3 1023550 0 1788910080 347042 845840
0 7 999031 0 1788910080 501863 895025
1 7 992330 0 1788910080 502314 939811
2 4 1102786 0 1788910080 502498 942421
0 8 1093659 0 1788910080 630209 1008083
1 8 1050069 0 1788910080 630437 1002587
3 4 1095477 0 1788910080 630564 966500
0 9 1201154 0 1788910080 799078 1086318
1 9 1189778 0 1788910080 799251 1125101
2 5 1203199 0 1788910080 799841 1032923
0 10 1318823 0 1788910080 983878 1184366
1 10 1296553 0 1788910080 984119 1231308
3 5 1350482 0 1788910080 984223 1165115
0 11 1556204 0 1788910081 284541 1348290
1 11 1551605 0 1788910081 284727 1421334
2 6 1561336 0 1788910081 285644 1259337
0 12 2014645 0 1788910081 765928 1690867
1 12 1965403 0 1788910081 766135 1808912
3 6 2034779 0 1788910081 770976 1548105
0 13 2100530 0 1788910082 3114 1937295
1 13 2067376 0 1788910082 3285 1992220
2 7 2129870 0 1788910082 3467 1889642
0 14 2377722 0 1788910082 345025 2155853
1 14 2378859 0 1788910082 346820 2274891
3 7 2396483 0 1788910082 347067 2052206
0 15 2545100 0 1788910082 617961 2400318
1 15 2544417 0 1788910082 618176 2462660
2 8 2589460 0 1788910082 618409 2315772
0 16 2740971 0 1788910082 862227 2575731
1 16 2732731 0 1788910082 862473 2644382
3 8 2763596 0 1788910082 862642 2518665
0 17 2943065 0 1788910083 102910 2779023
1 17 2932509 0 1788910083 103146 2843864
2 9 2970004 0 1788910083 103651 2728314
0 18 3167222 0 1788910083 390768 2963982
1 18 3073266 0 1788910083 390926 2981336
3 9 3201839 0 1788910083 395500 2908905
0 19 3266470 0 1788910083 621684 3114881
1 19 3260011 0 1788910083 621944 3196430
2 10 3303015 0 1788910083 622244 3071171
0 20 3484621 0 1788910083 884092 3305867
1 20 3464672 0 1788910083 884220 3374521
3 10 3534892 0 1788910083 899934 3256293
0 21 3813227 0 1788910084 277884 3568501
1 21 3781246 0 1788910084 278038 3632158
2 11 3825002 0 1788910084 278144 3430811
0 22 4150724 0 1788910084 710096 3914140
1 22 4117665 0 1788910084 710223 4017594
3 11 4208908 0 1788910084 726708 3759842
0 23 4712163 0 1788910085 329317 4252374
1 23 4701143 0 1788910085 329669 4433218
2 12 4732756 0 1788910085 329936 4112788
0 24 5052538 0 1788910085 731626 4767322
1 24 5022172 0 1788910085 731824 4837175
3 12 5089260 0 1788910085 731960 4685660
0 25 5276113 0 1788910086 47544 5100719
1 25 5280140 0 1788910086 53687 5194170
2 13 5308205 0 1788910086 53934 4985744
0 26 5448139 0 1788910086 250956 5316827
1 26 5444213 0 1788910086 251115 5376352
3 13 5464905 0 1788910086 253429 5258652
0 27 5565789 0 1788910086 439006 5444788
1 27 5550170 0 1788910086 439491 5492225
2 14 5592361 0 1788910086 439664 5403318
0 28 5700446 0 1788910086 637877 5556309
1 28 5696526 0 1788910086 638114 5623460
3 14 5721071 0 1788910086 638292 5521420
0 29 5941559 0 1788910086 888557 5783919
1 29 5936983 0 1788910086 888805 5858095
2 15 5947045 0 1788910086 888982 5695359
0 30 6048418 0 1788910087 102854 5909946
1 30 6032376 0 1788910087 103091 5969413
3 15 6071828 0 1788910087 103239 5856869
0 31 6275246 0 1788910087 375010 6113025
1 31 6265810 0 1788910087 375225 6215254
2 16 6301802 0 1788910087 375724 6028568
0 32 6446664 0 1788910087 605788 6297168
1 32 6386841 0 1788910087 606047 6333038
3 16 6490316 0 1788910087 606229 6258583
0 33 6633961 0 1788910087 862646 6465937
1 33 6604556 0 1788910087 862966 6523580
2 17 6642565 0 1788910087 863121 6384922
0 34 6764808 0 1788910088 72306 6619893
1 34 6741841 0 1788910088 72503 6656931
3 17 6808709 0 1788910088 72635 6598510
0 35 6952491 0 1788910088 314402 6810943
1 35 6897779 0 1788910088 321764 6821658
2 18 6983375 0 1788910088 321961 6733547
0 36 7043460 0 1788910088 481845 6949311
1 36 7026217 0 1788910088 482085 6983747
3 18 7052388 0 1788910088 482201 6884338
0 37 7120474 0 1788910088 631790 7024965
1 37 7096917 0 1788910088 631996 7058946
2 19 7147933 0 1788910088 632223 6997272
0 38 7242433 0 1788910088 803355 7139853
1 38 7234980 0 1788910088 803610 7185550
3 19 7246222 0 1788910088 803878 7073930
0 39 7319657 0 1788910088 920936 7254713
1 39 7317340 0 1788910088 921712 7286922
2 20 7347308 0 1788910088 921867 7228459
0 40 7364066 0 1788910089 51358 7266724
1 40 7344874 0 1788910089 51930 7298604
3 20 7431523 0 1788910089 52069 7300071
1 41 7404829 0 1788910089 177514 7400338
3 21 7437456 0 1788910089 214715 7431944
3 22 7537744 0 1788910089 370405 7534149
0 41 7670263 0 1788910089 442596 7327645
1 42 7630937 0 1788910089 442786 7441377
2 21 7718129 0 1788910089 442864 7322269
0 42 7874337 0 1788910089 815895 7563134
1 43 7866069 0 1788910089 816023 7578540
3 23 7945672 0 1788910089 820479 7567189
2 22 7875210 0 1788910089 826348 7864446
