4 1 444446 0 1788909550 689950 81209
5 1 470219 0 1788909550 726184 220883
6 1 469872 0 1788909550 726382 344181
4 2 821845 0 1788909551 100981 614547
5 2 818911 0 1788909551 102110 717472
7 1 850585 0 1788909551 108342 431466
4 3 1396366 0 1788909551 712209 1024530
5 3 1392743 0 1788909551 712478 1197039
6 2 1401855 0 1788909551 712607 790068
4 4 1773963 0 1788909552 106657 1538306
5 4 1768567 0 1788909552 106889 1642579
7 2 1784850 0 1788909552 107010 1382568
4 5 2547929 0 1788909552 898415 1969100
5 5 2529321 0 1788909552 898813 2212531
6 3 2608794 0 1788909552 955802 1747661
4 6 3255312 0 1788909553 651735 2800116
5 6 3235675 0 1788909553 652101 2962194
7 3 3257993 0 1788909553 652384 2502377
4 7 5329830 0 1788909555 787939 4350895
5 7 5309948 0 1788909555 788323 4839331
6 4 5345403 0 1788909555 788510 3207967
4 8 6054084 0 1788909556 561092 5514777
5 8 5989177 0 1788909556 561289 5773635
7 4 6060231 0 1788909556 565787 5281155
4 9 6281324 0 1788909556 864268 6116629
5 9 6277214 0 1788909556 864407 6204788
6 5 6291494 0 1788909556 872319 5979974
4 10 6479823 0 1788909557 101938 6346171
5 10 6455721 0 1788909557 102076 6383284
7 5 6491791 0 1788909557 102383 6253396
4 11 6626273 0 1788909557 318578 6508227
5 11 6604780 0 1788909557 318801 6548941
6 6 6637596 0 1788909557 318917 6420414
4 12 6821720 0 1788909557 598669 6660808
5 12 6729073 0 1788909557 600394 6653002
7 6 6831315 0 1788909557 600630 6548992
4 13 7057465 0 1788909557 948425 6876979
5 13 7020334 0 1788909557 948687 6923887
6 7 7070823 0 1788909557 949046 6717017
4 14 7310414 0 1788909558 245271 7124424
5 14 7307757 0 1788909558 245511 7221609
7 7 7315448 0 1788909558 245634 7017957
4 15 7591134 0 1788909558 537420 7450179
5 15 7585658 0 1788909558 538054 7505255
6 8 7594525 0 1788909558 538233 7301315
4 16 7883504 0 1788909558 896810 7586967
5 16 7856801 0 1788909558 897060 7660379
7 8 7923664 0 1788909558 897313 7563511
4 17 8207912 0 1788909559 282118 7984473
5 17 8190715 0 1788909559 282941 8090002
6 9 8220764 0 1788909559 283184 7834045
4 18 8489316 0 1788909559 623054 8265739
5 18 8477110 0 1788909559 665594 8350895
7 9 8536321 0 1788909559 665719 8152436
4 19 8675526 0 1788909559 936990 8476170
5 19 8673645 0 1788909559 937195 8601262
6 10 8724609 0 1788909559 937394 8410064
4 20 8837923 0 1788909560 129364 8753534
7 10 8870984 0 1788909560 140132 8667571
5 20 8821389 0 1788909560 144001 8806509
