4 1 56285 0 1788910058 645015 43564
5 1 238222 0 1788910058 837411 119915
6 1 238372 0 1788910058 838107 156848
7 1 240878 0 1788910058 841861 200557
4 2 379817 0 1788910059 2179 214797
5 2 376031 0 1788910059 2455 268907
6 2 348660 0 1788910059 2637 293195
4 3 553265 0 1788910059 216226 415885
5 3 551011 0 1788910059 216396 482670
7 2 557548 0 1788910059 216615 342810
4 4 733780 0 1788910059 415328 595937
5 4 726219 0 1788910059 416453 653635
6 3 748261 0 1788910059 424180 540097
4 5 896241 0 1788910059 608957 759108
5 5 872506 0 1788910059 610122 827209
7 3 917119 0 1788910059 610830 721408
4 6 1008140 0 1788910059 767790 889705
5 6 981612 0 1788910059 767944 926663
6 4 1028503 0 1788910059 768151 869038
4 7 1466517 0 1788910060 288116 1042917
5 7 1439489 0 1788910060 288269 1326341
7 4 1490130 0 1788910060 291465 965894
4 8 1646575 0 1788910060 561912 1466322
5 8 1638012 0 1788910060 562062 1536904
6 5 1711940 0 1788910060 562172 1437647
4 9 1896191 0 1788910060 826608 1712179
5 9 1873024 0 1788910060 826841 1814632
7 5 1903694 0 1788910060 829863 1635525
4 10 1986453 0 1788910060 976033 1888612
5 10 1951712 0 1788910060 976258 1905471
6 6 2020903 0 1788910060 986243 1857031
4 11 2103975 0 1788910061 161221 1992050
5 11 2049168 0 1788910061 161709 1998058
7 6 2126497 0 1788910061 162026 1939367
4 12 2122746 0 1788910061 337291 2008987
5 12 2116116 0 1788910061 337565 2049860
6 7 2217812 0 1788910061 337987 2040585
4 13 2288894 0 1788910061 560473 2124481
5 13 2287481 0 1788910061 560892 2226902
7 7 2326849 0 1788910061 561035 2102851
4 14 2510717 0 1788910061 791696 2346649
5 14 2505019 0 1788910061 791951 2428062
6 8 2514196 0 1788910061 792277 2282197
4 15 2822267 0 1788910062 117888 2622411
5 15 2801203 0 1788910062 118077 2692669
7 8 2828666 0 1788910062 118177 2501957
4 16 2956516 0 1788910062 340000 2839319
5 16 2937814 0 1788910062 343459 2850036
6 9 2988079 0 1788910062 344610 2761138
4 17 3047330 0 1788910062 482781 2962413
5 17 3010421 0 1788910062 483043 2968215
7 9 3065722 0 1788910062 483153 2922330
4 18 3202688 0 1788910062 734397 3010434
5 18 3178602 0 1788910062 734612 3065141
6 10 3258650 0 1788910062 735613 3005499
4 19 3463639 0 1788910063 70414 3240435
5 19 3458264 0 1788910063 70637 3346472
7 10 3466081 0 1788910063 70770 3129464
4 20 3683976 0 1788910063 349814 3511120
5 20 3668520 0 1788910063 350060 3578832
6 11 3729143 0 1788910063 363810 3431750
4 21 4088387 0 1788910063 815538 3780615
5 21 4072110 0 1788910063 815706 3945821
7 11 4103802 0 1788910063 815815 3637534
4 22 4305402 0 1788910064 70441 4145808
5 22 4300841 0 1788910064 74272 4196522
6 12 4318800 0 1788910064 74913 4059120
4 23 4468506 0 1788910064 297881 4324524
5 23 4462508 0 1788910064 298820 4396192
7 12 4474147 0 1788910064 298958 4238422
4 24 4534173 0 1788910064 428548 4449685
5 24 4523444 0 1788910064 428796 4482165
6 13 4579732 0 1788910064 428930 4448422
4 25 4655203 0 1788910064 574456 4564536
5 25 4653697 0 1788910064 574592 4612087
7 13 4667788 0 1788910064 574772 4521266
4 26 4730185 0 1788910064 712384 4650570
5 26 4729565 0 1788910064 712709 4693591
6 14 4761064 0 1788910064 714570 4620659
4 27 4836940 0 1788910064 890360 4705354
5 27 4835026 0 1788910064 890833 4755819
7 14 4859382 0 1788910064 891123 4680359
4 28 4982194 0 1788910065 61444 4878313
5 28 4924018 0 1788910065 66975 4868676
6 15 5004028 0 1788910065 67362 4820335
4 29 5061819 0 1788910065 220044 4975934
5 29 5055085 0 1788910065 220241 5015457
7 15 5072713 0 1788910065 220364 4909593
4 30 5152790 0 1788910065 342355 5066209
5 30 5134121 0 1788910065 342520 5085575
6 16 5180916 0 1788910065 346770 5053938
4 31 5294206 0 1788910065 517635 5170789
5 31 5294619 0 1788910065 518118 5220371
7 16 5301346 0 1788910065 518890 5124172
4 32 5444042 0 1788910065 714699 5334922
5 32 5422454 0 1788910065 715200 5361056
6 17 5462014 0 1788910065 715328 5263760
4 33 5561737 0 1788910065 865380 5466222
5 33 5556162 0 1788910065 865586 5514339
7 17 5573281 0 1788910065 866071 5421631
4 34 5668110 0 1788910065 998402 5572226
5 34 5607383 0 1788910065 998588 5550541
6 18 5679116 0 1788910065 998751 5545488
4 35 5763771 0 1788910066 165880 5660255
5 35 5747583 0 1788910066 166052 5704609
7 18 5780594 0 1788910066 182557 5596163
4 36 5925495 0 1788910066 385917 5798830
5 36 5921008 0 1788910066 386340 5851148
6 19 5948873 0 1788910066 386525 5727939
4 37 6053529 0 1788910066 535957 5957813
5 37 6047096 0 1788910066 536232 6000948
7 19 6065125 0 1788910066 536382 5914402
4 38 6179621 0 1788910066 699633 6084150
5 38 6178669 0 1788910066 699883 6135141
6 20 6186525 0 1788910066 700036 6022230
4 39 6423818 0 1788910066 973864 6306692
5 39 6390371 0 1788910066 975291 6321479
7 20 6447288 0 1788910066 976354 6170152
4 40 6597636 0 1788910067 197315 6459443
5 40 6591148 0 1788910067 197490 6518320
6 21 6607677 0 1788910067 197648 6381240
5 41 6648190 0 1788910067 310908 6644240
4 41 6789894 0 1788910067 443224 6608046
6 22 6752338 0 1788910067 444563 6675667
7 21 6823560 0 1788910067 444796 6575868
4 42 6869567 0 1788910067 596102 6769344
5 42 6900010 0 1788910067 596233 6743273
6 23 6867752 0 1788910067 596342 6809979
4 43 7030716 0 1788910067 782040 6924262
5 43 7027954 0 1788910067 784001 6975360
7 22 7049738 0 1788910067 784587 6861420
4 44 7115483 0 1788910067 944865 7004227
5 44 7106558 0 1788910067 945116 7055214
6 24 7166735 0 1788910067 945313 7002926
4 45 7258722 0 1788910068 121184 7149032
5 45 7209401 0 1788910068 121568 7155568
7 23 7273275 0 1788910068 122115 7095748
4 46 7252241 0 1788910068 273355 7153397
5 46 7237792 0 1788910068 273543 7187525
6 25 7319391 0 1788910068 273661 7166393
4 47 7329516 0 1788910068 445747 7201183
5 47 7322159 0 1788910068 446034 7257031
7 24 7384112 0 1788910068 446211 7210928
4 48 7390040 0 1788910068 552014 7334969
6 26 7418428 0 1788910068 552205 7311706
5 48 7375234 0 1788910068 560460 7366545
