0 1 375563 0 1788910038 577078 84410
1 1 365239 0 1788910038 583286 136543
2 1 373181 0 1788910038 591918 288925
0 2 505433 0 1788910038 743983 393609
1 2 477505 0 1788910038 744193 419378
3 1 508963 0 1788910038 744368 341279
0 3 555923 0 1788910038 879577 470220
1 3 535995 0 1788910038 879703 492645
2 2 599745 0 1788910038 879872 463255
0 4 628514 0 1788910038 990287 551874
1 4 620239 0 1788910038 990456 575959
3 2 633639 0 1788910038 990623 522334
0 5 768325 0 1788910039 161885 647050
1 5 762093 0 1788910039 162018 678792
2 3 787882 0 1788910039 165885 611927
0 6 893959 0 1788910039 335763 772560
1 6 870279 0 1788910039 335953 790718
3 3 929621 0 1788910039 336060 755236
0 7 923352 0 1788910039 509130 818010
1 7 916351 0 1788910039 509281 851728
2 4 1035766 0 1788910039 518426 852902
1 8 1018953 0 1788910039 682269 1014870
0 8 1159177 0 1788910039 778675 1003779
2 5 1099388 0 1788910039 778977 1057870
3 4 1161118 0 1788910039 779152 890885
0 9 1229499 0 1788910039 921919 1154345
1 9 1241246 0 1788910039 922116 1092928
2 6 1222177 0 1788910039 938865 1158993
0 10 1277443 0 1788910040 47957 1206077
1 10 1241201 0 1788910040 48456 1207722
3 5 1300674 0 1788910040 48675 1173645
0 11 1354674 0 1788910040 170743 1264302
1 11 1352083 0 1788910040 171226 1306319
2 7 1361112 0 1788910040 172395 1235952
0 12 1401011 0 1788910040 284690 1331638
1 12 1328338 0 1788910040 284882 1297471
3 6 1450757 0 1788910040 284987 1336217
0 13 1366976 0 1788910040 385832 1299139
1 13 1352877 0 1788910040 386408 1314781
2 8 1401005 0 1788910040 386536 1298900
0 14 1472024 0 1788910040 522933 1392954
1 14 1411237 0 1788910040 523134 1367973
3 7 1477551 0 1788910040 527800 1335345
0 15 1580292 0 1788910040 736998 1425069
1 15 1556024 0 1788910040 738017 1473059
2 9 1582338 0 1788910040 738145 1366807
0 16 1688206 0 1788910040 900896 1570538
1 16 1684627 0 1788910040 901221 1618449
3 8 1697475 0 1788910040 901679 1532448
0 17 2063424 0 1788910041 317009 1741423
1 17 2041369 0 1788910041 317977 1899421
2 10 2075864 0 1788910041 318656 1657752
0 18 2308353 0 1788910041 708960 2076709
1 18 2306911 0 1788910041 709086 2215727
3 9 2402749 0 1788910041 709241 2010368
0 19 2539836 0 1788910041 984717 2350134
1 19 2542024 0 1788910041 990012 2424150
2 11 2552446 0 1788910041 990606 2270514
2 12 2698446 0 1788910042 246049 2695187
0 20 2838622 0 1788910042 341117 2588513
1 20 2805615 0 1788910042 341704 2645651
3 10 2860095 0 1788910042 342513 2502058
3 11 3042086 0 1788910042 717591 3035690
0 21 3184549 0 1788910042 785295 2861867
1 21 3143175 0 1788910042 785493 2966851
2 13 3208346 0 1788910042 788086 2748619
0 22 3202121 0 1788910042 902221 3134023
1 22 3191002 0 1788910042 902475 3155751
3 12 3222524 0 1788910042 902651 3103291
0 23 3307343 0 1788910043 69378 3186464
1 23 3277051 0 1788910043 69651 3224793
2 14 3344197 0 1788910043 69844 3176273
0 24 3396224 0 1788910043 250597 3263397
1 24 3394363 0 1788910043 250856 3317352
3 13 3422311 0 1788910043 250988 3240451
0 25 3559867 0 1788910043 445631 3462646
1 25 3556022 0 1788910043 445871 3526373
2 15 3574753 0 1788910043 446223 3378851
0 26 3602867 0 1788910043 559031 3529719
1 26 3586897 0 1788910043 559164 3549089
3 14 3629078 0 1788910043 559328 3515157
0 27 3938554 0 1788910043 958931 3661991
1 27 3934533 0 1788910043 959067 3832351
2 16 3971255 0 1788910043 971422 3558457
0 28 4187782 0 1788910044 217726 4036375
1 28 4183146 0 1788910044 217916 4106140
3 15 4193213 0 1788910044 218097 3933816
0 29 4286205 0 1788910044 423588 4155605
1 29 4270170 0 1788910044 423833 4208132
2 17 4309707 0 1788910044 424064 4103084
0 30 4468732 0 1788910044 651443 4312565
1 30 4460742 0 1788910044 653104 4364230
3 16 4497541 0 1788910044 654410 4266422
0 31 4614453 0 1788910044 856523 4481912
1 31 4554568 0 1788910044 856721 4490130
2 18 4658050 0 1788910044 856910 4445932
0 32 4772976 0 1788910045 84608 4626378
1 32 4743583 0 1788910045 84941 4669155
3 17 4781664 0 1788910045 85166 4552780
0 33 4877104 0 1788910045 267550 4756885
1 33 4854600 0 1788910045 268209 4796528
2 19 4922042 0 1788910045 268916 4737321
0 34 5075341 0 1788910045 520198 4895598
1 34 5064343 0 1788910045 571274 4925001
3 18 5149896 0 1788910045 571429 4844340
0 35 5327068 0 1788910045 848399 5146800
1 35 5309845 0 1788910045 848659 5224000
2 20 5336081 0 1788910045 848840 5007194
0 36 5407875 0 1788910046 2138 5297113
1 36 5394647 0 1788910046 12672 5323683
3 19 5445811 0 1788910046 13048 5273691
0 37 5592057 0 1788910046 235926 5464591
1 37 5584563 0 1788910046 236139 5508307
2 21 5595706 0 1788910046 236310 5361103
0 38 5712184 0 1788910046 396410 5620519
1 38 5710370 0 1788910046 397689 5666471
3 20 5740310 0 1788910046 397816 5578104
0 39 5756818 0 1788910046 527057 5678676
1 39 5737313 0 1788910046 527316 5697799
2 22 5823926 0 1788910046 527420 5692333
0 40 5793449 0 1788910046 648728 5707410
1 40 5793258 0 1788910046 648889 5748192
3 21 5841318 0 1788910046 648999 5719080
0 41 5927577 0 1788910046 822373 5848249
1 41 5906973 0 1788910046 822580 5869682
2 23 5962799 0 1788910046 823004 5787946
0 42 5920136 0 1788910046 944641 5837009
1 42 5912054 0 1788910046 944955 5876121
3 22 5990095 0 1788910046 947848 5864339
0 43 6086327 0 1788910047 137182 5969216
1 43 6064034 0 1788910047 137328 6013995
2 24 6103355 0 1788910047 137439 5910410
0 44 6163475 0 1788910047 281943 6062367
1 44 6162626 0 1788910047 282147 6103640
3 23 6201639 0 1788910047 282319 6056248
0 45 6309279 0 1788910047 432700 6212530
1 45 6316134 0 1788910047 450626 6246708
2 25 6331421 0 1788910047 451280 6161769
0 46 6405244 0 1788910047 611692 6309305
1 46 6395425 0 1788910047 611879 6340636
3 24 6416646 0 1788910047 614045 6233851
0 47 6502584 0 1788910047 792823 6384827
1 47 6486816 0 1788910047 793125 6425796
2 26 6543459 0 1788910047 806653 6348234
0 48 6541324 0 1788910047 949960 6451821
1 48 6539895 0 1788910047 950203 6501011
3 25 6639414 0 1788910047 950405 6481612
0 49 6657809 0 1788910048 88446 6569724
1 49 6595417 0 1788910048 89635 6541688
2 27 6674688 0 1788910048 90346 6534048
3 26 6636375 0 1788910048 143026 6580415
0 50 6609357 0 1788910048 146185 6605910
