0 1 547947 0 1788909550 799645 139393
1 1 547024 0 1788909550 815253 253465
2 1 546954 0 1788909550 815873 425802
0 2 852626 0 1788909551 141358 659240
1 2 824663 0 1788909551 141534 703297
3 1 856059 0 1788909551 141647 513707
0 3 1356319 0 1788909551 730156 968666
1 3 1336858 0 1788909551 730750 1067403
2 2 1408208 0 1788909551 738519 809920
0 4 1989886 0 1788909552 401843 1465460
1 4 1982160 0 1788909552 402559 1694478
3 2 1996208 0 1788909552 403375 1309757
0 5 2754828 0 1788909553 198570 2338488
1 5 2748834 0 1788909553 198942 2541004
2 3 2818780 0 1788909553 246967 1964877
0 6 4188217 0 1788909554 680204 3043579
1 6 4164506 0 1788909554 680364 3669121
3 3 4223852 0 1788909554 680473 2741317
0 7 4956335 0 1788909555 592296 4316360
1 7 4949341 0 1788909555 592455 4678083
2 4 5059964 0 1788909555 592806 4147064
0 8 5689928 0 1788909556 359608 5117729
1 8 5646281 0 1788909556 359780 5298469
3 4 5691769 0 1788909556 359987 4923463
0 9 6015156 0 1788909556 746211 5821201
1 9 6003799 0 1788909556 746401 5907928
2 5 6037005 0 1788909556 766778 5628719
2 6 6192591 0 1788909557 50029 6181510
0 10 6312415 0 1788909557 110599 6077715
1 10 6293585 0 1788909557 114282 6158791
3 5 6347560 0 1788909557 114432 5973040
0 11 6549281 0 1788909557 415533 6336233
1 11 6546401 0 1788909557 415727 6410752
2 7 6554443 0 1788909557 415910 6248953
0 12 6790630 0 1788909557 724491 6590667
1 12 6717920 0 1788909557 724647 6594022
3 6 6854150 0 1788909557 738562 6530868
0 13 6932850 0 1788909558 1889 6776494
1 13 6918392 0 1788909558 2106 6835873
2 8 6972504 0 1788909558 8218 6688501
0 14 7314107 0 1788909558 415198 7056647
1 14 7253356 0 1788909558 415435 7092256
3 7 7315386 0 1788909558 415818 6901160
0 15 7476879 0 1788909558 683769 7319493
1 15 7451876 0 1788909558 684052 7354719
2 9 7478457 0 1788909558 684448 7208901
0 16 7808101 0 1788909559 70973 7571954
1 16 7804409 0 1788909559 71186 7720635
3 8 7816970 0 1788909559 71357 7419927
0 17 8076527 0 1788909559 380295 7899321
1 17 8054341 0 1788909559 381129 7946833
2 10 8095522 0 1788909559 388497 7777844
0 18 8293707 0 1788909559 744496 8080471
1 18 8297324 0 1788909559 749683 8162640
3 9 8393233 0 1788909559 749908 8022883
0 19 8544968 0 1788909560 40031 8363043
1 19 8542124 0 1788909560 40294 8436004
2 11 8552323 0 1788909560 40666 8255751
3 10 8578704 0 1788909560 111304 8507043
0 20 8574445 0 1788909560 127124 8558400
