0 1 170287 0 1788910048 610866 39760
1 1 157295 0 1788910048 614405 66993
2 1 158640 0 1788910048 616440 114233
0 2 275341 0 1788910048 752955 184004
1 2 247408 0 1788910048 753160 202658
3 1 278809 0 1788910048 753279 136112
0 3 369210 0 1788910048 931928 278928
1 3 349393 0 1788910048 932165 309221
2 2 413302 0 1788910048 932493 233516
2 3 460259 0 1788910049 77326 457293
0 4 523170 0 1788910049 124008 377598
1 4 522652 0 1788910049 131932 423270
3 2 536118 0 1788910049 132166 335603
0 5 674560 0 1788910049 313548 569020
1 5 669022 0 1788910049 314525 625252
2 4 682040 0 1788910049 314663 491187
0 6 809801 0 1788910049 514539 656566
1 6 792962 0 1788910049 514685 713304
3 3 833979 0 1788910049 514847 632458
0 7 962264 0 1788910049 794258 758960
1 7 937376 0 1788910049 794474 808050
2 5 969745 0 1788910049 794587 689433
0 8 1120191 0 1788910050 22570 998537
1 8 1104056 0 1788910050 22709 1056055
3 4 1164479 0 1788910050 23039 935481
0 9 1242469 0 1788910050 173952 1135362
1 9 1218463 0 1788910050 174215 1175635
2 6 1255226 0 1788910050 175160 1102390
0 10 1309646 0 1788910050 319224 1214448
1 10 1273104 0 1788910050 319423 1224114
3 5 1332514 0 1788910050 319579 1186652
0 11 1451996 0 1788910050 507130 1328737
1 11 1449084 0 1788910050 507291 1386002
2 7 1457040 0 1788910050 507387 1268629
0 12 1531027 0 1788910050 653769 1446107
1 12 1458409 0 1788910050 654017 1413638
3 6 1581106 0 1788910050 654399 1433577
0 13 1621184 0 1788910050 879104 1459924
1 13 1606697 0 1788910050 879291 1543518
2 8 1655046 0 1788910050 879641 1429019
0 14 1790302 0 1788910051 80275 1643997
1 14 1729565 0 1788910051 80526 1650867
3 7 1794464 0 1788910051 83777 1589511
0 15 1872616 0 1788910051 268386 1740312
1 15 1854195 0 1788910051 275253 1787802
2 9 1880859 0 1788910051 275730 1684948
0 16 2023663 0 1788910051 475417 1884917
1 16 2020074 0 1788910051 475732 1952736
3 8 2032597 0 1788910051 475865 1824492
0 17 2157826 0 1788910051 650474 2046278
1 17 2135007 0 1788910051 650677 2091301
2 10 2168989 0 1788910051 650844 1993347
0 18 2372266 0 1788910052 11937 2049400
1 18 2390870 0 1788910052 32110 2279804
3 9 2486971 0 1788910052 32527 2104634
0 19 3292207 0 1788910052 976152 2597309
1 19 3289233 0 1788910052 976285 2637787
2 11 3299168 0 1788910052 976392 2334223
0 20 3604412 0 1788910053 345972 3427066
1 20 3578268 0 1788910053 353421 3492613
3 10 3632771 0 1788910053 354252 3254489
0 21 3779380 0 1788910053 598184 3632477
1 21 3758523 0 1788910053 598333 3699920
2 12 3811776 0 1788910053 598443 3558535
0 22 3840633 0 1788910053 755202 3749171
1 22 3839602 0 1788910053 758793 3798740
3 11 3877726 0 1788910053 759108 3716024
0 23 4382919 0 1788910054 333456 3924790
1 23 4369005 0 1788910054 333716 4185824
2 13 4394673 0 1788910054 333838 3815823
0 24 4631881 0 1788910054 663544 4399165
1 24 4595980 0 1788910054 663720 4473548
3 12 4662719 0 1788910054 663817 4331430
0 25 4758386 0 1788910054 853943 4670613
1 25 4743653 0 1788910054 854188 4695915
2 14 4760916 0 1788910054 854353 4566759
0 26 4908016 0 1788910055 36928 4775210
1 26 4870755 0 1788910055 40069 4780248
3 13 4922024 0 1788910055 46852 4728889
0 27 5014825 0 1788910055 226156 4894933
1 27 4987174 0 1788910055 226405 4944201
2 15 5031344 0 1788910055 226572 4833435
0 28 5170153 0 1788910055 433751 5040529
1 28 5170010 0 1788910055 433958 5106188
3 14 5174634 0 1788910055 434076 4966411
0 29 5344781 0 1788910055 618615 5251534
1 29 5265395 0 1788910055 618816 5219209
2 16 5350479 0 1788910055 619487 5164501
2 17 5358170 0 1788910055 779945 5352615
0 30 5433769 0 1788910055 826495 5282193
1 30 5431614 0 1788910055 827546 5329757
3 15 5451476 0 1788910055 827924 5241921
0 31 5548734 0 1788910055 986659 5439487
1 31 5505752 0 1788910055 986887 5442192
2 18 5555623 0 1788910055 987049 5394777
0 32 5659211 0 1788910056 201777 5548459
1 32 5651235 0 1788910056 201931 5587249
3 16 5660887 0 1788910056 202104 5439693
0 33 5787263 0 1788910056 373200 5658269
1 33 5743873 0 1788910056 373382 5675804
2 19 5793264 0 1788910056 373686 5621087
0 34 5859546 0 1788910056 520143 5756636
1 34 5837276 0 1788910056 521198 5780603
3 17 5874526 0 1788910056 527199 5720291
0 35 5973838 0 1788910056 725661 5844005
1 35 5965460 0 1788910056 725855 5896947
2 20 5980089 0 1788910056 726084 5773934
0 36 6144221 0 1788910056 950523 6019495
1 36 6118002 0 1788910056 951329 6059164
3 18 6174952 0 1788910056 952830 5947478
0 37 6255451 0 1788910057 135119 6136624
1 37 6252342 0 1788910057 135274 6195660
2 21 6278303 0 1788910057 135392 6092809
0 38 6397107 0 1788910057 293676 6294158
1 38 6370581 0 1788910057 293871 6320146
3 19 6410268 0 1788910057 300909 6244213
0 39 6505912 0 1788910057 448470 6415194
1 39 6439675 0 1788910057 448978 6395959
2 22 6522835 0 1788910057 449218 6367036
0 40 6530871 0 1788910057 577616 6442618
1 40 6484013 0 1788910057 578357 6428863
3 20 6552078 0 1788910057 581146 6418793
0 41 6627421 0 1788910057 726690 6528909
1 41 6593126 0 1788910057 726986 6546625
2 23 6632405 0 1788910057 727101 6481775
0 42 6681420 0 1788910057 878237 6586946
1 42 6615151 0 1788910057 878721 6568812
3 21 6724380 0 1788910057 879052 6571660
0 43 6760328 0 1788910058 33476 6649164
1 43 6743768 0 1788910058 33686 6682978
2 24 6761924 0 1788910058 33889 6606021
0 44 6905246 0 1788910058 224989 6794996
1 44 6868736 0 1788910058 226268 6796552
3 22 6914046 0 1788910058 226405 6720848
0 45 7051672 0 1788910058 410596 6944404
1 45 7048360 0 1788910058 410846 6997446
2 25 7052483 0 1788910058 411067 6865799
3 23 7043286 0 1788910058 416843 7036776
