4 1 190073 0 1788910079 302261 44139
5 1 180551 0 1788910079 303199 79641
6 1 180134 0 1788910079 303327 138699
4 2 308441 0 1788910079 454260 213459
5 2 305357 0 1788910079 455240 250258
7 1 331202 0 1788910079 455642 177039
4 3 508174 0 1788910079 690700 345419
5 3 504458 0 1788910079 690876 419978
6 2 513594 0 1788910079 691030 276658
4 4 699590 0 1788910079 898968 572901
5 4 694251 0 1788910079 899256 621085
7 2 710537 0 1788910079 899380 501569
4 5 902732 0 1788910080 119902 756069
5 5 883918 0 1788910080 120093 813608
6 3 908225 0 1788910080 121917 677274
4 6 1047803 0 1788910080 310910 924952
5 6 1028029 0 1788910080 311137 972650
7 3 1050231 0 1788910080 311305 858599
4 7 1157762 0 1788910080 482555 1053028
5 7 1138190 0 1788910080 483248 1091339
6 4 1177392 0 1788910080 487183 1000748
4 8 1252470 0 1788910080 626160 1169751
5 8 1187567 0 1788910080 626363 1143786
7 4 1254269 0 1788910080 626508 1109879
4 9 1328582 0 1788910080 778209 1213079
5 9 1324665 0 1788910080 778540 1253488
6 5 1331216 0 1788910080 778725 1178349
4 10 1469759 0 1788910080 958558 1350206
5 10 1449108 0 1788910080 962147 1383505
7 5 1485046 0 1788910080 962321 1300674
4 11 1726061 0 1788910081 285048 1545924
5 11 1706682 0 1788910081 287385 1631886
6 6 1739516 0 1788910081 287520 1410129
4 12 2000269 0 1788910081 643902 1774505
5 12 1906153 0 1788910081 644156 1792756
7 6 2008512 0 1788910081 644510 1648628
4 13 2102636 0 1788910081 860280 1977468
5 13 2065390 0 1788910081 860426 2019039
6 7 2118909 0 1788910081 863816 1897899
4 14 2321944 0 1788910082 123484 2162609
5 14 2342058 0 1788910082 146496 2228700
7 7 2350067 0 1788910082 146936 2063182
4 15 2613316 0 1788910082 426286 2444380
5 15 2611375 0 1788910082 430454 2531384
6 8 2621761 0 1788910082 432152 2312822
4 16 2780778 0 1788910082 660768 2632488
5 16 2753988 0 1788910082 660930 2696374
7 8 2820847 0 1788910082 661180 2585660
4 17 2969328 0 1788910082 910219 2799424
5 17 2951568 0 1788910082 910477 2885606
6 9 2981499 0 1788910082 910602 2731362
4 18 3158765 0 1788910083 159187 2980988
5 18 3107702 0 1788910083 162869 3016541
7 9 3166937 0 1788910083 163018 2913917
4 19 3212836 0 1788910083 340982 3084710
5 19 3211213 0 1788910083 341446 3152239
6 10 3262346 0 1788910083 341815 3075301
4 20 3430872 0 1788910083 588997 3255224
5 20 3400011 0 1788910083 589306 3299928
7 10 3453635 0 1788910083 589466 3204431
4 21 3643691 0 1788910083 879163 3441358
5 21 3628809 0 1788910083 879417 3535013
6 11 3682331 0 1788910083 887330 3383706
4 22 3885340 0 1788910084 164912 3698716
5 22 3876560 0 1788910084 165057 3782151
7 11 3920172 0 1788910084 187226 3611918
4 23 4355337 0 1788910084 703607 3979460
5 23 4358128 0 1788910084 710961 4272213
6 12 4414198 0 1788910084 711087 3867746
4 24 4840559 0 1788910085 213216 4452075
5 24 4796417 0 1788910085 214251 4575374
7 12 4855025 0 1788910085 214795 4343448
4 25 5196693 0 1788910085 627136 4965802
5 25 5184580 0 1788910085 627291 5079242
6 13 5198652 0 1788910085 627462 4781993
4 26 5451051 0 1788910085 928016 5255107
5 26 5422590 0 1788910085 928247 5339435
7 13 5490673 0 1788910085 935026 5182221
4 27 5618639 0 1788910086 173838 5475088
5 27 5597338 0 1788910086 174216 5528425
6 14 5668377 0 1788910086 174979 5421180
4 28 5823239 0 1788910086 410032 5691083
5 28 5807607 0 1788910086 410314 5733404
7 14 5831262 0 1788910086 410527 5594302
4 29 5891835 0 1788910086 562944 5788463
5 29 5881489 0 1788910086 563172 5828903
6 15 5896919 0 1788910086 563333 5743359
4 30 6088578 0 1788910086 777890 5939948
5 30 6065215 0 1788910086 778237 5991540
7 15 6090029 0 1788910086 778642 5874072
4 31 6247315 0 1788910086 988317 6103281
5 31 6241581 0 1788910086 988467 6170585
6 16 6256839 0 1788910086 988696 6045786
4 32 6420292 0 1788910087 197065 6307210
5 32 6403174 0 1788910087 197289 6346449
7 16 6454851 0 1788910087 201808 6241055
4 33 6695863 0 1788910087 512111 6533339
5 33 6685213 0 1788910087 512314 6605611
6 17 6696281 0 1788910087 512485 6380705
4 34 6969031 0 1788910087 812125 6733644
5 34 6958618 0 1788910087 812367 6825773
7 17 6979606 0 1788910087 812488 6678895
4 35 7146376 0 1788910088 71797 6971517
5 35 7146483 0 1788910088 72050 7056302
6 18 7157544 0 1788910088 72207 6897188
4 36 7364874 0 1788910088 325983 7225790
5 36 7342246 0 1788910088 326125 7275173
7 18 7384375 0 1788910088 326302 7129601
4 37 7503495 0 1788910088 498211 7411859
5 37 7493081 0 1788910088 498968 7445652
6 19 7510331 0 1788910088 499121 7336946
4 38 7629284 0 1788910088 666253 7518743
5 38 7623072 0 1788910088 666542 7561734
7 19 7654099 0 1788910088 666693 7485289
4 39 7768393 0 1788910088 820916 7664845
5 39 7748815 0 1788910088 822319 7695485
6 20 7777798 0 1788910088 822470 7621287
5 40 7900141 0 1788910089 23278 7897098
5 41 7954046 0 1788910089 98741 7949344
4 40 8019622 0 1788910089 133052 7760613
6 21 8003643 0 1788910089 133444 7922158
7 20 8025296 0 1788910089 133675 7712027
6 22 8050169 0 1788910089 265853 8047074
4 41 8616232 0 1788910089 802408 8026787
5 42 8625928 0 1788910089 802716 7954212
7 21 8591850 0 1788910089 811531 8078054
6 23 8563245 0 1788910089 813238 8552165
