4 1 236329 0 1788910069 109208 47359
5 1 233703 0 1788910069 117042 103868
6 1 233290 0 1788910069 117174 161700
4 2 405089 0 1788910069 311598 266832
5 2 401162 0 1788910069 311735 347523
7 1 426953 0 1788910069 312084 223713
4 3 563704 0 1788910069 506921 448302
5 3 560568 0 1788910069 507677 503180
6 2 569785 0 1788910069 507911 373245
4 4 672943 0 1788910069 633010 590260
5 4 667551 0 1788910069 633247 627998
7 2 683964 0 1788910069 633499 552119
4 5 788559 0 1788910069 766420 710599
5 5 770507 0 1788910069 767372 730249
6 3 794115 0 1788910069 768497 658351
4 6 869576 0 1788910069 893374 780384
5 6 849908 0 1788910069 893707 797486
7 3 873446 0 1788910069 895211 743203
4 7 1036748 0 1788910070 122231 874661
5 7 1017923 0 1788910070 123672 921169
6 4 1053363 0 1788910070 123844 822654
4 8 1291600 0 1788910070 425982 1129683
5 8 1226857 0 1788910070 426343 1141959
7 4 1301660 0 1788910070 434590 983165
4 9 1363179 0 1788910070 573497 1284506
5 9 1359204 0 1788910070 573770 1323972
6 5 1365764 0 1788910070 573963 1216867
4 10 1460815 0 1788910070 710304 1377289
5 10 1436847 0 1788910070 710576 1398545
7 5 1472827 0 1788910070 710793 1335233
4 11 1552701 0 1788910070 872379 1436761
5 11 1531280 0 1788910070 872675 1466443
6 6 1564602 0 1788910070 873297 1401388
4 12 1658896 0 1788910071 63220 1528088
5 12 1566169 0 1788910071 64863 1490115
7 6 1668437 0 1788910071 65127 1475375
4 13 1718165 0 1788910071 236500 1606387
5 13 1681003 0 1788910071 236731 1626028
6 7 1731247 0 1788910071 236844 1556747
4 14 1817499 0 1788910071 379729 1732199
5 14 1817402 0 1788910071 382530 1769037
7 7 1825229 0 1788910071 382789 1678648
4 15 2008001 0 1788910071 581661 1863848
5 15 2002079 0 1788910071 581849 1915938
6 8 2010938 0 1788910071 582020 1808462
4 16 2070768 0 1788910071 711448 1988976
5 16 2044028 0 1788910071 711661 1998611
7 8 2110751 0 1788910071 711774 1980392
4 17 2146826 0 1788910071 848407 2050972
5 17 2129012 0 1788910071 848612 2068835
6 9 2158991 0 1788910071 848785 2021410
4 18 2296300 0 1788910072 57413 2153352
5 18 2251302 0 1788910072 67161 2173145
7 9 2310886 0 1788910072 67657 2091344
4 19 2375447 0 1788910072 264285 2249598
5 19 2376825 0 1788910072 267749 2295574
6 10 2427755 0 1788910072 267914 2217025
4 20 2570165 0 1788910072 488981 2411372
5 20 2539114 0 1788910072 489100 2456121
7 10 2596489 0 1788910072 493011 2367623
4 21 2723647 0 1788910072 719809 2581480
5 21 2712212 0 1788910072 723512 2645300
6 11 2758078 0 1788910072 723767 2522978
4 22 2884468 0 1788910072 924730 2746870
5 22 2875768 0 1788910072 924956 2806541
7 11 2901940 0 1788910072 929684 2690242
4 23 3017414 0 1788910073 126375 2903245
5 23 3013071 0 1788910073 126594 2946891
6 12 3069242 0 1788910073 126822 2866069
4 24 3158312 0 1788910073 291660 3068856
5 24 3113543 0 1788910073 292067 3069724
7 12 3171761 0 1788910073 292222 3005660
4 25 3327964 0 1788910073 519097 3172790
5 25 3316754 0 1788910073 520156 3262483
6 13 3331078 0 1788910073 520579 3101920
4 26 3503839 0 1788910073 741495 3340947
5 26 3475308 0 1788910073 741656 3369496
7 13 3566503 0 1788910073 771546 3313723
4 27 3645646 0 1788910073 961535 3521306
5 27 3624248 0 1788910073 961817 3554111
6 14 3694901 0 1788910073 962193 3473740
4 28 3820691 0 1788910074 168175 3676293
5 28 3804901 0 1788910074 168299 3735615
7 14 3828482 0 1788910074 168438 3621054
4 29 3885866 0 1788910074 317666 3804478
5 29 3880737 0 1788910074 323112 3835501
6 15 3896239 0 1788910074 323344 3740905
4 30 4015948 0 1788910074 465951 3943071
5 30 3993697 0 1788910074 467410 3953279
7 15 4019973 0 1788910074 469278 3868111
4 31 4090800 0 1788910074 592493 4006969
5 31 4085193 0 1788910074 592770 4046637
6 16 4100339 0 1788910074 592888 3973194
4 32 4192370 0 1788910074 729834 4108746
5 32 4175304 0 1788910074 730110 4132840
7 16 4222645 0 1788910074 730292 4084577
4 33 4330202 0 1788910074 907141 4216911
5 33 4319490 0 1788910074 907282 4260312
6 17 4334009 0 1788910074 910904 4152357
4 34 4489704 0 1788910075 93489 4369536
5 34 4479580 0 1788910075 94020 4403540
7 17 4500981 0 1788910075 94554 4313333
4 35 4640184 0 1788910075 326295 4482332
5 35 4656923 0 1788910075 343181 4569601
6 18 4668237 0 1788910075 343590 4417831
4 36 4839008 0 1788910075 560809 4709563
5 36 4816761 0 1788910075 561332 4744090
7 18 4858917 0 1788910075 561535 4622127
4 37 4958659 0 1788910075 714065 4853529
5 37 4947728 0 1788910075 714305 4885393
6 19 4964927 0 1788910075 714408 4810512
4 38 5051497 0 1788910075 849158 4969358
5 38 5045233 0 1788910075 849393 5000187
7 19 5076329 0 1788910075 849613 4938781
4 39 5218735 0 1788910076 31950 5107625
5 39 5200765 0 1788910076 34961 5148150
6 20 5229790 0 1788910076 35154 5043574
4 40 5317191 0 1788910076 191312 5214970
5 40 5307763 0 1788910076 191590 5259517
7 20 5322788 0 1788910076 191857 5162696
4 41 5490142 0 1788910076 395527 5348059
5 41 5458257 0 1788910076 395737 5380568
6 21 5505551 0 1788910076 396042 5300441
4 42 5635948 0 1788910076 612322 5499360
5 42 5632099 0 1788910076 612470 5557597
7 21 5665741 0 1788910076 612608 5448293
4 43 5819826 0 1788910076 832564 5695917
5 43 5814045 0 1788910076 832736 5753193
6 22 5826161 0 1788910076 836845 5601443
4 44 5991947 0 1788910077 32142 5858281
5 44 5969672 0 1788910077 32399 5911113
7 22 5999638 0 1788910077 35111 5796415
4 45 6103610 0 1788910077 226317 5985143
5 45 6093546 0 1788910077 226534 6032315
6 23 6113770 0 1788910077 227301 5918188
4 46 6311215 0 1788910077 507531 6089637
5 46 6269792 0 1788910077 508211 6154143
7 23 6362017 0 1788910077 508627 6073616
4 47 6494679 0 1788910077 814579 6283322
5 47 6468530 0 1788910077 814777 6375278
6 24 6544879 0 1788910077 850143 6201306
4 48 6720774 0 1788910078 128798 6516443
5 48 6729619 0 1788910078 147546 6628980
7 24 6747451 0 1788910078 147830 6413714
4 49 6924776 0 1788910078 394150 6752036
5 49 6920991 0 1788910078 394507 6834189
6 25 6948598 0 1788910078 394720 6674504
4 50 7098368 0 1788910078 643399 6936550
5 50 7061283 0 1788910078 647982 6979397
7 25 7149751 0 1788910078 648297 6892225
4 51 7166510 0 1788910078 800916 7072561
5 51 7166294 0 1788910078 801425 7122155
6 26 7198153 0 1788910078 802362 7038953
7 26 7203315 0 1788910078 842567 7161445
4 52 7205705 0 1788910078 845167 7202536
