0 1 241409 0 1788910069 120494 59895
1 1 232258 0 1788910069 127873 110726
2 1 231693 0 1788910069 127998 174016
0 2 409883 0 1788910069 326001 280686
1 2 387435 0 1788910069 331692 325444
3 1 418927 0 1788910069 331901 207324
0 3 484035 0 1788910069 485257 376529
1 3 464171 0 1788910069 485448 411490
2 2 527864 0 1788910069 485560 366644
0 4 575002 0 1788910069 614344 489189
1 4 566802 0 1788910069 614587 519515
3 2 580225 0 1788910069 614778 450445
0 5 657004 0 1788910069 728132 583267
1 5 650836 0 1788910069 728329 614843
2 3 675389 0 1788910069 730961 558495
0 6 723949 0 1788910069 843323 651266
1 6 700198 0 1788910069 843442 662245
3 3 759614 0 1788910069 843621 643712
0 7 756090 0 1788910070 19437 635929
1 7 749130 0 1788910070 19629 685822
2 4 859567 0 1788910070 19796 682968
0 8 825159 0 1788910070 122224 811165
1 8 1073954 0 1788910070 414838 886040
2 5 1057869 0 1788910070 415027 977170
3 4 1119529 0 1788910070 415133 723567
0 9 1210009 0 1788910070 568448 1056041
1 9 1198853 0 1788910070 568841 1112198
2 6 1175812 0 1788910070 570069 1139401
0 10 1251098 0 1788910070 699181 1165902
1 10 1218000 0 1788910070 702824 1173507
3 5 1277461 0 1788910070 703031 1142489
0 11 1371614 0 1788910070 865252 1251024
1 11 1368683 0 1788910070 865395 1305533
2 7 1376707 0 1788910070 865560 1209449
0 12 1470988 0 1788910071 32235 1360708
1 12 1398360 0 1788910071 32473 1334161
3 6 1520822 0 1788910071 32621 1352855
0 13 1517890 0 1788910071 214316 1416136
1 13 1504373 0 1788910071 215472 1444225
2 8 1552934 0 1788910071 216035 1368794
0 14 1641869 0 1788910071 370346 1542846
1 14 1581112 0 1788910071 370577 1524908
3 7 1643229 0 1788910071 371047 1485304
0 15 1731278 0 1788910071 565554 1597554
1 15 1706240 0 1788910071 565802 1638738
2 9 1732612 0 1788910071 565988 1536651
0 16 1799130 0 1788910071 689388 1732906
1 16 1795584 0 1788910071 689747 1759152
3 8 1808154 0 1788910071 689926 1683484
0 17 1874266 0 1788910071 805419 1797531
1 17 1851458 0 1788910071 805632 1811056
2 10 1885384 0 1788910071 805744 1768726
0 18 1777536 0 1788910071 855712 1771974
1 18 1978052 0 1788910072 57796 1827835
2 11 1942368 0 1788910072 58098 1875612
3 9 2074241 0 1788910072 58302 1821069
0 19 2091387 0 1788910072 213837 1935088
1 19 2088506 0 1788910072 214062 1996948
2 12 2054235 0 1788910072 214221 2010124
0 20 2222571 0 1788910072 436229 2067060
1 20 2211293 0 1788910072 436465 2137625
3 10 2256583 0 1788910072 436648 2033568
0 21 2409050 0 1788910072 687365 2257328
1 21 2367651 0 1788910072 687538 2293069
2 13 2431228 0 1788910072 688536 2178666
0 22 2559127 0 1788910072 916823 2404162
1 22 2539398 0 1788910072 917067 2457694
3 11 2564316 0 1788910072 917391 2334066
0 23 2689461 0 1788910073 92677 2575071
1 23 2653307 0 1788910073 92911 2593561
2 14 2704041 0 1788910073 93083 2527327
0 24 2742286 0 1788910073 248532 2641840
1 24 2716742 0 1788910073 248684 2672337
3 12 2778794 0 1788910073 248963 2622207
0 25 2924425 0 1788910073 473465 2750561
1 25 2910670 0 1788910073 474003 2795369
2 15 2940086 0 1788910073 474148 2714291
0 26 3100619 0 1788910073 708438 2947422
1 26 3076512 0 1788910073 710245 2986281
3 13 3143363 0 1788910073 710780 2900928
0 27 3218766 0 1788910073 896502 3116296
1 27 3198688 0 1788910073 896634 3154207
2 16 3246907 0 1788910073 896743 3056891
0 28 3464690 0 1788910074 167143 3272167
1 28 3460558 0 1788910074 168071 3355309
3 14 3466389 0 1788910074 168492 3194176
0 29 3531782 0 1788910074 323709 3439358
1 29 3509234 0 1788910074 324186 3465371
2 17 3618818 0 1788910074 331156 3445421
0 30 3640797 0 1788910074 475234 3561647
1 30 3615942 0 1788910074 476222 3569658
3 15 3645146 0 1788910074 476377 3491536
0 31 3723103 0 1788910074 599532 3638812
1 31 3680044 0 1788910074 599683 3640468
2 18 3729865 0 1788910074 599796 3605120
0 32 3763239 0 1788910074 744310 3679073
1 32 3755296 0 1788910074 744497 3711194
3 16 3764962 0 1788910074 744684 3619570
0 33 3876870 0 1788910074 901312 3765036
1 33 3833428 0 1788910074 901442 3773393
2 19 3882612 0 1788910074 901538 3725141
0 34 3974858 0 1788910075 73960 3877361
1 34 3951787 0 1788910075 74214 3899357
3 17 3984212 0 1788910075 75390 3809827
0 35 4135761 0 1788910075 326090 3958336
1 35 4131124 0 1788910075 330025 4036410
2 20 4152297 0 1788910075 336798 3889149
0 36 4282067 0 1788910075 526873 4169204
1 36 4255277 0 1788910075 527108 4196031
3 18 4310843 0 1788910075 527226 4100324
0 37 4343632 0 1788910075 661805 4270112
1 37 4340896 0 1788910075 662334 4304385
2 21 4366862 0 1788910075 662457 4231020
0 38 4460298 0 1788910075 795373 4387658
1 38 4433822 0 1788910075 795617 4397570
3 19 4467778 0 1788910075 796923 4332425
0 39 4566322 0 1788910075 947384 4458840
1 39 4499762 0 1788910075 947571 4435763
2 22 4582791 0 1788910075 947679 4430198
0 40 4628546 0 1788910076 113797 4514088
1 40 4581199 0 1788910076 114048 4529401
3 20 4647046 0 1788910076 114618 4479619
0 41 4739530 0 1788910076 277305 4640347
1 41 4705149 0 1788910076 277514 4646663
2 23 4744556 0 1788910076 277756 4580227
0 42 4851227 0 1788910076 486549 4718573
1 42 4784787 0 1788910076 486861 4718620
3 21 4893814 0 1788910076 486990 4683874
0 43 4980883 0 1788910076 692536 4848679
1 43 4964393 0 1788910076 692817 4892733
2 24 4982757 0 1788910076 693227 4775799
0 44 5181808 0 1788910076 940057 5018897
1 44 5144490 0 1788910076 940528 5053223
3 22 5194998 0 1788910076 945862 4941409
0 45 5411498 0 1788910077 208926 5287065
1 45 5408153 0 1788910077 209143 5348611
2 25 5412185 0 1788910077 209274 5142684
0 46 5522494 0 1788910077 397462 5384562
1 46 5513636 0 1788910077 397654 5427755
3 23 5585745 0 1788910077 397807 5396659
0 47 5758480 0 1788910077 699244 5555748
1 47 5743378 0 1788910077 711186 5646024
2 26 5817375 0 1788910077 711398 5502630
0 48 5975327 0 1788910077 963886 5824496
1 48 5877877 0 1788910077 964082 5810879
3 24 5980313 0 1788910077 964192 5714901
0 49 6149638 0 1788910078 242865 5956372
1 49 6134871 0 1788910078 243077 6024569
2 27 6155326 0 1788910078 243203 5875757
0 50 6313282 0 1788910078 497503 6144164
1 50 6283246 0 1788910078 497643 6210620
3 25 6326423 0 1788910078 498211 6066697
0 51 6453461 0 1788910078 720621 6311730
1 51 6435438 0 1788910078 722086 6381672
2 28 6501596 0 1788910078 722225 6276662
0 52 6548358 0 1788910078 848924 6478457
1 52 6547785 0 1788910078 849098 6514335
3 26 6549216 0 1788910078 849330 6420294
2 29 6509459 0 1788910078 853115 6505026
