4 1 478295 0 1788909561 469273 76386
5 1 481047 0 1788909561 482485 188501
6 1 480679 0 1788909561 482663 317769
4 2 719757 0 1788909561 744367 537892
5 2 715834 0 1788909561 744508 603352
7 1 741716 0 1788909561 744947 465847
4 3 1027268 0 1788909562 88585 808807
5 3 1023566 0 1788909562 88775 901468
6 2 1032747 0 1788909562 88973 687887
4 4 1319743 0 1788909562 397910 1101461
5 4 1314374 0 1788909562 398171 1182909
7 2 1331058 0 1788909562 398693 1020711
4 5 1621263 0 1788909562 717224 1418194
5 5 1602478 0 1788909562 717443 1469723
6 3 1628973 0 1788909562 721455 1305182
4 6 2184977 0 1788909563 326875 1718121
5 6 2171442 0 1788909563 333341 2049906
7 3 2193864 0 1788909563 333729 1577112
4 7 2836427 0 1788909564 40010 2233325
5 7 2816350 0 1788909564 40198 2495608
6 4 2851806 0 1788909564 40388 2137622
4 8 3391313 0 1788909564 643794 2919873
5 8 3333732 0 1788909564 651319 3093721
7 4 3400711 0 1788909564 651741 2788718
4 9 4422226 0 1788909565 750643 3825483
5 9 4418622 0 1788909565 751288 3934473
6 5 4425474 0 1788909565 751774 3316493
4 10 4877621 0 1788909566 245210 4637610
5 10 4853527 0 1788909566 245356 4711225
7 5 4889490 0 1788909566 245556 4382089
4 11 5334574 0 1788909566 772352 5032597
5 11 5313199 0 1788909566 772694 5131651
6 6 5346135 0 1788909566 772930 4818096
4 12 7689841 0 1788909569 212265 5670196
5 12 7595722 0 1788909569 212516 6506930
7 6 7697818 0 1788909569 212607 5256878
4 13 8381232 0 1788909570 17666 7944440
5 13 8344361 0 1788909570 18188 8091250
6 7 8394619 0 1788909570 18317 7552018
4 14 9207007 0 1788909570 887337 8643941
5 14 9204282 0 1788909570 887511 8948855
7 7 9211963 0 1788909570 887623 8341635
6 8 9363274 0 1788909571 52456 9197931
4 15 9442005 0 1788909571 133766 9360395
