0 1 450065 0 1788909561 447416 66785
1 1 445197 0 1788909561 459079 189527
2 1 444694 0 1788909561 459266 353515
0 2 685820 0 1788909561 720205 521979
1 2 658087 0 1788909561 720611 579533
3 1 689531 0 1788909561 720772 416007
0 3 983604 0 1788909562 103093 718236
1 3 970195 0 1788909562 109740 805966
2 2 1034117 0 1788909562 110080 643983
0 4 1357787 0 1788909562 515397 1145976
1 4 1349533 0 1788909562 515585 1255825
3 2 1362922 0 1788909562 515743 949915
0 5 2063652 0 1788909563 253048 1464725
1 5 2057442 0 1788909563 253202 1633481
2 3 2112779 0 1788909563 286618 1334183
0 6 2658952 0 1788909563 896592 2325228
1 6 2635343 0 1788909563 896854 2547040
3 3 2694772 0 1788909563 897047 2040951
0 7 4419721 0 1788909565 801336 3602625
1 7 4412810 0 1788909565 801576 3907734
2 4 4523223 0 1788909565 801719 2617879
0 8 4748808 0 1788909566 164141 4553758
1 8 4705143 0 1788909566 164294 4619029
3 4 4750536 0 1788909566 164406 4387229
0 9 5105974 0 1788909566 582681 4853620
1 9 5104459 0 1788909566 592714 4978244
2 5 5117431 0 1788909566 592856 4688544
0 10 7303227 0 1788909568 847064 5313154
1 10 7280871 0 1788909568 847220 6164781
3 5 7340211 0 1788909568 852736 5069861
0 11 8182044 0 1788909569 789163 7768281
1 11 8177690 0 1788909569 789595 7977100
2 6 8187031 0 1788909569 790122 7243321
0 12 8593636 0 1788909570 223702 8316071
1 12 8544658 0 1788909570 224172 8408411
3 6 8609553 0 1788909570 224532 8159415
0 13 9174751 0 1788909570 956118 8753981
1 13 9141955 0 1788909570 956648 8942693
2 7 9204548 0 1788909570 956928 8470226
3 7 9173416 0 1788909571 2782 9125723
