4 1 327483 0 1788909572 21056 77892
5 1 323931 0 1788909572 27964 150550
6 1 323617 0 1788909572 28196 223270
4 2 626799 0 1788909572 354003 416325
5 2 622958 0 1788909572 354227 527373
7 1 648593 0 1788909572 354419 314969
4 3 798002 0 1788909572 561913 709258
5 3 794237 0 1788909572 562042 764470
6 2 803769 0 1788909572 562590 594721
4 4 900851 0 1788909572 681613 812692
5 4 895377 0 1788909572 681768 837315
7 2 911639 0 1788909572 681869 791447
4 5 1237385 0 1788909573 35941 1002017
5 5 1231139 0 1788909573 48699 1116670
6 3 1266638 0 1788909573 61715 886233
4 6 1469611 0 1788909573 314103 1300413
5 6 1449808 0 1788909573 314302 1377243
7 3 1472391 0 1788909573 314851 1193045
4 7 1710358 0 1788909573 616537 1526482
5 7 1690242 0 1788909573 616685 1593410
6 4 1725714 0 1788909573 616891 1422643
4 8 1988663 0 1788909573 943740 1815159
5 8 1933636 0 1788909573 953817 1842467
7 4 2000603 0 1788909573 954227 1661271
4 9 2173332 0 1788909574 204344 2025326
5 9 2170668 0 1788909574 205929 2087604
6 5 2182320 0 1788909574 211214 1914633
4 10 2456678 0 1788909574 526862 2246611
5 10 2432564 0 1788909574 526988 2318662
7 5 2468422 0 1788909574 527083 2142017
5 11 2805357 0 1788909574 967446 2785531
4 11 3357442 0 1788909575 497816 2499659
6 6 3368574 0 1788909575 497964 2396877
7 6 3280678 0 1788909575 498062 3081315
4 12 3486615 0 1788909575 806005 3259803
5 12 3581150 0 1788909575 806168 3272583
6 7 3480100 0 1788909575 806393 3394078
4 13 3737246 0 1788909576 113668 3514262
5 13 3735658 0 1788909576 113913 3634640
7 7 3775163 0 1788909576 114192 3466812
4 14 4074942 0 1788909576 460766 3887685
5 14 4069183 0 1788909576 460960 3979410
6 8 4078143 0 1788909576 461068 3730428
4 15 4380676 0 1788909576 781140 4171084
5 15 4359628 0 1788909576 781347 4232615
7 8 4387112 0 1788909576 781467 4066071
4 16 4766560 0 1788909577 254889 4426456
5 16 4744594 0 1788909577 255083 4538715
6 9 4794095 0 1788909577 255470 4319356
4 17 5056229 0 1788909577 596524 4822995
5 17 5019211 0 1788909577 596677 4862541
7 9 5074504 0 1788909577 596779 4732280
4 18 5354675 0 1788909577 991228 5107038
5 18 5330582 0 1788909577 991436 5228840
6 10 5409788 0 1788909577 991595 5014507
4 19 5545258 0 1788909578 256878 5387692
5 19 5539880 0 1788909578 257098 5451424
7 10 5547750 0 1788909578 257282 5281396
4 20 5824233 0 1788909578 594914 5556327
5 20 5809286 0 1788909578 595670 5668036
6 11 5856587 0 1788909578 596097 5516532
4 21 6077550 0 1788909578 909544 5892743
5 21 6061346 0 1788909578 909785 5958485
7 11 6093067 0 1788909578 909925 5776435
4 22 6288253 0 1788909579 158137 6091178
5 22 6323706 0 1788909579 201981 6162807
6 12 6341451 0 1788909579 202408 6045298
4 23 6806487 0 1788909579 740705 6387407
5 23 6843410 0 1788909579 784566 6529936
7 12 6855162 0 1788909579 784817 6222689
4 24 8289521 0 1788909581 288740 7451134
5 24 8279034 0 1788909581 289230 7791189
6 13 8335695 0 1788909581 289737 6778076
4 25 8633086 0 1788909581 657184 8529113
7 13 8657301 0 1788909581 669129 8194053
5 25 8767504 0 1788909581 793243 8631315
