0 1 380876 0 1788909572 80820 97829
1 1 372195 0 1788909572 88670 187366
2 1 371694 0 1788909572 88858 259545
0 2 640022 0 1788909572 376999 432642
1 2 612023 0 1788909572 377140 500386
3 1 643543 0 1788909572 377376 346500
0 3 734447 0 1788909572 556528 655981
1 3 714625 0 1788909572 556761 685551
2 2 778505 0 1788909572 557060 598145
0 4 824001 0 1788909572 684202 734315
1 4 815689 0 1788909572 684333 754731
3 2 829678 0 1788909572 685091 700904
0 5 1122469 0 1788909573 14457 901564
1 5 1116317 0 1788909573 14669 998290
2 3 1147956 0 1788909573 24388 807561
0 6 1325504 0 1788909573 265736 1153936
1 6 1301853 0 1788909573 265955 1199925
3 3 1372863 0 1788909573 277730 1109251
0 7 1529294 0 1788909573 613500 1278959
1 7 1522423 0 1788909573 613782 1375911
2 4 1632817 0 1788909573 613904 1284349
0 8 1794036 0 1788909573 911961 1610413
1 8 1761131 0 1788909573 922874 1649452
3 4 1806704 0 1788909573 923166 1496781
0 9 1980218 0 1788909574 159516 1839624
1 9 1968875 0 1788909574 159722 1902366
2 5 1981829 0 1788909574 159846 1730315
0 10 2538383 0 1788909574 784812 2014383
1 10 2516097 0 1788909574 785038 2084849
3 5 2570092 0 1788909574 785208 1944141
0 11 3107491 0 1788909575 417203 2657946
1 11 3106380 0 1788909575 420878 2770215
2 6 3115631 0 1788909575 421314 2438913
0 12 3568409 0 1788909575 901067 3324407
1 12 3519206 0 1788909575 901312 3443320
3 6 3583911 0 1788909575 901482 3098644
0 13 3736527 0 1788909576 220486 3532713
1 13 3703389 0 1788909576 220674 3614703
2 7 3765797 0 1788909576 220769 3445874
0 14 3993572 0 1788909576 542249 3790617
1 14 4000504 0 1788909576 549840 3901259
3 7 4018089 0 1788909576 550047 3688279
0 15 4110870 0 1788909576 765105 3967408
1 15 4111290 0 1788909576 766425 4027349
2 8 4156351 0 1788909576 766675 3931616
0 16 4429700 0 1788909577 132332 4195336
1 16 4421580 0 1788909577 132697 4298031
3 8 4452613 0 1788909577 133034 4084458
0 17 4718585 0 1788909577 459804 4517667
1 17 4708050 0 1788909577 460062 4622221
2 9 4771549 0 1788909577 486571 4416722
0 18 4780868 0 1788909577 585789 4777441
1 18 5063399 0 1788909577 962434 4797242
2 10 5061984 0 1788909577 962587 4960280
3 9 5193908 0 1788909577 968941 4684457
0 19 5482690 0 1788909578 419278 5025591
1 19 5476125 0 1788909578 419433 5148596
2 11 5473133 0 1788909578 419549 5301646
0 20 5766908 0 1788909578 767832 5548121
1 20 5741301 0 1788909578 775818 5668167
3 10 5795217 0 1788909578 776063 5438146
0 21 5959952 0 1788909579 38119 5798814
1 21 5950730 0 1788909579 49904 5844960
2 12 6004686 0 1788909579 50717 5721495
0 22 6245424 0 1788909579 419357 5997347
1 22 6257938 0 1788909579 436494 6129393
3 11 6296317 0 1788909579 437064 5897111
0 23 7389166 0 1788909580 599067 6532136
1 23 7375215 0 1788909580 599290 6905682
2 13 7400937 0 1788909580 599466 6205697
0 24 8394104 0 1788909581 685131 7895481
1 24 8358193 0 1788909581 685298 8181472
3 12 8424947 0 1788909581 685409 7338175
2 14 8367601 0 1788909581 720403 8332181
