0 1 358267 0 1788909583 78745 80250
1 1 343663 0 1788909583 80672 138894
2 1 343374 0 1788909583 81074 208224
0 2 516826 0 1788909583 274338 396602
1 2 488931 0 1788909583 274583 423082
3 1 520428 0 1788909583 274797 323405
0 3 586944 0 1788909583 429561 486112
1 3 568081 0 1788909583 430752 512821
2 2 633326 0 1788909583 432416 474947
0 4 792256 0 1788909583 672992 639603
1 4 784003 0 1788909583 673182 702981
3 2 797447 0 1788909583 673394 552762
0 5 1073234 0 1788909583 985756 860070
1 5 1067219 0 1788909583 986106 949899
2 3 1105342 0 1788909584 2309 775779
0 6 1342509 0 1788909584 303277 1175210
1 6 1328221 0 1788909584 312859 1228798
3 3 1387809 0 1788909584 313210 1046996
0 7 1474585 0 1788909584 579326 1308027
1 7 1467616 0 1788909584 579509 1378457
2 4 1577989 0 1788909584 579611 1298319
0 8 1668564 0 1788909584 807023 1555982
1 8 1625175 0 1788909584 807453 1569319
2 5 1609224 0 1788909584 807776 1605113
3 4 1670944 0 1788909584 807942 1442076
0 9 1860279 0 1788909585 60112 1673297
1 9 1848845 0 1788909585 60227 1731905
2 6 1825381 0 1788909585 61033 1755379
0 10 1993259 0 1788909585 282735 1846304
1 10 1956765 0 1788909585 282984 1891065
3 5 2016235 0 1788909585 283199 1792921
0 11 2157462 0 1788909585 492495 2053169
1 11 2154575 0 1788909585 492681 2107537
2 7 2162851 0 1788909585 493097 1952040
0 12 2259537 0 1788909585 662179 2136788
1 12 2186930 0 1788909585 662437 2119698
3 6 2309371 0 1788909585 662564 2138990
0 13 2347284 0 1788909585 885104 2193935
1 13 2332821 0 1788909585 885314 2260149
2 8 2381041 0 1788909585 885535 2157432
0 14 2573277 0 1788909586 143149 2430749
1 14 2512750 0 1788909586 143609 2442401
3 7 2574522 0 1788909586 143734 2315607
0 15 2740831 0 1788909586 416501 2562457
1 15 2716151 0 1788909586 417107 2620822
2 9 2742885 0 1788909586 417655 2468185
0 16 2919915 0 1788909586 651567 2775028
1 16 2917161 0 1788909586 652719 2841213
3 8 2929680 0 1788909586 652846 2669361
0 17 3119535 0 1788909586 892082 2955319
1 17 3096732 0 1788909586 892300 3037228
2 10 3130755 0 1788909586 892509 2889557
0 18 3311269 0 1788909587 230838 3128444
1 18 3311142 0 1788909587 232281 3241161
3 9 3407037 0 1788909587 232492 3066333
0 19 3635872 0 1788909587 599715 3374244
1 19 3639387 0 1788909587 606338 3491791
2 11 3651609 0 1788909587 608732 3265772
0 20 3906832 0 1788909587 928291 3726328
1 20 3873418 0 1788909587 928470 3774785
3 10 3927625 0 1788909587 929006 3597469
0 21 4034812 0 1788909588 133514 3930349
1 21 4013968 0 1788909588 133678 3958680
2 12 4067775 0 1788909588 134341 3861155
0 22 4192818 0 1788909588 387286 4016106
1 22 4200364 0 1788909588 399454 4101237
3 11 4248917 0 1788909588 410199 3971783
0 23 4441626 0 1788909588 672062 4262394
1 23 4427726 0 1788909588 672336 4326856
2 13 4453542 0 1788909588 672605 4168011
0 24 4607890 0 1788909588 919453 4525949
1 24 4572097 0 1788909588 919736 4528454
3 12 4642381 0 1788909588 923378 4390854
0 25 4713711 0 1788909589 89168 4603143
1 25 4698996 0 1788909589 89429 4641948
2 14 4716215 0 1788909589 89551 4545900
0 26 4922349 0 1788909589 331161 4746562
1 26 4882788 0 1788909589 332001 4790299
3 13 4927400 0 1788909589 332128 4684151
0 27 5101335 0 1788909589 592566 4912357
1 27 5073662 0 1788909589 592793 4974539
2 15 5117999 0 1788909589 593125 4855775
0 28 5236343 0 1788909589 779840 5126829
1 28 5236683 0 1788909589 780530 5176314
3 14 5241481 0 1788909589 780821 5046501
0 29 5457554 0 1788909590 11286 5276472
1 29 5389210 0 1788909590 22530 5248539
2 16 5475457 0 1788909590 24365 5230702
0 30 5652979 0 1788909590 325605 5444192
1 30 5649965 0 1788909590 325796 5582299
3 15 5670664 0 1788909590 327010 5348647
0 31 5808246 0 1788909590 519571 5704494
1 31 5802069 0 1788909590 519892 5752315
2 17 5818359 0 1788909590 520034 5623720
0 32 5908780 0 1788909590 729897 5775794
1 32 5907843 0 1788909590 730308 5840829
3 16 5974481 0 1788909590 735514 5758277
0 33 6059378 0 1788909590 919698 5928929
1 33 6054011 0 1788909590 919848 5990689
2 18 6093418 0 1788909590 924012 5899025
0 34 6191826 0 1788909591 124398 6071283
1 34 6184283 0 1788909591 124779 6122587
3 17 6218004 0 1788909591 127413 6010037
0 35 6589953 0 1788909591 615848 6230005
1 35 6617906 0 1788909591 649628 6381014
2 19 6686150 0 1788909591 649970 6153678
0 36 7353713 0 1788909592 411490 7033473
1 36 7325503 0 1788909592 411704 7168099
3 18 7371544 0 1788909592 411838 6574811
0 37 7511646 0 1788909592 648635 7412511
2 20 7535697 0 1788909592 648923 7297901
1 37 7505511 0 1788909592 665078 7486053
