4 1 274938 0 1788909582 989059 51151
5 1 276158 0 1788909583 739 120531
6 1 275802 0 1788909583 930 206796
4 2 489178 0 1788909583 236930 357454
5 2 485269 0 1788909583 237085 430627
7 1 510905 0 1788909583 237279 262529
4 3 617316 0 1788909583 401776 506408
5 3 613660 0 1788909583 402012 558717
6 2 622816 0 1788909583 402185 457303
4 4 813072 0 1788909583 614383 660024
5 4 807634 0 1788909583 614573 749363
7 2 823961 0 1788909583 614739 610739
4 5 1037655 0 1788909583 856759 884871
5 5 1018977 0 1788909583 857086 915454
6 3 1042450 0 1788909583 858076 798533
4 6 1245307 0 1788909584 110348 1065045
5 6 1227849 0 1788909584 112891 1141316
7 3 1252464 0 1788909584 115473 988788
4 7 1473206 0 1788909584 399933 1292728
5 7 1453985 0 1788909584 400977 1369937
6 4 1489373 0 1788909584 401097 1194934
4 8 1675068 0 1788909584 650693 1481901
5 8 1614418 0 1788909584 655148 1509585
7 4 1681325 0 1788909584 655498 1425484
4 9 1824577 0 1788909584 876138 1695629
5 9 1821188 0 1788909584 876997 1751901
6 5 1827969 0 1788909584 877411 1600260
4 10 1992577 0 1788909585 83308 1858958
5 10 1968472 0 1788909585 83444 1894663
7 5 2010798 0 1788909585 90007 1796689
4 11 2148391 0 1788909585 309313 2007292
5 11 2126904 0 1788909585 309541 2054727
6 6 2160449 0 1788909585 310387 1933160
4 12 2265362 0 1788909585 510928 2147996
5 12 2171174 0 1788909585 511111 2117622
7 6 2279774 0 1788909585 517706 2070956
4 13 2364079 0 1788909585 723657 2229149
5 13 2326830 0 1788909585 723801 2259051
6 7 2377120 0 1788909585 723960 2163811
4 14 2610805 0 1788909586 14278 2420282
5 14 2623313 0 1788909586 29684 2519770
7 7 2631128 0 1788909586 29932 2324595
4 15 2870563 0 1788909586 285467 2703707
5 15 2869962 0 1788909586 290974 2800386
6 8 2878793 0 1788909586 291117 2601772
4 16 3052880 0 1788909586 534803 2882404
5 16 3026157 0 1788909586 535033 2942826
7 8 3092938 0 1788909586 535204 2842982
4 17 3225910 0 1788909586 768733 3062885
5 17 3219844 0 1788909586 780688 3120530
6 9 3249874 0 1788909586 780911 3003516
4 18 3465399 0 1788909587 67755 3280418
5 18 3422645 0 1788909587 79746 3322226
7 9 3481907 0 1788909587 79921 3170511
4 19 3816179 0 1788909587 546259 3508343
5 19 3814221 0 1788909587 546388 3713055
6 10 3865073 0 1788909587 546475 3385902
4 20 4203738 0 1788909587 963797 3964800
5 20 4172972 0 1788909587 964202 4079446
7 10 4226994 0 1788909587 964759 3803840
4 21 4349982 0 1788909588 187387 4196263
5 21 4338355 0 1788909588 190898 4247041
6 11 4386368 0 1788909588 193300 4155959
4 22 4588851 0 1788909588 470357 4396911
5 22 4580406 0 1788909588 470838 4486656
7 11 4611416 0 1788909588 480403 4317631
4 23 4753406 0 1788909588 703609 4601635
5 23 4749081 0 1788909588 703847 4664066
6 12 4805250 0 1788909588 704074 4571207
4 24 4961553 0 1788909588 936144 4862927
5 24 4916515 0 1788909588 936283 4858387
7 12 4974688 0 1788909588 936392 4741512
4 25 5115391 0 1788909589 147767 4989022
5 25 5106725 0 1788909589 151370 5031584
6 13 5122015 0 1788909589 152760 4905167
4 26 5269610 0 1788909589 348509 5155376
5 26 5241073 0 1788909589 348664 5191333
7 13 5318408 0 1788909589 364695 5101212
4 27 5420304 0 1788909589 577437 5285316
5 27 5398799 0 1788909589 577610 5338088
6 14 5469198 0 1788909589 577733 5239543
4 28 5550456 0 1788909589 739182 5440135
5 28 5534963 0 1788909589 739605 5481759
7 14 5558525 0 1788909589 739724 5396008
4 29 5663180 0 1788909589 936223 5529681
5 29 5652912 0 1788909589 936530 5571936
6 15 5668411 0 1788909589 936760 5470568
4 30 5886400 0 1788909590 177647 5744071
5 30 5862870 0 1788909590 177825 5790880
7 15 5887380 0 1788909590 177927 5645369
4 31 6016273 0 1788909590 359208 5893914
5 31 6010579 0 1788909590 359400 5946392
6 16 6027666 0 1788909590 361458 5843633
4 32 6143094 0 1788909590 521800 6042183
5 32 6126059 0 1788909590 522108 6072924
7 16 6173583 0 1788909590 522474 6010060
4 33 6269711 0 1788909590 687892 6163603
5 33 6259046 0 1788909590 688082 6207681
6 17 6270145 0 1788909590 688284 6103442
4 34 6424347 0 1788909590 869374 6304102
5 34 6413937 0 1788909590 869620 6358267
7 17 6434905 0 1788909590 869721 6252819
4 35 6518894 0 1788909591 46248 6404396
5 35 6518959 0 1788909591 46460 6466072
6 18 6529997 0 1788909591 46593 6352519
4 36 6694139 0 1788909591 257183 6534154
5 36 6671507 0 1788909591 257320 6563148
7 18 6713644 0 1788909591 257505 6502067
4 37 7286716 0 1788909591 883365 6799155
5 37 7275747 0 1788909591 883568 7081502
6 19 7292958 0 1788909591 883683 6666339
4 38 7805725 0 1788909592 444628 7514020
5 38 7799362 0 1788909592 444765 7644279
7 19 7830333 0 1788909592 444860 7268631
4 39 8030704 0 1788909592 685162 7937906
6 20 8041309 0 1788909592 687915 7797729
5 39 8026351 0 1788909592 701789 8009481
