0 1 296839 0 1788909593 363772 68850
1 1 291443 0 1788909593 374907 123784
2 1 291459 0 1788909593 375613 199443
0 2 437249 0 1788909593 541216 318089
1 2 409369 0 1788909593 541475 339112
3 1 440830 0 1788909593 541654 262701
0 3 580789 0 1788909593 769860 413371
1 3 560882 0 1788909593 770008 471823
2 2 624565 0 1788909593 770110 386693
0 4 752699 0 1788909593 979890 618535
1 4 744516 0 1788909593 980150 675351
3 2 765614 0 1788909593 988016 547213
0 5 959357 0 1788909594 218334 789450
1 5 953173 0 1788909594 218515 852377
2 3 983889 0 1788909594 227311 736192
0 6 1221955 0 1788909594 529177 987140
1 6 1229535 0 1788909594 560627 1075435
3 3 1288935 0 1788909594 560791 944961
0 7 1179978 0 1788909594 631175 1176735
1 7 1482609 0 1788909594 940957 1289372
2 4 1593542 0 1788909594 941619 1180768
3 4 1458327 0 1788909594 941779 1369223
0 8 1663284 0 1788909595 148198 1455632
1 8 1619582 0 1788909595 148315 1471375
2 5 1603472 0 1788909595 148479 1549283
0 9 1788137 0 1788909595 345974 1663801
1 9 1770598 0 1788909595 352704 1686534
3 5 1818171 0 1788909595 364460 1601757
0 10 1898539 0 1788909595 534471 1778657
1 10 1862343 0 1788909595 535016 1797853
2 6 1926468 0 1788909595 539888 1732350
0 11 2081591 0 1788909595 763078 1925635
1 11 2078752 0 1788909595 763314 1989876
3 6 2086819 0 1788909595 763520 1857627
0 12 2225000 0 1788909595 974097 2087003
1 12 2152363 0 1788909595 974325 2091508
2 7 2279605 0 1788909595 979252 2063168
0 13 2240547 0 1788909596 124821 2137738
1 13 2226063 0 1788909596 125011 2167458
3 7 2277826 0 1788909596 128776 2122918
0 14 2356288 0 1788909596 272615 2267907
1 14 2296008 0 1788909596 273322 2250494
2 8 2357865 0 1788909596 273533 2208892
0 15 2388348 0 1788909596 410472 2297739
1 15 2363323 0 1788909596 410734 2312166
3 8 2389725 0 1788909596 410951 2250487
0 16 2543522 0 1788909596 621629 2380123
1 16 2541510 0 1788909596 623522 2428735
2 9 2554153 0 1788909596 623774 2340566
0 17 2811654 0 1788909596 930656 2593008
1 17 2789002 0 1788909596 931025 2676495
3 9 2822959 0 1788909596 931168 2512947
0 18 2895962 0 1788909597 161987 2741453
1 18 2894563 0 1788909597 162156 2815823
2 10 2990422 0 1788909597 162332 2755872
0 19 3091220 0 1788909597 401518 2911403
1 19 3096392 0 1788909597 409798 2982394
3 10 3106407 0 1788909597 409985 2857836
0 20 3246863 0 1788909597 614776 3117369
1 20 3213408 0 1788909597 614915 3160536
2 11 3267169 0 1788909597 615004 3053449
0 21 3454114 0 1788909597 899272 3297833
1 21 3433541 0 1788909597 899706 3361914
3 11 3486966 0 1788909597 899988 3201514
0 22 3559608 0 1788909598 100531 3438551
1 22 3559930 0 1788909598 105475 3491189
2 12 3597915 0 1788909598 105651 3390584
0 23 3737349 0 1788909598 314240 3595635
1 23 3723335 0 1788909598 314400 3645615
3 12 3748997 0 1788909598 314515 3534684
0 24 3919280 0 1788909598 577298 3742371
1 24 3885545 0 1788909598 579640 3806157
2 13 3952346 0 1788909598 579798 3686598
0 25 4066108 0 1788909598 788019 3952668
1 25 4051332 0 1788909598 788220 4002296
3 13 4068733 0 1788909598 788525 3855099
0 26 4249876 0 1788909599 5142 4087733
1 26 4239909 0 1788909599 35578 4106549
2 14 4285024 0 1788909599 36206 4036541
0 27 4677332 0 1788909599 515017 4474887
1 27 4649668 0 1788909599 515253 4594011
3 14 4693889 0 1788909599 515470 4182354
0 28 4843784 0 1788909599 733736 4704306
1 28 4843662 0 1788909599 733964 4773789
2 15 4848722 0 1788909599 734517 4628621
0 29 5049066 0 1788909599 949254 4910613
1 29 4971502 0 1788909599 951277 4900591
3 15 5057352 0 1788909599 952714 4838107
0 30 5203434 0 1788909600 222514 5014328
1 30 5200441 0 1788909600 222727 5097376
2 16 5227663 0 1788909600 230464 4940544
0 31 5461179 0 1788909600 518960 5224916
1 31 5454914 0 1788909600 519192 5327681
3 16 5471232 0 1788909600 519361 5173946
0 32 5532998 0 1788909600 700569 5417176
1 32 5531790 0 1788909600 700711 5474086
2 17 5593331 0 1788909600 700819 5411206
0 33 5703924 0 1788909600 910699 5556493
1 33 5698559 0 1788909600 910850 5628381
3 17 5733915 0 1788909600 910964 5523242
0 34 5984551 0 1788909601 263579 5766444
1 34 5976839 0 1788909601 263791 5866486
2 18 6020534 0 1788909601 276398 5654592
0 35 6127955 0 1788909601 500304 6001711
1 35 6122471 0 1788909601 500648 6069722
3 18 6190550 0 1788909601 500825 5953109
0 36 6226263 0 1788909601 630495 6135030
1 36 6198102 0 1788909601 630757 6158049
2 19 6244201 0 1788909601 630950 6113323
0 37 6296779 0 1788909601 780222 6193167
1 37 6275420 0 1788909601 781441 6209806
3 19 6322675 0 1788909601 782355 6170572
0 38 6383311 0 1788909601 900306 6303437
1 38 6380972 0 1788909601 903895 6337357
2 20 6396039 0 1788909601 905325 6270134
0 39 6473063 0 1788909602 25800 6390385
1 39 6459840 0 1788909602 28751 6416691
3 20 6480429 0 1788909602 30074 6349864
0 40 6572749 0 1788909602 228171 6414645
1 40 6555310 0 1788909602 228409 6456518
2 21 6593010 0 1788909602 228667 6389881
0 41 6654097 0 1788909602 375146 6563014
1 41 6649715 0 1788909602 375338 6608264
3 21 6654820 0 1788909602 375517 6507210
0 42 6733688 0 1788909602 514713 6639127
1 42 6691737 0 1788909602 514908 6642235
2 22 6754813 0 1788909602 515027 6614718
0 43 6806030 0 1788909602 704350 6670367
1 43 6805908 0 1788909602 705410 6756852
3 22 6816431 0 1788909602 706354 6624503
0 44 6873129 0 1788909602 811841 6804668
1 44 6865948 0 1788909602 812046 6830682
2 23 6895967 0 1788909602 812239 6787592
0 45 6927851 0 1788909602 912789 6860229
1 45 6928462 0 1788909602 913739 6893162
3 23 6930245 0 1788909602 914131 6827697
0 46 7006791 0 1788909603 6701 6944072
1 46 6944123 0 1788909603 6941 6913424
2 24 7018271 0 1788909603 7111 6923150
3 24 6939267 0 1788909603 11133 6934579
