4 1 292939 0 1788909593 353860 87440
5 1 283370 0 1788909593 354751 139200
6 1 283399 0 1788909593 355326 199971
4 2 434009 0 1788909593 528561 322146
5 2 430138 0 1788909593 528754 370347
7 1 455704 0 1788909593 528878 280470
4 3 473786 0 1788909593 605045 465777
5 3 732384 0 1788909593 867536 524129
6 2 741601 0 1788909593 867770 402041
7 2 730310 0 1788909593 867887 623416
4 4 935778 0 1788909594 83889 719180
5 4 930570 0 1788909594 84310 768166
6 3 922135 0 1788909594 84560 822769
4 5 1158694 0 1788909594 343602 994373
5 5 1139896 0 1788909594 349704 1034370
7 3 1183951 0 1788909594 349854 917679
4 6 1448197 0 1788909594 680039 1214460
5 6 1422911 0 1788909594 681436 1294254
6 4 1475244 0 1788909594 687084 1131595
4 7 1594173 0 1788909594 887964 1462582
5 7 1567151 0 1788909594 888123 1513894
7 4 1614731 0 1788909594 888257 1405885
4 8 1696427 0 1788909595 83956 1567632
5 8 1688381 0 1788909595 84623 1622348
6 5 1762342 0 1788909595 84766 1565228
4 9 1889003 0 1788909595 291613 1766754
5 9 1866006 0 1788909595 292015 1802563
7 5 1909206 0 1788909595 307566 1685354
4 10 2029532 0 1788909595 491304 1929573
5 10 1994729 0 1788909595 491467 1936660
6 6 2054195 0 1788909595 491726 1853838
4 11 2194094 0 1788909595 723532 2034837
5 11 2139009 0 1788909595 723742 2042655
7 6 2216579 0 1788909595 724300 1983009
4 12 2241413 0 1788909595 928150 2114395
5 12 2235750 0 1788909595 929391 2173079
6 7 2337908 0 1788909595 930274 2130881
4 13 2329899 0 1788909596 73669 2239174
5 13 2328249 0 1788909596 73853 2288026
7 7 2367643 0 1788909596 74020 2220678
4 14 2478245 0 1788909596 231417 2385693
5 14 2472515 0 1788909596 231639 2427626
6 8 2481528 0 1788909596 231801 2323256
4 15 2603233 0 1788909596 371045 2513025
5 15 2582174 0 1788909596 371240 2537017
7 8 2616212 0 1788909596 377915 2469497
4 16 2679839 0 1788909596 535516 2579117
5 16 2657881 0 1788909596 535718 2595904
6 9 2707166 0 1788909596 535890 2542055
4 17 2893654 0 1788909596 801297 2701016
5 17 2859257 0 1788909596 804071 2758840
7 9 2924580 0 1788909596 814204 2645482
4 18 3099235 0 1788909597 103136 2921575
5 18 3075122 0 1788909597 103325 2980221
6 10 3154903 0 1788909597 104058 2850612
4 19 3294253 0 1788909597 373220 3116494
5 19 3297199 0 1788909597 381764 3189812
7 10 3305121 0 1788909597 382001 3026050
4 20 3469107 0 1788909597 607137 3337344
5 20 3454317 0 1788909597 608050 3393430
6 11 3501406 0 1788909597 608264 3266146
5 21 3587794 0 1788909597 803582 3577547
4 21 3735137 0 1788909597 934479 3528143
6 12 3706401 0 1788909597 934706 3638679
7 11 3750623 0 1788909597 934828 3422736
4 22 3898132 0 1788909598 143755 3759565
5 22 3910407 0 1788909598 147639 3696998
6 13 3857611 0 1788909598 154615 3780902
4 23 4064418 0 1788909598 372923 3921814
5 23 4051714 0 1788909598 373105 3977332
7 12 4071890 0 1788909598 373456 3841538
4 24 4226247 0 1788909598 603792 4062983
5 24 4225225 0 1788909598 604401 4151993
6 14 4238704 0 1788909598 605271 4006134
4 25 4411595 0 1788909598 804682 4279744
5 25 4379169 0 1788909598 804867 4312264
7 13 4413963 0 1788909598 805408 4201931
5 26 4446101 0 1788909598 950033 4442090
4 26 4802892 0 1788909599 258227 4431199
6 15 4804234 0 1788909599 258625 4349991
7 14 4733196 0 1788909599 258807 4597002
4 27 5046558 0 1788909599 582084 4904891
5 27 5054315 0 1788909599 582314 4728881
6 16 5030978 0 1788909599 582420 4951717
4 28 5196400 0 1788909599 816243 5051504
5 28 5186565 0 1788909599 816983 5116573
7 15 5201937 0 1788909599 817085 4966697
4 29 5357722 0 1788909599 995769 5240523
5 29 5334238 0 1788909599 995994 5269021
6 17 5359084 0 1788909599 996432 5177626
5 30 5492489 0 1788909600 188109 5488807
4 30 5640124 0 1788909600 329859 5370821
6 18 5634317 0 1788909600 330007 5573971
7 16 5649509 0 1788909600 330101 5314940
6 19 5818763 0 1788909600 583702 5813485
4 31 5992766 0 1788909600 735616 5780488
5 31 6010714 0 1788909600 736221 5604063
7 17 5971888 0 1788909600 736869 5898697
4 32 6165323 0 1788909600 946939 6026426
5 32 6155425 0 1788909600 947252 6080538
6 20 6171547 0 1788909600 947382 5958878
4 33 6329236 0 1788909601 192632 6161668
5 33 6327453 0 1788909601 201607 6232857
7 18 6406136 0 1788909601 208619 6144135
4 34 6549348 0 1788909601 440009 6422059
5 34 6530439 0 1788909601 440283 6479944
6 21 6570521 0 1788909601 444822 6318134
4 35 6621067 0 1788909601 558591 6545487
5 35 6615378 0 1788909601 558827 6571699
7 19 6626394 0 1788909601 559008 6506914
4 36 6734392 0 1788909601 695719 6659035
5 36 6710220 0 1788909601 695923 6676316
6 22 6741478 0 1788909601 696099 6603656
4 37 6839311 0 1788909601 832718 6745944
5 37 6831867 0 1788909601 833124 6790992
7 20 6841981 0 1788909601 834184 6703233
4 38 6886157 0 1788909601 943270 6812354
5 38 6881458 0 1788909601 943621 6844439
6 23 6921552 0 1788909601 943790 6809523
4 39 7008963 0 1788909602 87497 6916117
5 39 6994196 0 1788909602 87625 6946038
7 21 7015912 0 1788909602 87782 6871006
4 40 7140228 0 1788909602 275138 7013574
5 40 7111097 0 1788909602 275514 7051793
6 24 7150169 0 1788909602 275691 6961743
4 41 7229884 0 1788909602 428611 7137863
5 41 7232155 0 1788909602 432936 7177347
7 22 7265823 0 1788909602 434237 7106514
4 42 7360034 0 1788909602 583550 7265331
5 42 7355509 0 1788909602 583748 7302355
6 25 7377124 0 1788909602 583858 7221408
4 43 7446251 0 1788909602 747826 7342569
5 43 7437202 0 1788909602 747952 7397204
7 23 7497375 0 1788909602 748146 7332566
4 44 7522821 0 1788909602 857475 7447103
5 44 7473371 0 1788909602 857730 7435621
6 26 7536820 0 1788909602 857851 7426586
4 45 7460662 0 1788909602 953970 7398758
5 45 7446267 0 1788909602 954209 7416305
7 24 7527878 0 1788909602 954340 7430779
4 46 7429282 0 1788909603 17704 7398209
6 27 7483748 0 1788909603 18038 7419421
5 46 7425206 0 1788909603 21274 7421369
